1583	2355
1583	1971
1583	1743
1583	1734
1583	1714
1583	1692
1583	1665
1583	1649
1583	1622
1583	1629
1583	1655
1583	1646
1583	1610
1583	1608
1583	1592
1583	1593
1583	1593
1583	1594
1583	1622
1583	1588
1583	1594
1583	1612
1583	1594
1583	1584
1583	1584
1583	1583
1583	1583
1583	1583
1583	1583
1583	1583
1583	1583
1583	1583
1583	1583
1583	1583
1583	1583
1583	1583
1583	1583
1583	1583
1583	1583
1583	1583
1583	1583
1583	1583
1583	1583
1583	1583
1583	1583
1583	1583
1583	1583
1583	1583
1583	1583
1583	1583
1583	1583
