14 12 2 42 52 66 2676
2 6 23 45 30 70 3626
7 7 52 60 48 41 3458
4 2 7 40 35 43 3429
5 8 49 78 82 86 4292
2 4 39 68 47 63 3627
12 5 30 74 71 57 2345
1 1 51 30 64 37 3173
8 12 55 50 88 83 4291
7 15 23 75 30 64 2623
7 9 9 43 89 66 4300
2 4 11 38 40 32 3625
15 5 16 61 48 43 2781
1 13 9 81 42 39 3656
4 9 31 73 35 49 3717
5 5 55 32 43 78 2611
7 7 12 59 50 30 3348
8 9 53 76 62 59 3240
3 9 11 42 61 41 2383
4 6 23 47 69 53 4071
7 1 39 46 77 74 355
13 15 14 65 61 59 2025
10 12 31 76 50 56 2486
14 4 22 78 90 54 4297
14 13 34 83 90 78 4295
12 6 60 59 76 70 303
13 7 11 50 85 35 4299
10 2 16 56 74 48 4127
5 5 12 55 82 66 4299
11 13 21 62 83 60 4297

13 8 57 56.0 41 61.0 2048
7 6 38 48 60.0 63.0 3261
10 5 60 56.0 62.0 52.0 3455
8 1 36 55.0 51.0 56.0 2688
8 7 51 68.0 79.0 81.0 2574
7 5 49 66.0 88 63.0 4292
6 5 42 69.0 73.0 63.0 4129
13 4 52 50.0 73.0 50.0 2688
11 8 51 54.0 78.0 76.0 1648
8 10 38 69.0 60.0 70.0 3037
4 7 40 51.0 68 61 3896
8 5 41 45.0 65.0 47.0 2512
12 4 38 66 69.0 49.0 3848
5 9 31 67.0 62.0 47.0 4183
7 7 39 68.0 35 56.0 2569
9 6 51 48.0 55.0 70.0 2583
10 7 42 71 63.0 46.0 2311
9 7 50 64.0 76.0 61 482
8 7 32 44.0 76.0 37 658
8 5 35 86 72.0 58.0 2437
10 4 55 46.0 74 75.0 4068
13 11 31 67.0 64.0 71.0 2066
11 9 51 70.0 70.0 63.0 2037
13 5 44 68.0 86.0 62.0 4293
11 9 47 68.0 83.0 74.0 4292
12 6 60 59 76 70 303
13 13 38 54.0 84.0 56.0 4294
11 3 44 57.0 61 66.0 4107
7 5 33 88 86.0 75.0 4295
15 8 34 66.0 87.0 72.0 4295

13 6 52 63.0 62.0 58.0 3349
10 6 42 47.0 75.0 73.0 2458
10 5 57 79 72.0 64.0 2545
8 4 51 57.0 67.0 56.0 2701
9 7 40 63.0 81.0 75.0 4294
10 6 57 62.0 85.0 40 4290
7 10 45 66.0 82.0 63.0 4293
13 10 59 51.0 82.0 60.0 4290
10 6 49 59.0 77.0 73.0 284
10 4 46 61.0 68.0 84 4188
8 5 44 60.0 72.0 62.0 2405
11 4 47 46.0 78.0 55.0 2079
12 5 43 68.0 64.0 56.0 2420
7 8 39 65.0 69.0 65.0 2135
14 7 55 63.0 35 56.0 3537
11 5 55 68 61.0 73.0 3307
11 7 48 67.0 69.0 54.0 2361
9 6 57 61.0 76 75 290
10 5 46 51.0 76.0 46.0 460
10 5 50 69.0 66.0 67.0 4113
11 4 55 58.0 82.0 65.0 4291
11 7 48 68.0 77.0 63.0 290
10 6 52 64.0 65.0 59.0 2397
11 5 46 57.0 77.0 73.0 503
12 6 54 69.0 71.0 75.0 2533
12 6 60 59 76 70 303
11 9 52 62.0 83.0 63.0 4291
12 5 49 52.0 64.0 61.0 2343
8 5 49 76.0 81.0 69.0 4292
14 7 53 68.0 89.0 74.0 4291

12 5 50 63.0 73.0 58.0 4082
9 6 50 58.0 83.0 65.0 4292
9 5 55 71.0 74.0 61.0 3940
8 5 27 58.0 87 71.0 4296
8 6 46 63.0 75.0 66.0 2541
9 5 50 54.0 77.0 56.0 501
8 7 51 62.0 79.0 64.0 2516
12 8 54 52.0 71.0 66.0 2328
10 6 49 59.0 77.0 73.0 284
10 4 47 62.0 80.0 85.0 4111
8 4 44 59.0 70.0 74.0 3901
9 4 50 46.0 81.0 33 4292
10 5 48 63.0 62.0 57.0 3435
7 6 41 59.0 65.0 61.0 2514
11 6 47 63.0 63.0 71.0 2371
9 5 52 60.0 76.0 65.0 283
10 5 46 63.0 73.0 56.0 4081
9 5 48 65.0 68.0 81.0 4132
1 5 47 60.0 35 55.0 3618
10 5 54 69.0 63.0 62.0 2383
11 5 54 61.0 75.0 72.0 3348
9 11 10 63.0 84.0 60.0 4308
10 6 48 67.0 74.0 58.0 2547
9 5 42 55.0 80.0 65.0 4090
10 6 46 69.0 74.0 70.0 4027
11 12 54 76 80.0 75.0 2232
10 7 52 66.0 80.0 71.0 3689
12 5 49 39 78.0 36 1743
10 6 49 70.0 86.0 63.0 4292
13 6 10 69.0 71 66.0 2859

9 4 56 64.0 74.0 58.0 3702
9 6 56 56.0 71.0 58.0 2588
8 4 56 71.0 82.0 63.0 4290
7 4 39 56.0 63 61.0 3908
8 11 54 67.0 75.0 65.0 2099
8 8 48 57.0 80.0 54.0 3829
7 5 48 67.0 77.0 67.0 522
10 7 58 56.0 73.0 77 4078
9 5 45 62.0 72.0 65.0 3902
9 4 44 64.0 85.0 81.0 4293
9 4 48 53.0 65.0 72.0 4146
15 4 45 48 82.0 52.0 4293
9 5 52 64.0 72.0 61.0 2440
7 6 43 62.0 78.0 66.0 1831
3 6 49 61.0 69.0 68.0 2421
9 5 52 60.0 76.0 65.0 283
9 13 54 61.0 74.0 60.0 2053
9 5 55 62.0 53 65 2737
5 5 49 60.0 63.0 60 4212
8 4 53 64.0 61.0 70.0 3759
10 5 58 57.0 71.0 75.0 2375
8 8 36 58.0 46 65.0 3415
8 5 52 60.0 75.0 81 3952
8 4 41 57.0 70.0 56 4221
9 5 51 70.0 75.0 70.0 2573
10 8 27 74.0 70.0 70.0 2214
9 5 49 57.0 85.0 68.0 4292
11 4 45 49.0 62 57.0 4234
10 5 50 71.0 81.0 67.0 4292
11 5 36 67.0 77.0 65.0 502

9 4 54 56.0 82.0 55.0 4291
3 2 51 90 69.0 58.0 2781
9 4 51 71.0 86.0 78 4291
8 5 45 64.0 65.0 59.0 2362
8 8 53 63.0 72 68.0 3652
9 6 55 55.0 85.0 41 4291
8 14 52 63.0 72.0 72.0 3702
7 6 55 55.0 82.0 74.0 4291
9 5 25 55.0 85 82 4297
9 4 42 62.0 80.0 79.0 4139
8 5 50 50.0 78.0 67 3664
12 5 53 51.0 82.0 55.0 4291
8 5 46 65.0 74.0 63.0 4058
7 5 46 55.0 84.0 72.0 4292
6 5 45 57.0 64.0 60.0 2551
9 5 52 60.0 76.0 65.0 283
6 8 53 66.0 75.0 56.0 2468
9 5 56 67.0 56.0 65.0 2550
7 5 55 66.0 77.0 65.0 277
9 4 47 62.0 76.0 67.0 540
9 4 33 58.0 43 73.0 2233
8 6 49 53.0 53.0 37 2713
8 4 54 57.0 67.0 76.0 2474
8 5 46 52.0 80.0 54.0 2590
9 11 56 65.0 75.0 61.0 3703
1 6 44 61.0 80.0 70.0 2869
9 5 47 55.0 80.0 73.0 4128
10 4 51 57.0 65.0 40 4192
8 5 51 65.0 86.0 72.0 4291
9 4 49 57.0 53 64 2528

8 5 54 61.0 79.0 53.0 3804
4 3 53 81.0 69.0 68.0 2185
8 5 55 68.0 55 74.0 2902
7 4 50 68.0 71.0 65.0 4198
6 6 48 61.0 78.0 73.0 4086
7 5 49 67.0 73.0 46.0 4122
8 10 50 61.0 70.0 70 1950
6 5 55 53.0 83.0 64 4291
8 5 45 57.0 84.0 76.0 4293
7 4 45 64.0 86.0 78 4293
6 5 58 58.0 73.0 74 3669
8 4 14 55.0 87.0 56.0 4299
13 5 45 72.0 75.0 60.0 2557
7 4 56 57.0 76.0 68.0 520
6 4 17 64.0 74.0 65.0 637
7 4 59 63.0 80.0 61.0 2899
6 6 59 72.0 34 67.0 2640
8 4 50 63.0 58.0 65.0 3431
7 5 55 66.0 77.0 65.0 277
8 15 53 64.0 68.0 62.0 2263
7 4 41 62.0 52.0 75.0 3289
7 5 19 52.0 57.0 51.0 2183
7 4 51 64.0 75.0 76 4167
6 5 56 62.0 70.0 56.0 2313
1 8 2 72.0 76.0 63.0 3601
3 5 52 63.0 77 67.0 769
8 4 48 66 74.0 72.0 4064
8 4 53 54.0 63.0 55 2611
13 5 53 65.0 77.0 82 285
7 4 20 64.0 72.0 64.0 3953

8 1 54 66.0 81.0 49 4291
7 15 59 90 73.0 63.0 4164
7 5 57 60.0 69.0 72.0 3949
7 4 49 67.0 66.0 61.0 2753
5 11 54 70.0 83 65.0 4291
7 5 54 59.0 82.0 52.0 4291
6 8 52 56.0 69.0 64.0 2472
6 5 52 66.0 76.0 64.0 699
7 4 50 64.0 80.0 64.0 3758
6 4 47 65.0 89.0 65.0 4292
6 4 53 65.0 78.0 72.0 3983
6 4 34 56 78.0 51 1904
10 5 50 69.0 68.0 62.0 3955
7 4 50 64.0 68.0 41 2421
7 1 41 61.0 75.0 71.0 3777
6 5 57 67.0 46 66.0 3565
6 5 60 75.0 63.0 71 3925
8 4 49 67.0 63.0 65.0 2430
7 5 55 66.0 77.0 65.0 277
14 9 51 58.0 72.0 70.0 1994
6 4 45 60.0 72.0 66.0 4197
7 4 31 65.0 70.0 64.0 2808
6 4 58 58.0 83.0 67.0 4290
6 5 55 64.0 73.0 57.0 2518
12 6 25 72 68.0 67.0 2571
5 4 59 57.0 80.0 59.0 4132
8 5 57 69.0 83.0 68 4290
7 13 54 53.0 66.0 53.0 2428
10 4 48 65.0 69.0 80.0 4045
7 4 43 71.0 78.0 61.0 2073

7 3 51 72.0 71.0 53.0 3905
6 10 57 84.0 78.0 64.0 2029
7 4 53 66.0 69.0 68.0 2693
7 4 46 73.0 79.0 66.0 4081
6 8 54 74.0 76.0 61.0 370
6 4 60 65.0 87.0 65.0 4290
6 6 56 54.0 69.0 67.0 2617
7 4 50 59.0 68.0 61.0 4190
6 4 55 71.0 82.0 67.0 4291
6 4 53 65.0 68 61.0 4201
6 4 56 65.0 69.0 71.0 2586
6 4 50 54.0 50 90 3686
8 5 49 67.0 64.0 70.0 3946
7 4 55 71.0 53 59.0 3530
12 2 45 63.0 79.0 40 4125
6 5 58 59.0 69.0 59.0 2530
6 5 52 77.0 70.0 74.0 4103
7 4 46 54 73.0 58.0 3988
7 5 55 66.0 77.0 65.0 277
11 6 58 55.0 66.0 74.0 2500
6 4 50 56.0 74.0 72.0 3958
6 4 43 58.0 90 64.0 4293
5 5 53 55.0 80.0 72.0 4121
6 9 57 61.0 78.0 54.0 1935
9 5 42 72.0 64.0 72.0 2473
5 4 57 58.0 82.0 58.0 4290
7 5 50 67.0 87.0 60.0 4292
4 9 49 66.0 74 65.0 4065
8 4 46 68.0 65.0 72.0 2469
15 4 43 71.0 69.0 66.0 3982

10 4 53 62.0 66.0 55.0 2411
6 8 60 78.0 71 64.0 4199
7 4 51 66.0 76.0 69.0 594
7 1 53 66.0 85.0 62.0 4291
7 7 60 70.0 80.0 66.0 2414
5 4 54 62.0 78.0 61.0 4067
6 5 52 66.0 80.0 69.0 2559
7 4 47 55.0 68.0 63.0 2782
6 4 60 60 71.0 72.0 4700
7 4 56 72.0 80.0 59.0 2705
11 4 52 62.0 73.0 64.0 3882
6 4 55 56.0 35 77.0 4143
7 4 46 68 62.0 74.0 3657
6 4 60 37 68.0 62.0 3881
9 3 52 57.0 78.0 52.0 3941
6 5 59 69.0 69.0 58.0 2521
7 4 50 71.0 73.0 69.0 4148
7 4 50 56.0 78.0 61.0 3961
7 5 55 66.0 77.0 65.0 277
8 9 60 57.0 67.0 72.0 2118
6 3 49 57.0 30 71.0 2955
5 4 46 61 87.0 61.0 4292
5 5 51 67.0 86.0 75.0 4291
7 7 56 56.0 77.0 56.0 498
4 5 51 75.0 62.0 71.0 4135
5 7 38 55.0 71.0 76 4191
6 4 52 59.0 89.0 56.0 4291
4 7 57 69.0 83.0 58.0 4290
7 4 53 73.0 89 62.0 4291
6 5 49 65.0 65.0 68.0 2483

13 5 48 64.0 75.0 60.0 4683
6 7 54 78.0 70.0 71.0 2483
7 4 50 69.0 80.0 60.0 2831
6 3 59 62.0 77.0 70.0 357
7 5 60 90 78.0 72.0 3870
6 5 51 47 85.0 63.0 4291
6 5 48 62.0 86.0 63.0 4292
6 4 45 53.0 76.0 67.0 717
5 5 54 33 70.0 62.0 3941
6 4 52 72.0 36 84 2877
2 13 59 64.0 71.0 58.0 2213
7 10 55 54.0 52.0 74.0 3183
7 4 53 60.0 61.0 72.0 4247
6 4 52 48.0 76.0 70.0 737
7 4 48 54.0 69.0 55.0 4105
6 4 57 74.0 65.0 64.0 4216
6 4 52 65.0 75.0 73.0 3929
6 4 35 77 69.0 66.0 4148
7 5 55 66.0 77.0 65.0 277
7 6 60 68.0 68.0 65.0 2579
6 3 52 58.0 53.0 74.0 3678
5 4 45 63.0 74.0 59.0 4148
5 4 50 63.0 73.0 70.0 3992
6 6 60 67.0 69.0 67.0 2715
15 5 55 77.0 65.0 61.0 2514
6 5 49 53.0 81.0 70.0 4292
7 4 48 69.0 86.0 61 4292
5 6 56 60.0 44 55.0 2559
6 4 18 72.0 84 66.0 4298
7 5 57 62.0 71.0 69.0 2510

10 12 54 65.0 72.0 65.0 1811
6 6 49 68.0 65.0 68.0 2543
6 4 52 60.0 86.0 62.0 4291
7 4 57 67.0 77.0 61.0 711
7 5 46 70 81.0 71.0 4292
6 5 53 53.0 77.0 64.0 352
6 5 46 67 85.0 64.0 4292
6 4 52 62.0 72.0 48 4507
6 5 57 42.0 69.0 76 2640
5 15 59 72.0 79 71.0 3674
4 9 54 61.0 70.0 64.0 4146
6 7 60 60.0 56.0 69.0 3285
6 4 51 66.0 76.0 65.0 1023
14 5 50 63.0 45 74.0 2119
7 4 54 63.0 76.0 66.0 755
5 4 56 73.0 74.0 61.0 4113
14 5 48 62.0 72.0 62.0 2439
6 4 47 64.0 73.0 77 4832
7 5 55 66.0 77.0 65.0 277
7 5 54 70.0 76.0 71.0 411
6 3 56 39 65.0 32 2567
6 5 44 57.0 75.0 78 3875
5 4 47 81 78.0 64.0 4076
6 5 57 63.0 73.0 59.0 2375
11 5 57 64.0 67.0 32 4131
5 4 54 66.0 71.0 61.0 4196
6 4 48 67.0 81.0 63.0 4292
6 5 55 66.0 64.0 63.0 2544
6 5 31 69.0 72.0 51 3940
7 5 60 60.0 70.0 70.0 2302

9 8 57 62.0 78.0 71.0 1610
6 5 54 67.0 74.0 69.0 4017
6 5 53 59.0 85.0 66.0 4291
7 4 60 59.0 73.0 66.0 2942
6 4 15 64.0 75.0 74.0 622
5 5 56 72 77.0 71.0 700
7 4 53 63.0 36 61.0 2603
6 4 50 60.0 78.0 64 4069
5 5 50 47.0 73.0 67.0 4152
6 9 46 69.0 81.0 68.0 4292
6 7 54 63.0 81.0 64.0 4291
7 6 54 71 70.0 73.0 2454
6 4 47 66.0 84.0 71.0 4292
10 4 52 71.0 53.0 66.0 2360
6 5 57 57.0 68.0 59.0 2694
6 4 50 62.0 67.0 63.0 4070
1 4 51 70.0 74.0 70.0 3014
6 4 51 58.0 40 74.0 2689
7 5 55 66.0 77.0 65.0 277
6 5 54 61.0 68.0 74.0 2358
5 4 60 55.0 74.0 42.0 3997
6 2 44 58.0 72.0 86 4151
5 5 48 66.0 85.0 64.0 4292
5 4 58 71.0 82.0 62.0 4290
10 5 58 61.0 79.0 45.0 2837
6 4 51 82 81.0 49 4291
6 4 57 69.0 75.0 70.0 4130
6 4 57 72.0 78.0 70.0 3791
7 5 37 60.0 82.0 51.0 4294
7 4 52 56.0 77.0 70.0 785

7 6 60 70.0 85.0 68.0 4290
6 4 49 69.0 71.0 60.0 4198
6 4 59 61 77.0 59.0 657
6 4 57 55.0 78.0 62.0 4083
6 5 35 58.0 76.0 69.0 601
6 5 55 72.0 80.0 71.0 3666
6 5 59 67.0 64.0 59.0 2572
6 4 55 69.0 37 61.0 2760
6 4 58 49.0 67.0 72.0 2718
6 6 50 74.0 79.0 69.0 2989
5 5 57 61.0 82.0 61.0 4290
6 8 57 68.0 73.0 72.0 4191
6 4 51 62.0 72.0 68.0 3916
7 4 59 61.0 57.0 72.0 3320
6 4 53 58.0 64.0 55.0 4221
7 4 52 67.0 72.0 57.0 2779
4 5 50 61.0 79.0 64.0 4003
6 4 53 58.0 66.0 72.0 3898
7 5 55 66.0 77.0 65.0 277
6 4 57 56.0 42 63.0 2762
5 4 60 63.0 79.0 53.0 4129
5 3 47 62.0 78.0 75.0 4147
5 5 48 62.0 77.0 64.0 741
3 4 60 68.0 75.0 63.0 2162
8 4 56 74 70.0 31 4245
6 4 55 74.0 75.0 50.0 3463
6 4 58 74.0 79.0 74.0 4156
6 4 56 69.0 43 61.0 2669
7 4 51 56.0 83.0 51.0 4291
6 4 48 67.0 84.0 64.0 4292

6 5 60 61.0 88.0 60.0 4290
6 5 49 67.0 74.0 65.0 4056
5 4 51 49 84.0 68.0 4291
7 11 50 57.0 77.0 70.0 285
6 5 39 65.0 68.0 70.0 2600
7 5 49 69.0 82.0 64.0 4292
6 4 57 63.0 68 55.0 2691
6 4 55 83 64.0 59.0 4072
12 5 53 50.0 79.0 68.0 2815
7 5 52 62 70.0 73.0 2230
5 5 53 67 71 65 4109
5 7 60 73.0 75.0 75.0 4155
6 4 55 87 82.0 60.0 4291
7 4 59 56.0 74.0 62 2450
5 4 56 58.0 78.0 66.0 2132
7 5 56 69.0 66.0 57.0 2693
5 5 55 60.0 78.0 58.0 1913
6 4 56 68.0 67.0 68.0 4182
7 5 55 66.0 77.0 65.0 277
7 4 18 64.0 67.0 70.0 2381
6 4 60 50 78.0 59.0 4045
5 4 56 60.0 69.0 66.0 2459
5 4 51 67.0 80.0 59 3967
5 5 52 63.0 68.0 60.0 4134
6 4 52 70.0 73.0 51.0 4865
7 4 55 76.0 72.0 54.0 4163
5 4 56 66.0 78.0 63.0 3984
6 4 55 67.0 52.0 56.0 3678
6 4 53 64.0 80.0 58.0 4045
6 4 57 66.0 72.0 64.0 4195

6 4 57 60.0 74.0 56.0 3831
6 5 49 66.0 79.0 68.0 4059
6 4 53 50.0 76.0 66.0 259
7 8 47 58.0 77.0 67.0 289
7 4 47 72.0 76.0 74.0 540
7 7 46 60.0 75.0 71.0 4079
6 4 58 57.0 80.0 60.0 4132
15 4 25 71.0 73 68.0 2475
9 5 51 54.0 74.0 60.0 2730
7 4 50 64.0 81.0 65.0 4292
6 12 48 55 75 58.0 3809
13 5 60 69.0 76.0 63.0 278
6 5 36 79.0 71.0 59.0 2556
7 4 51 64.0 75.0 60.0 2559
6 5 55 35 77.0 68.0 619
6 4 50 60.0 67.0 67.0 2802
5 2 55 59.0 69.0 58.0 4207
6 4 55 73.0 80 69.0 3707
7 5 55 66.0 77.0 65.0 277
13 4 36 71.0 68.0 61.0 3788
7 5 60 54.0 85.0 65.0 4290
5 5 52 66.0 69.0 62.0 3939
6 5 53 66.0 74.0 65.0 4110
9 5 17 46 80.0 59.0 3921
5 4 59 64.0 71.0 82 3839
7 4 55 71.0 70.0 59.0 2686
6 4 38 59.0 69.0 70.0 4200
6 4 49 69.0 64.0 60.0 4023
7 5 56 68.0 78.0 58.0 1902
6 4 56 72.0 78.0 61.0 4078

5 4 57 55.0 82.0 63 4290
5 4 53 58.0 81.0 60.0 4291
6 4 53 50.0 76.0 66.0 259
6 5 50 59.0 72.0 59.0 4046
4 3 50 63.0 72.0 63.0 4226
6 5 46 52.0 83.0 68.0 4292
5 3 58 58.0 74.0 56.0 4230
10 4 41 55.0 66.0 67.0 2678
6 4 46 56 67.0 86 4069
6 3 56 54.0 74.0 52 2461
5 7 50 58 83.0 65.0 4292
9 4 59 54.0 83.0 67.0 4290
6 4 47 59.0 65.0 69.0 4102
7 4 46 62.0 65 69.0 2766
5 4 51 40.0 76.0 60.0 286
6 3 46 50.0 69 59.0 2646
5 3 59 49.0 76.0 55.0 722
6 3 51 56.0 78.0 67.0 1953
6 4 59 53.0 76.0 65.0 731
9 4 44 58.0 31 60.0 4507
5 4 51 49.0 80.0 72.0 4087
4 4 10 63.0 68.0 64.0 3949
6 4 55 53.0 75.0 62.0 4670
7 4 32 43.0 70.0 55.0 3836
4 4 53 57.0 81.0 77.0 4291
7 3 59 55.0 73.0 59.0 2596
6 4 48 35 76.0 74.0 460
5 4 45 57.0 66.0 63.0 2778
7 4 28 56.0 84.0 55.0 4296
5 4 59 61.0 59 66.0 3674

9 4 60 55.0 75.0 64.0 3927
6 4 55 56.0 70.0 69.0 4051
6 4 53 50.0 76.0 66.0 259
6 4 51 57.0 81.0 59.0 4291
5 3 51 59.0 74.0 67.0 4229
6 4 44 46.0 75.0 60.0 2750
4 3 58 59.0 78.0 57.0 4146
8 4 49 57.0 74.0 59.0 4002
6 4 54 49 67.0 79.0 3939
5 3 49 64 67.0 55.0 4112
4 5 51 59.0 87.0 62.0 4291
6 4 45 49.0 79.0 59.0 4081
13 13 50 54.0 50 74.0 2450
6 4 44 51.0 70.0 55 4226
5 4 52 40.0 83.0 56.0 4291
6 3 52 47.0 76.0 69.0 258
5 3 12 52.0 79.0 60.0 4143
6 3 49 53.0 80.0 63.0 4065
3 3 60 51.0 76.0 58.0 215
7 4 51 49.0 45.0 69.0 2841
5 4 49 52.0 78.0 69.0 3930
5 4 28 59.0 72.0 61.0 4184
6 4 48 49.0 67.0 64.0 4115
6 4 47 49.0 62 63.0 3683
5 4 12 56.0 74.0 74.0 4072
5 3 53 47.0 70.0 55.0 4740
6 4 55 40.0 68.0 76.0 4164
5 4 46 48.0 71.0 57.0 4133
5 3 40 31 83.0 60.0 4294
6 3 56 53.0 75.0 66.0 3787

6 3 60 58.0 67.0 55.0 3968
11 3 60 58.0 65.0 57.0 3879
4 3 59 50.0 72.0 67 4208
4 3 52 48.0 78.0 55.0 4492
4 3 60 60.0 78.0 62.0 4146
4 3 58 51.0 79.0 61.0 4157
3 2 53 52.0 80.0 57.0 2359
7 3 57 90 78.0 61.0 3996
4 3 51 55.0 63.0 62.0 4697
3 4 48 60.0 67.0 56.0 2268
3 3 60 52.0 77.0 62.0 216
4 3 44 47.0 77.0 52.0 715
5 7 58 57.0 70.0 68.0 4174
4 3 58 53.0 69.0 56.0 2286
3 3 56 40.0 83.0 59.0 4290
5 3 53 42 39 63.0 2965
4 2 42 56.0 85.0 53.0 4293
4 2 60 54.0 46 66.0 4118
3 3 60 51.0 76.0 58.0 215
5 3 58 55.0 60.0 63.0 4137
4 3 60 56.0 76 66.0 687
4 3 41 34 74.0 59.0 4638
4 3 60 44.0 67.0 61.0 4205
4 3 59 55.0 67 54.0 4114
3 3 33 53.0 49 71.0 4102
4 2 50 49.0 76.0 59.0 813
4 3 60 42.0 68.0 64.0 3966
4 3 50 46.0 77.0 57.0 720
4 2 56 41.0 87.0 56.0 4290
4 3 55 57.0 75.0 67.0 4156

4 2 54 54.0 79.0 56.0 2569
7 3 60 49.0 74.0 57.0 4653
3 2 60 69 77.0 68.0 1062
3 2 53 46.0 69.0 56.0 2213
3 3 17 60.0 80.0 64 2363
3 3 6 51.0 73.0 56.0 2367
2 2 56 51.0 85.0 63.0 4290
5 15 60 67.0 80.0 56.0 2913
3 3 58 50.0 69.0 54.0 4184
3 3 48 50.0 79.0 54.0 2359
2 3 57 46.0 80.0 60.0 2882
3 3 58 54.0 76.0 55.0 213
3 4 54 56.0 69.0 68.0 2426
3 2 13 49.0 64.0 57.0 1414
2 3 58 42.0 83.0 64.0 4290
3 3 53 41.0 57.0 49 3995
3 2 51 48.0 88.0 58.0 4291
3 2 60 57.0 57.0 64.0 4186
3 3 60 51.0 76.0 58.0 215
4 2 60 58.0 64.0 60.0 2158
3 2 54 56.0 79.0 67.0 2365
5 3 48 39.0 75.0 58.0 4068
3 3 60 42.0 79.0 53.0 2371
3 3 53 55.0 79.0 32 2364
3 3 43 54.0 66.0 61.0 2307
3 2 49 52.0 79.0 82 2360
3 3 60 49.0 64.0 66.0 2408
4 2 52 76 72.0 51.0 2637
3 2 55 40.0 77.0 59.0 620
3 3 60 51.0 83.0 59.0 4290

3 2 50 67 77.0 55.0 213
4 2 60 46.0 67.0 50.0 2293
3 2 56 56.0 80.0 67.0 2489
2 2 49 52.0 76.0 55.0 204
2 3 40 62.0 74.0 54.0 2155
2 2 34 52.0 74.0 82 2430
2 2 51 52.0 72.0 64.0 2868
15 9 56 60.0 85.0 71 4290
3 9 60 57.0 80.0 54.0 4026
2 3 53 52.0 85.0 49.0 4291
2 3 12 47.0 78.0 54.0 2006
3 3 58 54.0 76.0 55.0 213
3 3 53 52.0 64.0 67.0 2403
2 15 38 48.0 62.0 56.0 3605
2 2 31 48.0 71.0 56.0 2916
2 3 52 44.0 66.0 52.0 3022
3 2 51 51.0 74.0 69 2274
3 2 53 55.0 62.0 59.0 3086
3 2 60 49.0 83.0 62.0 4290
3 2 56 53.0 62.0 31 3488
2 2 56 57.0 69.0 63.0 2932
3 3 53 46.0 71.0 53.0 2162
3 3 60 42.0 69.0 51.0 2340
3 2 55 90 81.0 40.0 4291
3 3 50 48.0 67.0 52.0 2231
11 2 47 53.0 77.0 71.0 870
3 2 53 48.0 70.0 66.0 2201
3 2 60 62.0 74.0 58.0 2319
3 10 53 49.0 68.0 57.0 2349
2 2 56 52.0 75.0 59.0 2996

2 5 47 62.0 68.0 49.0 3040
3 1 49 46.0 67.0 47.0 2459
2 4 47 56.0 70.0 82 2218
2 2 49 52.0 76.0 55.0 204
2 2 42 51.0 75.0 57.0 2144
2 1 39 46.0 71.0 71.0 3018
1 2 52 49.0 81 56.0 4291
8 5 30 53.0 88.0 63.0 4296
2 5 59 51.0 70 60.0 2230
2 2 48 35 80.0 54.0 2873
2 2 35 46.0 58 57.0 3601
2 2 58 53.0 68.0 52.0 3051
2 2 48 49.0 70.0 61.0 2949
1 8 43 47.0 61.0 50.0 3601
2 2 44 55.0 69.0 52.0 2919
2 2 55 45.0 74.0 48.0 2170
2 1 52 56.0 71.0 56.0 2556
2 2 53 53.0 65.0 57.0 2963
2 2 49 84 71.0 58.0 3247
2 2 54 57.0 69.0 37.0 2930
6 2 29 54.0 64.0 59.0 4131
2 9 53 86 81.0 59.0 4291
8 2 54 52.0 80.0 58.0 4127
2 2 49 73.0 46 53.0 3603
2 2 21 52.0 63.0 48.0 3004
6 2 52 57 84.0 60.0 4291
2 2 51 52.0 49 57.0 3605
2 2 56 63 71.0 56.0 2948
2 5 55 45.0 64.0 53.0 3177
2 2 10 46.0 83.0 57.0 4300

2 3 48 51.0 79.0 46.0 2359
9 8 46 43.0 63.0 48.0 2032
2 3 48 54.0 65.0 68.0 2289
2 2 49 52.0 76.0 55.0 204
1 1 47 46.0 30 58.0 3602
2 10 46 46.0 65.0 60.0 2950
1 1 36 45.0 74.0 58.0 2999
4 3 8 55.0 78.0 89 4006
1 3 58 48 76.0 57.0 213
1 2 50 43.0 81.0 60.0 4292
8 2 46 81 74.0 90 4233
2 2 51 49.0 79.0 48.0 2362
2 1 53 53.0 65.0 63.0 2868
1 5 50 52.0 76.0 55.0 205
1 1 41 50.0 76.0 59.0 196
2 2 1 43.0 82.0 57.0 4310
1 1 52 48.0 51 50.0 3601
1 2 58 55.0 62.0 53.0 3601
2 2 53 56 81.0 62.0 4291
2 1 49 66 70 43.0 2861
4 1 34 47.0 62.0 59.0 3628
2 5 48 71.0 86.0 57.0 4292
4 2 56 54.0 85.0 59.0 4290
2 2 51 59.0 68.0 54.0 3044
2 1 35 57.0 82 46.0 4295
4 2 50 48 76.0 54.0 813
2 2 54 46.0 70.0 58.0 3118
2 1 57 57.0 65.0 50.0 2511
1 3 54 53.0 66.0 48.0 3606
1 1 29 51.0 75.0 58.0 2977

1 1 49 50.0 81.0 58.0 4292
4 4 47 44.0 77.0 53.0 635
1 1 44 54.0 66.0 57.0 3604
1 1 42 56.0 79.0 59.0 3604
1 1 60 63 60.0 55.0 3601
1 5 47 81 74.0 59.0 3964
1 1 42 73 67.0 43 3603
2 2 24 47.0 69.0 68.0 2997
1 2 49 44.0 31 55.0 3635
1 1 47 46.0 74.0 62.0 3010
4 1 43 68.0 67.0 71.0 3176
1 1 46 54.0 90 47.0 4292
1 1 42 49.0 62.0 63.0 3601
1 3 43 46.0 72.0 59.0 3028
1 1 41 50.0 76.0 59.0 196
1 1 16 46.0 86.0 52.0 4298
1 1 44 46.0 67.0 51.0 3603
1 1 49 55.0 65.0 56.0 3603
1 1 42 50.0 82.0 66.0 4293
9 14 45 63.0 80.0 56.0 2220
2 1 37 48.0 72.0 53.0 2927
1 2 48 58.0 73.0 55.0 3072
2 1 44 54.0 72.0 56.0 3098
1 1 50 57.0 79.0 59.0 3604
1 1 19 51.0 82.0 52.0 4298
2 10 49 54.0 72.0 59.0 2188
1 1 47 50.0 65.0 55.0 3603
14 1 51 84 62.0 67 3952
1 1 43 51.0 74.0 56.0 3006
1 1 39 48.0 71.0 61.0 3043

1 1 47 50.0 74.0 85 3010
2 2 41 44.0 68.0 61.0 3034
1 1 38 54.0 74.0 55.0 3001
1 1 41 42 73.0 61.0 3065
3 1 53 54.0 60.0 54.0 3602
11 2 39 35 71.0 61.0 2713
1 1 41 56.0 75.0 56.0 2989
1 1 32 43.0 68.0 57.0 3025
1 3 42 47.0 61.0 51.0 3601
1 1 39 53.0 67.0 63.0 3603
2 4 39 64.0 71.0 67.0 2193
1 1 39 54.0 90.0 55.0 4294
1 1 39 45 69.0 58.0 3015
1 1 12 50.0 70.0 61.0 2969
1 1 41 50.0 76.0 59.0 196
1 1 28 43.0 81.0 49.0 4296
1 1 46 53.0 75.0 57.0 2994
1 10 49 52.0 66.0 54.0 3045
14 1 15 55.0 75.0 62.0 452
11 7 45 54.0 85.0 63.0 4293
1 12 23 39 70.0 50.0 3043
1 1 46 54.0 82.0 62.0 4292
1 1 40 47.0 81.0 63.0 4294
1 1 41 58.0 81.0 64.0 4293
1 13 53 53.0 71.0 61.0 3057
1 7 7 54.0 77.0 61.0 3601
1 1 41 45.0 74.0 51.0 3004
7 1 41 72.0 46 65.0 3681
1 1 37 50.0 71.0 51.0 3041
1 1 37 73 77.0 62.0 193

1 1 45 68.0 71.0 79.0 3123
1 3 42 54.0 64.0 55.0 3164
1 1 33 71 67.0 58.0 3603
7 1 42 50.0 67.0 67.0 4051
2 1 43 59.0 88 61.0 4293
5 1 34 43 81.0 58.0 4295
5 1 37 64.0 79.0 52.0 3604
1 10 36 50.0 72.0 65.0 3021
1 2 41 52.0 65.0 56.0 2951
12 1 39 55.0 75.0 62.0 3689
1 2 59 61 81.0 64.0 4290
1 1 39 59.0 87.0 52.0 4294
1 1 41 59.0 80.0 63.0 2866
13 1 26 61.0 69.0 85 3162
1 1 35 54.0 76.0 60.0 190
1 1 28 50.0 79.0 61.0 3604
1 1 41 55.0 83.0 65.0 4293
1 9 39 62.0 63.0 58.0 3176
7 1 27 31 38 58.0 2941
6 9 41 67.0 81.0 65.0 4293
1 6 2 56.0 81.0 62.0 4310
1 1 43 70.0 52 83 3601
1 1 42 56.0 71.0 56.0 3046
6 1 39 58.0 75.0 56.0 4157
1 6 41 66.0 66.0 64.0 3037
1 4 25 63.0 69.0 61.0 3001
1 1 35 51.0 79.0 50.0 3604
4 1 39 72.0 61.0 57.0 3608
1 1 35 61.0 70.0 50.0 3057
1 1 37 73 77.0 62.0 193

1 1 40 66.0 81.0 66.0 4294
1 2 35 59.0 73.0 63.0 3059
1 1 32 62.0 75.0 53.0 2980
4 1 36 52.0 88 66.0 4294
1 1 39 51.0 89.0 54.0 4294
3 1 36 48.0 82.0 75 4294
2 9 32 56.0 77.0 50.0 188
1 5 60 49.0 81.0 56.0 4290
1 1 34 55.0 66.0 52.0 3604
6 1 40 59 79.0 64.0 4137
1 1 43 57.0 82.0 68.0 4293
1 1 37 53.0 85.0 56.0 4294
1 1 36 51.0 78.0 64.0 2935
7 1 30 54.0 68.0 72.0 4197
1 1 35 54.0 76.0 60.0 190
1 1 28 53 38 54.0 3603
1 1 36 49.0 79.0 62.0 3604
1 5 40 58.0 77.0 53.0 196
4 1 24 39.0 60.0 62.0 2598
10 5 38 57.0 78.0 56.0 3944
2 3 58 50 61 67.0 3601
1 1 40 62.0 56.0 65.0 3601
1 5 38 60.0 73.0 88 3062
3 1 37 58.0 67.0 55.0 2534
1 7 34 54.0 71.0 56.0 3038
13 2 33 63.0 64.0 78 4126
1 1 31 57.0 69.0 36 3007
2 1 38 69 64.0 64.0 3218
1 1 33 54.0 73.0 58.0 3057
1 1 37 58.0 72.0 35 3022

1 4 36 63.0 82.0 60.0 4294
1 6 30 57.0 78.0 81 2929
1 4 28 64.0 83.0 89 4296
2 13 37 59.0 90.0 55.0 4294
1 5 32 59.0 90.0 82 4295
11 5 35 46.0 79.0 65.0 3257
2 9 32 56.0 77.0 50.0 188
1 7 44 49.0 86.0 55.0 4293
1 4 21 52.0 79.0 75 2855
4 9 37 51.0 70.0 57.0 4089
1 5 39 59.0 37 64.0 3620
1 4 36 54.0 88.0 84 4294
1 4 32 59 73.0 57.0 3056
4 5 27 60.0 80.0 63.0 4065
1 4 30 64 76.0 60.0 185
1 4 26 57 53.0 54.0 3605
1 4 34 46.0 74.0 56.0 2997
1 3 34 51.0 84.0 54.0 4295
3 5 31 44.0 64.0 51.0 2373
12 7 36 62.0 85.0 53.0 4294
2 2 41 50.0 61.0 56.0 3601
1 4 34 67 66.0 71 3030
1 7 38 55.0 78.0 64.0 2937
2 4 57 51.0 72.0 50.0 2196
1 7 31 52.0 66.0 50.0 3027
7 5 29 65.0 66.0 59.0 4088
1 5 29 56.0 65.0 45.0 3605
1 4 36 56.0 66.0 52.0 3032
1 5 29 52.0 71.0 59.0 3033
1 5 29 62.0 66.0 45.0 3025

1 3 30 54 79.0 54.0 3604
1 2 27 54.0 69.0 67.0 3003
1 14 27 57.0 87.0 71.0 4296
11 8 36 55.0 47 60.0 2770
1 4 28 83 79.0 71.0 3455
5 4 35 48 51 68.0 3681
1 6 29 63.0 84.0 52.0 4296
1 5 40 62.0 84.0 63.0 4294
9 3 28 61.0 73.0 51 2407
2 6 36 63.0 80.0 52.0 2861
1 4 31 67.0 64.0 56.0 3238
1 4 33 59.0 82.0 78.0 4295
1 3 34 58 74.0 52.0 2997
2 4 30 68.0 81.0 58.0 4296
1 4 30 64 76.0 60.0 185
1 3 28 66.0 60.0 63.0 3606
1 3 29 58.0 75.0 61.0 2977
1 3 35 63.0 72.0 51.0 3020
2 4 32 57.0 73.0 55.0 2195
6 5 33 63.0 63 50.0 2499
1 3 32 53.0 72.0 61.0 3017
1 3 35 65.0 78.0 71.0 2934
1 13 31 62.0 80.0 62.0 2856
1 3 43 63.0 70.0 55.0 3065
1 14 11 51.0 37 67 3613
3 4 32 58.0 63.0 56.0 3896
1 4 31 63.0 70.0 49.0 3053
1 4 58 56.0 71.0 62.0 3062
1 4 31 64.0 65.0 56.0 2972
1 4 28 79 63.0 55.0 2913

1 3 31 52.0 81.0 60.0 4295
1 2 28 65.0 72.0 63.0 3013
1 8 31 60.0 81.0 71.0 4295
6 6 36 62.0 69.0 60.0 2693
1 4 13 76.0 81.0 59.0 4299
2 4 31 59.0 71.0 61.0 2185
1 4 28 32 76.0 53.0 183
1 4 36 56.0 83.0 55.0 4294
4 3 32 56.0 78.0 87 4135
1 5 34 69.0 81.0 53.0 4295
1 3 33 71.0 70.0 55.0 3055
1 4 28 67.0 71.0 66.0 3032
1 3 32 61.0 82.0 56.0 4295
1 4 28 66.0 78.0 62.0 2927
1 4 30 64 76.0 60.0 185
1 3 32 61.0 68.0 64.0 3025
1 3 29 57.0 67.0 66.0 3605
1 3 29 57.0 70.0 55.0 3051
1 4 31 57.0 82.0 54.0 4295
3 4 30 69.0 73.0 55.0 4180
1 3 29 55.0 77.0 60 185
1 3 32 64.0 69.0 62.0 3008
1 8 33 59.0 70.0 58.0 3055
1 3 33 60.0 69.0 51.0 3009
1 8 17 54.0 48.0 57.0 3603
1 4 31 57.0 61.0 55.0 3601
1 4 29 69.0 73.0 48.0 3053
1 3 44 56.0 65.0 64.0 3605
1 3 33 57.0 74.0 58.0 2996
1 4 29 77.0 73.0 63.0 3053

1 9 26 42.0 56 53.0 3601
1 2 30 50.0 70.0 55.0 3052
1 6 30 47.0 36 67.0 3605
3 4 34 47.0 72.0 61.0 4222
1 3 20 57.0 78.0 58.0 3604
1 4 26 42.0 42 57.0 3602
1 4 28 32 76.0 53.0 183
1 3 41 45.0 71.0 51.0 3045
2 3 28 40.0 80.0 70.0 2853
1 4 32 50.0 40 53.0 3604
1 3 27 54.0 76.0 48.0 182
1 4 25 49.0 73.0 56.0 3049
1 3 32 44.0 82.0 57.0 4295
1 4 25 47.0 30 57.0 3619
1 4 29 48.0 83.0 59.0 4296
1 3 27 49.0 68.0 53.0 3020
1 3 29 44.0 79.0 54.0 3604
1 3 22 46.0 80.0 59.0 2853
1 4 30 50 86.0 56.0 4296
2 3 29 52.0 74.0 81 2144
1 3 29 41.0 84.0 59.0 4296
1 3 30 48.0 60 52.0 3601
1 6 29 43.0 65.0 50.0 3605
1 3 29 42.0 64.0 57.0 3151
1 6 25 44.0 54.0 62 3601
1 3 32 42.0 68.0 48.0 3025
14 7 12 47.0 39 47.0 2260
1 3 37 40.0 70.0 61.0 3059
1 3 29 44.0 78.0 52.0 2928
10 4 25 51.0 82.0 55.0 4297

1 6 14 50.0 73.0 52.0 170
1 2 27 49.0 69.0 49.0 3003
1 4 31 55.0 59.0 52.0 3601
1 3 30 53.0 77.0 49.0 186
1 3 19 52.0 77.0 53.0 2935
9 3 27 53.0 37 52.0 2357
1 3 30 48 76.0 85 185
1 3 32 44.0 69.0 51.0 3008
1 3 10 49.0 70.0 54.0 2962
1 3 26 46.0 58.0 45.0 3601
1 3 27 54.0 76.0 48.0 182
1 4 24 51.0 82.0 47.0 4297
1 3 30 43.0 64 47.0 3152
1 3 58 50.0 45.0 57.0 3602
1 3 26 51.0 79.0 58.0 3604
1 3 24 56.0 72.0 50.0 3009
1 3 28 41 77.0 48.0 184
1 3 24 55.0 85.0 58.0 4297
1 3 25 46.0 73.0 47.0 3049
1 2 29 47.0 82.0 64.0 4296
1 3 52 42.0 87.0 51.0 4291
1 3 25 45.0 60.0 50.0 3052
1 4 30 79 62.0 46.0 3605
14 3 22 87 77.0 68 567
1 4 27 54.0 57.0 55.0 3601
1 3 32 50.0 33 43 3626
7 5 22 53.0 49.0 49.0 3377
1 2 29 49.0 69.0 59.0 3005
1 3 30 46.0 80.0 47.0 2855
5 3 46 49 75.0 51.0 4141

1 6 14 50.0 73.0 52.0 170
1 4 20 47.0 74.0 47.0 3605
1 5 22 47.0 62.0 54.0 3124
1 3 48 56.0 67.0 50.0 3605
1 4 17 68 67.0 57.0 3089
4 4 19 56.0 51.0 69 4301
1 4 20 46.0 70.0 68.0 3040
1 5 23 42.0 38 50 3607
1 4 12 82 71.0 47.0 3603
1 8 18 45.0 61.0 43.0 3234
1 5 21 89 84 52.0 4297
1 5 20 55.0 73.0 44.0 3043
1 3 21 41.0 64.0 49.0 3091
11 4 35 50.0 51.0 57.0 2483
1 3 20 50.0 72.0 36 3076
5 4 19 55.0 68.0 56.0 2154
1 4 21 43.0 82.0 47 4297
1 4 57 57.0 79.0 52.0 3604
1 4 20 53.0 69.0 54.0 3044
1 4 22 46.0 70.0 52.0 3042
1 5 34 51.0 80.0 51.0 2859
1 4 18 47.0 62.0 48.0 3209
1 4 28 69.0 63.0 51.0 3088
7 5 18 68.0 71.0 54.0 2509
1 5 21 54.0 61.0 53.0 3149
1 8 24 50.0 49.0 44.0 3609
3 5 18 49.0 31 55.0 3551
1 4 20 54.0 78.0 52.0 3604
1 4 22 43.0 80.0 49.0 2853
3 4 31 44.0 74.0 56.0 2146

1 6 14 50.0 73.0 52.0 170
1 5 15 48.0 77.0 46.0 2882
1 5 57 51.0 71.0 58.0 3061
1 3 32 50.0 73.0 56.0 3056
1 5 15 61.0 62.0 51.0 3106
2 5 11 48.0 69.0 63.0 2122
1 4 18 43.0 75.0 54.0 173
1 6 17 51.0 59.0 48.0 3128
1 5 13 61.0 79.0 54.0 2841
1 8 54 50.0 63.0 89 3191
1 4 18 69.0 85.0 52.0 4298
1 4 16 43 80.0 42.0 2840
3 4 16 40.0 68.0 53.0 2301
5 5 25 84 69.0 49.0 4101
1 4 17 45.0 79.0 49.0 2952
3 4 17 57.0 63.0 56.0 2425
1 9 18 49.0 70.0 46.0 3097
13 4 1 56.0 72.0 52.0 4199
1 12 15 51.0 67.0 53.0 3089
1 5 19 53.0 75.0 46.0 3605
1 5 22 45.0 80.0 48.0 2853
1 1 24 43.0 72 50.0 3009
1 5 20 64.0 71.0 54.0 3023
4 4 14 54.0 72.0 53.0 552
1 10 18 41 67.0 49.0 3083
1 7 20 55.0 68.0 84 3071
2 6 16 52.0 44.0 50.0 4002
1 5 18 49.0 71.0 54.0 3604
1 4 16 44.0 50 45.0 3606
2 4 23 42.0 77.0 48.0 179

1 6 14 50.0 73.0 52.0 170
1 5 15 46.0 75.0 54.0 171
1 5 36 45.0 68.0 60.0 3029
1 4 22 50.0 69.0 56.0 3047
1 5 57 55.0 74.0 54.0 3020
1 4 13 46.0 74.0 54.0 3604
1 5 29 46.0 70.0 53.0 3051
1 6 15 48.0 66.0 44.0 3101
1 5 13 55.0 83.0 55.0 4299
1 7 34 47.0 41 75.0 3604
1 4 15 62.0 75.0 54.0 171
1 4 15 44.0 72.0 41.0 170
1 4 15 45.0 77.0 86 2882
3 13 6 62.0 71.0 47.0 2402
1 4 14 50.0 79.0 53.0 3607
2 5 16 58.0 71.0 48.0 3020
1 7 14 49.0 71.0 57 169
6 4 7 58.0 68.0 49.0 3985
1 9 13 55.0 62.0 47.0 1696
1 4 16 48 70.0 43.0 3089
1 5 19 45.0 76.0 44.0 175
8 3 18 41 68.0 48.0 4198
1 6 15 50 72.0 55.0 170
2 9 15 57.0 65.0 47.0 2327
1 8 55 48.0 77.0 55.0 211
1 6 18 38 74.0 70.0 179
13 6 14 46.0 58.0 53.0 2147
1 6 12 49.0 79.0 55.0 2841
1 5 24 47.0 61.0 48.0 3027
1 4 19 43.0 78.0 44.0 3604

1 5 15 44.0 73 51.0 175
1 6 14 52.0 76.0 61.0 3604
1 6 24 51.0 76.0 55.0 179
1 5 17 51.0 70.0 59.0 3037
1 6 36 52 65.0 55.0 3605
1 5 13 49.0 79.0 58.0 2841
1 6 20 52.0 70.0 60.0 3040
1 7 13 50.0 70 50.0 3115
1 6 12 52.0 80.0 56.0 2834
1 7 22 52.0 63.0 66.0 3106
1 6 14 53.0 76.0 61.0 3604
1 13 15 44.0 71.0 54.0 1669
1 5 13 47.0 66.0 68.0 3163
1 10 11 53.0 71.0 46.0 2948
1 8 14 54.0 71.0 55.0 169
8 5 13 53.0 47 46.0 3020
1 7 14 49.0 71.0 57 169
3 5 10 90 69.0 50.0 3852
1 7 14 54.0 73.0 54.0 170
1 6 15 48.0 70.0 52.0 3044
1 5 15 42.0 66.0 44.0 3101
4 5 15 45.0 73.0 52.0 596
6 6 14 47.0 71.0 61.0 2502
11 5 15 50.0 60.0 49.0 2271
1 6 35 43.0 74.0 53.0 2998
1 6 15 48.0 68.0 66.0 3604
6 5 15 42.0 64.0 57.0 2478
1 6 11 49.0 78.0 56.0 2860
1 6 17 52.0 62.0 55.0 3123
1 5 15 66 82 47.0 4299

1 6 13 48.0 68.0 54.0 3133
1 5 13 48.0 66.0 56.0 3163
1 7 19 50.0 73.0 53.0 3044
1 6 16 45.0 63.0 60.0 3042
1 6 23 55.0 71.0 58.0 3027
1 6 12 50 82.0 57.0 4299
1 6 17 48.0 74.0 52.0 178
1 7 14 89 63.0 53.0 4028
1 6 12 45.0 68.0 62.0 3602
1 7 18 45.0 74.0 61.0 179
1 6 15 48.0 77.0 59.0 2882
1 9 13 48.0 74.0 61.0 3604
9 5 14 45.0 61.0 62.0 2316
1 8 11 55.0 63.0 48.0 3047
1 7 13 46.0 63.0 50.0 2653
4 6 12 46.0 59.0 57.0 4065
1 7 14 49.0 71.0 57 169
2 6 11 64.0 73.0 56.0 2386
1 6 14 49.0 64.0 61.0 3149
1 6 14 34 70.0 51.0 3116
1 6 23 40.0 68.0 56.0 3019
2 6 29 44.0 79.0 60.0 2340
3 6 13 52.0 71.0 59.0 4148
6 5 13 49.0 58.0 58.0 2389
1 5 25 48.0 65.0 60.0 3068
1 5 13 53.0 76.0 64.0 3604
3 14 14 40.0 71.0 51.0 586
1 6 13 76 74.0 59.0 3604
1 6 16 50.0 66.0 56.0 3103
1 5 15 59.0 83.0 52.0 4299

10 6 12 41 62.0 52.0 2367
1 6 13 46.0 75.0 50.0 3604
7 7 15 47.0 72.0 52.0 2184
1 6 15 76 59.0 64.0 4031
1 6 19 52.0 67.0 39 3039
1 5 11 54.0 83.0 62.0 4299
10 5 33 64 76.0 51.0 679
1 7 14 66.0 70.0 57.0 3116
1 5 13 47.0 75 53.0 3604
1 5 15 44.0 72.0 61.0 170
13 6 15 50.0 66.0 52.0 2312
1 8 13 43.0 65.0 61.0 3168
5 6 12 54 66.0 65.0 1719
1 7 14 54.0 67.0 46.0 3091
1 7 12 42.0 70.0 37 2969
2 6 12 49.0 61.0 62.0 3055
1 7 14 49.0 71.0 57 169
1 6 13 58.0 75.0 85 3604
1 6 15 46.0 74.0 56.0 171
1 6 13 43.0 77.0 59.0 3605
1 15 17 44 36 50.0 3604
1 6 21 51.0 82.0 61.0 4297
1 6 14 55.0 74.0 52.0 170
3 6 22 49.0 57.0 51.0 4103
1 6 20 43.0 68.0 61.0 3071
1 6 14 80 69.0 66.0 2666
1 11 12 64 78.0 56.0 2858
1 6 12 67.0 76.0 58.0 3604
1 14 15 53 72.0 62.0 170
1 6 15 49.0 73.0 60.0 175

5 6 13 40.0 62.0 48.0 1530
1 6 12 49.0 76.0 47.0 3604
3 7 15 45.0 78.0 54.0 4181
1 6 13 64.0 79 53 2841
1 6 3 67 76.0 50.0 3601
1 6 11 51.0 84.0 56.0 4299
5 5 24 61.0 80.0 51.0 4159
1 7 14 59.0 74.0 52 170
13 5 12 52.0 69.0 57.0 3682
1 5 15 46.0 71.0 45 1669
6 6 14 47.0 64.0 51.0 2439
1 8 12 43.0 75.0 59.0 3604
3 7 14 53.0 68.0 61.0 1443
1 7 3 49.0 61.0 87 3601
1 7 13 45.0 74.0 52.0 3604
1 6 23 46.0 62.0 65.0 3123
1 7 14 49.0 71.0 57 169
1 5 14 55.0 80.0 73.0 2829
1 5 15 52.0 68.0 62.0 3604
1 6 3 46.0 81.0 55.0 4310
1 10 16 57 46.0 56.0 3602
1 6 17 54.0 80.0 80 2878
1 6 60 52.0 72.0 51.0 3045
1 6 16 53.0 60.0 48.0 3101
1 6 16 71 62.0 59.0 3259
1 6 13 59.0 70.0 55.0 3115
1 6 12 54.0 74.0 59.0 3609
1 6 13 55.0 66.0 68 3163
1 10 14 53.0 67.0 56.0 3091
1 13 14 46.0 79.0 58.0 3607

3 6 12 44.0 59.0 46.0 2543
1 5 14 51.0 77.0 54.0 3607
1 7 13 51.0 81.0 52.0 4299
1 7 12 90 67.0 30 3957
1 6 7 55.0 66 47.0 3601
1 12 13 45.0 77.0 62.0 3605
2 5 20 59.0 79.0 48.0 2420
1 11 13 51.0 76.0 54.0 3604
7 6 11 50.0 62.0 57.0 2379
1 6 2 49.0 67.0 56.0 3601
3 7 14 50.0 63.0 56.0 2389
1 8 4 46.0 69.0 63.0 3601
2 6 14 48.0 65.0 61.0 2335
1 6 9 53.0 69.0 66.0 3601
1 6 12 35 68.0 57.0 3602
1 6 18 49.0 73.0 66.0 179
1 7 14 49.0 71.0 57 169
1 6 12 52.0 82.0 65.0 4299
1 6 13 52.0 73.0 65.0 3604
1 5 26 45.0 79.0 58.0 3604
1 15 15 55.0 58.0 53.0 3129
1 6 14 56.0 71.0 62.0 169
1 6 37 50.0 78.0 48.0 2936
1 6 14 55.0 65.0 65 3119
1 6 15 55.0 73.0 60.0 175
1 7 14 49.0 80 58.0 2829
1 9 12 53.0 68.0 55.0 3602
1 6 12 47.0 68.0 65.0 3602
1 8 21 48.0 65.0 62.0 3078
1 10 14 52.0 75.0 54.0 3604

2 5 14 47.0 65.0 57.0 2335
1 5 13 56.0 77.0 61.0 3605
1 7 13 56.0 79.0 60.0 2841
1 6 14 67.0 61.0 49.0 3172
3 6 11 52.0 61.0 57.0 3947
1 9 14 56.0 74.0 66 170
1 5 17 57.0 67.0 45 3089
1 8 12 50.0 69.0 58.0 3118
3 5 11 53.0 73.0 62.0 2077
1 6 9 52.0 76.0 59.0 3601
1 7 12 58.0 41 52.0 3605
1 6 10 45.0 62.0 62.0 3038
7 2 15 46.0 75.0 55.0 677
1 6 10 57.0 77.0 64.0 2826
1 5 25 42.0 62.0 59.0 3009
1 6 15 52.0 79.0 70.0 2944
1 5 13 58.0 75 76 3604
1 6 12 81 84 44 4307
1 6 13 54.0 72.0 66.0 3603
1 7 20 63 82.0 66.0 4298
1 9 15 49.0 71.0 60.0 1669
1 6 14 56.0 71.0 62.0 169
1 5 43 47.0 70.0 58.0 3065
1 6 15 55.0 75.0 69.0 171
1 6 13 61.0 68.0 61.0 3133
1 6 13 46.0 79.0 63.0 2841
1 7 11 60.0 62.0 52.0 3061
1 6 12 48.0 69.0 60.0 3118
1 6 16 54.0 68.0 62.0 3072
1 7 13 48.0 69.0 51.0 3120

1 6 12 45.0 60.0 53.0 3080
1 5 12 53.0 77.0 58.0 2876
1 6 12 58.0 71.0 61.0 3603
1 5 13 64.0 58.0 58.0 3228
1 5 13 54.0 58.0 59.0 3124
1 7 12 50.0 68.0 60.0 3602
1 6 15 50.0 61.0 53.0 3084
1 7 11 58.0 76 56.0 3604
2 5 11 60.0 75.0 58.0 2396
1 6 12 54.0 77.0 63.0 2876
1 7 12 59.0 59.0 53.0 3226
1 6 12 50.0 73.0 68.0 3604
4 3 14 56.0 76.0 64.0 4071
1 6 12 53.0 81.0 63.0 4299
1 5 39 46.0 73.0 63.0 3063
1 6 15 59.0 71.0 72.0 1669
1 4 12 62.0 80.0 75.0 2834
1 5 13 71.0 84.0 33 4299
1 5 14 60.0 71.0 57.0 169
1 7 17 53.0 72.0 64.0 3003
1 6 13 58.0 63.0 67.0 2653
1 6 14 56.0 71.0 62.0 169
1 5 27 54.0 58 53.0 3601
12 6 13 49.0 69.0 65.0 2486
1 6 14 59 76.0 58.0 3604
1 6 12 48.0 71.0 65.0 3603
1 6 13 60.0 73.0 50.0 3604
1 5 13 34 77.0 64.0 3605
1 6 15 55.0 69.0 68.0 3102
1 5 12 49.0 66.0 59.0 3162

1 4 13 47.0 65.0 60.0 3168
1 5 14 57.0 66.0 53.0 3604
1 6 12 59.0 63.0 64.0 1613
15 4 44 65.0 57.0 56.0 2718
1 5 14 55.0 64.0 63.0 3149
1 6 14 47.0 62.0 54.0 3179
1 5 13 58.0 62.0 51.0 1696
1 5 13 57.0 80.0 43 2836
1 5 11 63.0 65.0 66.0 3601
1 6 14 52.0 77.0 62.0 3607
1 6 14 51.0 68.0 57.0 3134
1 6 12 58.0 75.0 65.0 3604
2 12 14 50.0 69.0 89 1247
1 6 12 51.0 72.0 56.0 2934
1 5 27 48.0 68.0 68.0 3020
10 6 15 51.0 74.0 73.0 1332
1 5 14 56.0 75.0 68.0 3604
1 4 14 69.0 84.0 53.0 4299
1 4 13 60.0 63.0 56.0 1555
1 6 14 57.0 78.0 56.0 3609
1 5 13 46 70.0 58.0 3115
1 6 14 56.0 71.0 62.0 169
1 5 4 52.0 71.0 63.0 3601
6 6 14 55.0 73.0 66.0 2636
6 6 14 54.0 80.0 66.0 2573
1 5 13 46.0 71.0 60.0 3603
1 5 13 55.0 64.0 59.0 1732
1 7 14 47.0 77.0 66.0 3607
1 3 13 58.0 52 71.0 3603
10 4 11 52.0 68.0 60.0 3895

1 4 12 57.0 68.0 57 3602
1 5 13 50.0 64.0 54.0 1732
1 6 11 57.0 74.0 66.0 3609
8 5 28 52 67.0 62.0 3880
1 5 13 30 67.0 65.0 1650
4 5 14 54.0 62.0 51.0 4053
1 6 12 84 62.0 50.0 3482
1 9 14 50.0 79.0 52.0 3607
1 6 13 56.0 68.0 64.0 3133
1 6 14 59.0 77.0 58.0 3607
1 6 13 59.0 65.0 65.0 3168
1 5 12 57.0 73.0 66.0 3604
1 9 14 55.0 73.0 75.0 170
1 6 11 53.0 78.0 59.0 2860
1 5 20 49.0 76.0 58.0 176
5 5 15 53.0 65.0 70.0 4168
1 4 13 58.0 76.0 65.0 3604
1 5 12 68.0 84.0 63.0 4299
1 5 12 58.0 70.0 55.0 2969
1 6 9 54 81.0 59.0 4308
1 6 13 88 74.0 60.0 2481
1 6 14 56.0 71.0 62.0 169
1 5 10 48.0 63.0 68.0 3044
3 6 14 49.0 68.0 60.0 1443
3 5 49 55.0 68.0 67.0 2403
1 5 12 56.0 67.0 57.0 3602
1 5 12 61.0 63.0 63.0 2715
1 6 15 48.0 47 70.0 3613
1 11 13 59.0 65.0 72.0 3168
5 4 13 51.0 44 64.0 2678

1 15 13 59.0 69.0 62.0 3120
1 5 14 50.0 67.0 64.0 3091
1 12 12 59.0 39 64.0 3615
4 5 22 54.0 65.0 58.0 2293
1 6 14 48 61.0 66.0 3085
2 5 15 49.0 75 50.0 171
1 6 11 67.0 73.0 52.0 3601
1 7 15 55.0 67.0 57.0 3089
1 6 14 56.0 62.0 63.0 3179
1 5 14 51.0 53 31 3603
1 5 14 51.0 75.0 30 3604
1 4 11 50.0 79.0 67.0 2839
1 7 13 49.0 79.0 62.0 2841
1 6 11 69 70.0 57.0 3601
1 5 17 46.0 73.0 63.0 3166
3 5 38 48.0 75.0 72.0 2140
1 4 48 51.0 80.0 57.0 2873
1 6 11 59.0 84.0 65.0 4299
1 5 14 51.0 66.0 52.0 3604
1 10 11 60.0 83.0 63.0 4299
1 5 12 74.0 79.0 44 2841
1 6 14 56.0 71.0 62.0 169
1 5 10 52.0 74.0 71.0 3604
1 5 15 49.0 76.0 64.0 3604
2 5 31 61.0 65.0 67.0 2935
1 6 13 58.0 76.0 53.0 3604
1 1 13 55.0 59.0 68.0 3601
1 6 14 57.0 66.0 62.0 3604
1 7 13 57.0 71.0 73.0 3603
2 5 12 53.0 53.0 70 3605

1 8 13 57.0 73.0 68.0 3604
1 5 15 55.0 69.0 59.0 3102
9 9 12 54.0 55.0 59.0 2419
2 4 17 60.0 90 66.0 4298
6 6 14 54.0 62.0 64.0 2389
1 5 13 52.0 60 56.0 3081
1 6 12 64.0 79.0 63.0 2841
14 12 13 58.0 61.0 56.0 2079
1 6 23 53.0 72 68.0 3015
1 4 15 56.0 40 49.0 3920
1 5 57 51 76.0 53 212
1 6 13 55.0 82.0 58.0 4299
1 6 12 55.0 75.0 65.0 3604
1 6 13 68.0 66.0 56.0 3163
1 4 16 88 64.0 62.0 3825
1 8 25 54.0 80.0 67.0 2850
1 5 38 47.0 68.0 65.0 3031
1 5 11 54 89 57.0 4299
1 5 14 56.0 73 57.0 170
1 8 40 63.0 80.0 65.0 2865
11 5 13 65.0 75.0 49.0 2366
1 6 14 56.0 71.0 62.0 169
1 5 21 59.0 79.0 72.0 2855
1 5 13 46.0 77.0 59.0 3605
1 4 22 55.0 60.0 64.0 3601
1 5 14 57.0 80.0 60.0 2829
1 2 14 52.0 68.0 58.0 3134
1 6 14 59.0 75.0 65.0 3604
1 6 14 53.0 85 71 4299
10 5 17 60.0 64 66.0 2526

1 7 13 59.0 79.0 71.0 2841
1 4 14 61.0 70.0 66.0 3116
5 7 13 52.0 55.0 57.0 3649
1 5 14 58.0 73.0 64.0 170
3 6 13 60.0 66.0 69.0 1429
1 4 14 51.0 61.0 34 3085
1 5 13 43 71.0 59.0 3603
1 9 12 57.0 58.0 65.0 3240
1 6 18 57.0 72 68.0 3057
1 5 14 50.0 48.0 49.0 3603
1 4 36 53.0 80.0 63.0 2861
1 6 12 58.0 83.0 56.0 4299
1 13 12 52.0 76.0 63.0 3604
1 6 12 64.0 68.0 55.0 3602
1 4 14 66.0 71.0 62.0 169
1 6 19 60.0 79.0 64.0 2948
1 5 24 45.0 73.0 60.0 3048
1 4 11 55.0 80.0 53.0 2824
1 5 13 50.0 54 56.0 3605
1 7 27 62.0 68.0 57.0 3020
6 5 14 63.0 65.0 40 2593
1 6 14 56.0 71.0 62.0 169
1 4 18 60.0 82.0 67.0 4298
1 5 14 48.0 77.0 66.0 3607
1 5 18 58.0 65.0 63.0 3072
1 5 14 59.0 79.0 61.0 3607
1 3 14 59.0 73.0 60.0 170
1 5 12 57.0 80.0 60.0 2834
1 5 15 51.0 74.0 63.0 171
5 5 14 60.0 34 70.0 2902

1 7 14 57.0 78.0 69.0 3609
13 4 12 59 70.0 60.0 2564
2 6 52 54.0 59.0 53.0 3601
1 5 14 62.0 72.0 66.0 169
10 2 14 60.0 54 62.0 2413
1 5 15 50.0 58.0 37 3129
1 11 12 55.0 71.0 57.0 3603
1 7 29 50.0 71.0 69.0 3033
1 6 16 53.0 78.0 68.0 2849
1 5 15 55.0 52.0 58.0 3605
1 4 24 51.0 79.0 59.0 3604
1 5 52 54.0 77.0 55.0 208
13 9 13 51.0 73.0 68.0 1958
1 6 14 57.0 52 44 3609
1 12 14 61.0 78.0 68.0 3609
1 5 17 61 67.0 59.0 3089
1 8 19 66 79.0 57.0 2948
1 5 13 67 75.0 51.0 3604
1 6 12 50.0 62.0 55.0 1695
1 6 19 56.0 73.0 32 3044
3 5 13 62.0 79 47.0 1989
1 6 14 56.0 71.0 62.0 169
1 5 16 63.0 80.0 64.0 2840
1 5 15 57.0 83 70.0 4299
1 5 15 59.0 75.0 62.0 171
1 5 12 54.0 75.0 67.0 3604
1 4 15 56 75.0 40 171
1 6 13 53.0 68.0 61.0 3133
4 5 15 50.0 68.0 65.0 4030
3 5 12 60.0 52.0 72.0 4776

1 5 13 62.0 67.0 59.0 1650
6 5 12 57.0 70.0 67.0 2542
1 9 33 52.0 72.0 54.0 3018
1 6 15 56.0 78 70.0 2865
5 3 13 58.0 84 55.0 4299
1 6 15 55.0 57.0 52.0 3215
1 8 14 49.0 88 81 4299
1 6 17 50.0 71.0 59.0 3022
1 6 16 57.0 81.0 61.0 4298
1 9 13 55.0 65.0 56.0 3168
1 5 18 47.0 37 54.0 3602
10 5 32 52.0 66.0 64.0 2487
6 7 12 47.0 30 71.0 2854
9 5 14 56.0 90 49.0 4299
1 9 12 55.0 70.0 71.0 2969
1 6 38 64.0 65.0 63.0 3605
14 6 17 63.0 67.0 53.0 2291
1 4 14 61.0 60 53.0 3184
1 5 54 53.0 73.0 61.0 3078
1 6 20 50.0 79.0 76 2949
2 5 14 56.0 67.0 48 2296
1 6 14 56.0 71.0 62.0 169
1 5 14 53.0 75.0 60 3604
1 5 15 53.0 77.0 59 2882
3 4 14 57.0 76.0 62.0 2037
1 5 11 52.0 80.0 67.0 2824
1 5 13 61.0 65.0 44.0 3168
1 10 13 57.0 69.0 58.0 3120
2 4 15 47.0 62.0 63.0 3106
2 5 13 55.0 61.0 63.0 1347

1 5 59 53.0 61.0 66.0 3601
3 5 14 62.0 66.0 67.0 2400
1 7 24 54.0 78.0 51.0 2923
1 6 13 53.0 81.0 59.0 4299
3 4 14 62.0 74 52.0 676
1 6 15 89 71.0 53.0 1912
1 6 14 58.0 72.0 74.0 169
1 6 16 58.0 74.0 66.0 172
1 5 14 56.0 72.0 55.0 169
1 6 13 49.0 71.0 62.0 3603
1 5 16 48.0 50.0 32 3602
5 4 23 56.0 88 66.0 4297
3 5 13 57.0 50.0 60.0 4783
4 8 12 58.0 87.0 58.0 4299
1 13 13 52.0 70.0 60.0 3115
1 2 27 62.0 64.0 53 3150
7 5 30 62.0 76.0 57.0 249
1 4 15 55.0 69.0 60.0 3102
1 5 52 54.0 75.0 61.0 3000
1 5 17 53.0 75.0 65.0 173
1 4 14 61.0 65.0 58.0 3119
1 6 14 56.0 71.0 62.0 169
1 5 14 60.0 69.0 80 3120
1 7 15 57.0 74.0 60.0 171
2 5 45 56.0 69.0 43 2177
1 5 13 48.0 79.0 58.0 2841
1 5 14 64.0 68.0 79 3134
1 8 14 59.0 66.0 89 3604
1 3 14 51.0 70.0 62.0 3116
1 6 27 49.0 62.0 62.0 3601

