melhor e media

1811	2774
1793	2518
1762	2181
1696	2191
1696	2049
1696	2065
1696	2051
1696	2057
1696	2021
1696	1925
1696	1836
1696	1825
1696	1805
1696	1788
1696	1792
1696	1780
1696	1744
1696	1768
1696	1738
1696	1735
1696	1737
1696	1736
1696	1736
1696	1705
1696	1705
1696	1727
1696	1702
1696	1697
1696	1727
1696	1696
1696	1696
1696	1696
1696	1696
1696	1696
1696	1696
1696	1696
1696	1696
1696	1696
1696	1696
1696	1696
1696	1696
1696	1696
1696	1696
1696	1696
1696	1696
1696	1696
1696	1696
1696	1696
1696	1696
1696	1696


melhor e media

1661	2920
1641	2589
1641	2503
1641	2354
1641	2174
1641	2108
1641	2135
1641	2004
1641	1990
1641	1988
1641	2027
1641	2017
1641	1946
1641	1931
1641	1884
1641	1831
1641	1732
1641	1707
1641	1711
1641	1669
1641	1687
1641	1681
1641	1692
1641	1684
1641	1730
1641	1710
1641	1711
1641	1728
1641	1686
1641	1679
1641	1677
1641	1706
1641	1676
1641	1691
1641	1693
1641	1693
1641	1693
1641	1647
1641	1641
1641	1641
1641	1641
1641	1641
1641	1641
1641	1641
1641	1641
1641	1641
1641	1641
1641	1641
1641	1641
1641	1641


melhor e media

1814	2777
1717	2726
1717	2522
1677	2406
1677	2170
1677	2156
1667	2023
1641	2007
1641	1930
1641	2066
1641	1976
1641	1949
1641	1948
1641	1953
1641	1876
1641	1808
1641	1846
1641	1785
1641	1783
1641	1741
1641	1694
1641	1677
1641	1711
1641	1686
1641	1680
1641	1666
1641	1641
1641	1641
1641	1641
1641	1641
1641	1641
1641	1641
1641	1641
1641	1647
1641	1644
1641	1641
1641	1641
1641	1641
1641	1641
1641	1641
1641	1641
1641	1641
1641	1641
1641	1641
1641	1641
1641	1641
1641	1641
1641	1641
1641	1641
1641	1641


melhor e media

1895	2917
1781	2562
1776	2489
1756	2363
1728	2372
1728	2262
1728	2199
1728	2232
1728	2029
1728	2095
1728	2170
1728	2034
1728	1989
1728	2049
1728	2076
1728	1981
1728	2001
1728	1837
1728	1813
1728	1829
1728	1793
1728	1831
1728	1816
1728	1832
1728	1771
1728	1793
1728	1759
1728	1759
1728	1759
1728	1759
1728	1759
1728	1756
1728	1740
1728	1733
1728	1751
1728	1728
1728	1759
1728	1759
1728	1741
1728	1740
1728	1728
1728	1740
1728	1728
1728	1728
1728	1728
1728	1728
1728	1728
1728	1728
1728	1728
1728	1728


melhor e media

1756	2932
1756	2728
1756	2592
1756	2330
1756	2238
1756	2208
1756	2075
1756	2060
1756	2012
1756	2064
1756	2106
1756	1935
1756	1874
1756	1902
1756	1846
1756	1904
1756	1846
1756	1862
1756	1858
1756	1851
1756	1793
1756	1791
1756	1828
1756	1821
1756	1823
1756	1785
1756	1790
1756	1760
1756	1760
1756	1760
1756	1760
1756	1760
1756	1756
1756	1756
1756	1756
1756	1756
1756	1756
1756	1756
1756	1756
1756	1756
1756	1756
1756	1756
1756	1756
1756	1756
1756	1756
1756	1756
1756	1756
1756	1756
1756	1756
1756	1756


melhor e media

1842	2735
1728	2533
1728	2747
1728	2495
1728	2353
1728	2268
1728	2202
1728	2135
1728	2098
1728	1998
1728	2023
1728	1943
1728	1935
1728	1894
1728	1885
1728	1869
1728	1879
1728	1865
1728	1846
1728	1829
1728	1754
1728	1771
1728	1801
1728	1740
1728	1740
1728	1763
1728	1772
1728	1760
1728	1759
1728	1753
1728	1759
1728	1759
1728	1759
1728	1759
1728	1759
1728	1759
1728	1734
1728	1759
1728	1729
1728	1729
1728	1729
1728	1729
1728	1728
1728	1728
1728	1728
1728	1728
1728	1728
1728	1728
1728	1728
1728	1728


melhor e media

1876	2894
1796	2576
1726	2345
1675	2798
1655	2561
1655	2261
1655	2276
1655	2150
1655	1991
1642	2043
1641	2074
1641	2065
1641	2090
1641	2188
1641	2141
1641	2003
1641	1960
1641	1957
1641	1819
1641	1771
1641	1762
1641	1895
1641	1852
1641	1812
1641	1806
1641	1725
1641	1728
1641	1672
1641	1672
1641	1706
1641	1673
1641	1644
1641	1641
1641	1641
1641	1641
1641	1641
1641	1641
1641	1641
1641	1641
1641	1641
1641	1641
1641	1641
1641	1641
1641	1641
1641	1641
1641	1641
1641	1641
1641	1641
1641	1641
1641	1641


melhor e media

1726	2774
1648	2369
1648	2396
1648	2093
1648	2170
1648	2049
1648	2000
1648	1888
1648	1809
1648	1758
1648	1726
1648	1735
1648	1696
1648	1730
1648	1723
1648	1738
1648	1673
1648	1722
1648	1685
1648	1706
1648	1660
1648	1661
1648	1654
1648	1648
1648	1648
1648	1648
1648	1648
1648	1648
1648	1648
1648	1648
1648	1648
1648	1648
1648	1648
1648	1648
1648	1648
1648	1648
1648	1648
1648	1648
1648	1648
1648	1648
1648	1648
1648	1648
1648	1648
1648	1648
1648	1648
1648	1648
1648	1648
1648	1648
1648	1648
1648	1648


melhor e media

1876	2882
1776	2619
1756	2638
1756	2478
1756	2370
1756	2268
1756	2180
1756	2196
1756	2116
1756	2008
1756	1994
1756	1968
1756	1939
1756	1887
1756	1871
1756	1805
1756	1840
1756	1842
1756	1783
1756	1762
1756	1756
1756	1756
1756	1756
1756	1756
1756	1756
1756	1756
1756	1756
1756	1756
1756	1756
1756	1756
1756	1756
1756	1756
1756	1756
1756	1756
1756	1756
1756	1756
1756	1756
1756	1756
1756	1756
1756	1756
1756	1756
1756	1756
1756	1756
1756	1756
1756	1756
1756	1756
1756	1756
1756	1756
1756	1756
1756	1756


melhor e media

1789	2929
1686	2608
1666	2459
1641	2573
1641	2516
1641	2110
1641	2161
1641	2194
1641	2006
1641	1894
1641	1846
1641	1761
1641	1826
1641	1807
1641	1791
1641	1765
1641	1718
1641	1728
1641	1672
1641	1715
1641	1720
1641	1695
1641	1693
1641	1708
1641	1688
1641	1671
1641	1685
1641	1690
1641	1660
1641	1660
1641	1671
1641	1673
1641	1673
1641	1641
1641	1641
1641	1641
1641	1641
1641	1641
1641	1641
1641	1641
1641	1641
1641	1641
1641	1641
1641	1641
1641	1641
1641	1641
1641	1641
1641	1641
1641	1641
1641	1641


