melhor e media
1179	2128
1158	1531
1158	1431
1158	1421
1158	1382
1158	1316
1158	1355
1158	1297
1158	1310
1158	1291
1158	1223
1158	1195
1158	1251
1158	1253
1158	1251
1158	1283
1158	1243
1158	1174
1158	1210
1158	1171
1158	1166
1158	1165
1158	1203
1158	1163
1158	1163
1158	1158
1158	1158
1158	1161
1158	1159
1158	1158
1158	1158
1158	1158
1158	1158
1158	1168
1158	1158
1158	1158
1158	1158
1158	1158
1158	1160
1158	1159
1158	1159
1158	1159
1158	1159
1158	1159
1158	1159
1158	1164
1158	1164
1158	1159
1158	1159
1158	1159

melhor e media
1174	2042
1158	1359
1158	1381
1158	1421
1158	1393
1158	1398
1158	1400
1158	1316
1158	1464
1158	1461
1158	1423
1158	1296
1158	1327
1158	1358
1158	1235
1158	1277
1158	1209
1158	1271
1158	1331
1158	1244
1158	1228
1158	1181
1158	1178
1158	1171
1158	1165
1158	1162
1158	1205
1158	1163
1158	1162
1158	1162
1158	1160
1158	1158
1158	1177
1158	1166
1158	1160
1158	1160
1158	1160
1158	1160
1158	1160
1158	1196
1158	1183
1158	1158
1158	1159
1158	1159
1158	1158
1158	1159
1158	1158
1158	1158
1158	1162
1158	1163

melhor e media
1233	2371
1186	1650
1186	1411
1181	1456
1181	1338
1181	1364
1181	1358
1174	1258
1158	1406
1158	1332
1158	1314
1158	1300
1158	1294
1158	1224
1158	1306
1158	1309
1158	1185
1158	1232
1158	1213
1158	1176
1158	1175
1158	1177
1158	1178
1158	1248
1158	1168
1158	1162
1158	1162
1158	1162
1158	1161
1158	1159
1158	1158
1158	1158
1158	1162
1158	1162
1158	1160
1158	1160
1158	1160
1158	1158
1158	1158
1158	1158
1158	1158
1158	1158
1158	1158
1158	1158
1158	1158
1158	1158
1158	1158
1158	1158
1158	1158
1158	1158

melhor e media
1174	2046
1158	1538
1158	1489
1158	1252
1158	1263
1158	1403
1158	1375
1158	1252
1158	1276
1158	1269
1158	1264
1158	1246
1158	1308
1158	1208
1158	1196
1158	1171
1158	1170
1158	1167
1158	1164
1158	1164
1158	1213
1158	1188
1158	1198
1158	1174
1158	1198
1158	1198
1158	1158
1158	1158
1158	1158
1158	1158
1158	1158
1158	1158
1158	1158
1158	1158
1158	1158
1158	1158
1158	1158
1158	1158
1158	1158
1158	1158
1158	1158
1158	1158
1158	1158
1158	1158
1158	1158
1158	1158
1158	1158
1158	1158
1158	1158
1158	1158

melhor e media
1158	2199
1158	1596
1158	1491
1158	1368
1158	1350
1158	1294
1158	1219
1158	1222
1158	1181
1158	1175
1158	1213
1158	1261
1158	1196
1158	1167
1158	1160
1158	1162
1158	1165
1158	1198
1158	1163
1158	1196
1158	1177
1158	1161
1158	1165
1158	1158
1158	1158
1158	1158
1158	1158
1158	1158
1158	1158
1158	1158
1158	1158
1158	1158
1158	1158
1158	1158
1158	1158
1158	1158
1158	1158
1158	1158
1158	1158
1158	1158
1158	1158
1158	1158
1158	1158
1158	1158
1158	1158
1158	1158
1158	1158
1158	1158
1158	1158
1158	1158

melhor e media
1191	2048
1158	1709
1158	1527
1158	1296
1158	1318
1158	1390
1158	1349
1158	1272
1158	1252
1158	1240
1158	1245
1158	1224
1158	1226
1158	1174
1158	1206
1158	1187
1158	1173
1158	1170
1158	1164
1158	1239
1158	1159
1158	1159
1158	1158
1158	1158
1158	1159
1158	1159
1158	1158
1158	1158
1158	1158
1158	1158
1158	1158
1158	1158
1158	1158
1158	1158
1158	1158
1158	1158
1158	1158
1158	1158
1158	1158
1158	1158
1158	1158
1158	1158
1158	1158
1158	1158
1158	1158
1158	1158
1158	1158
1158	1158
1158	1158
1158	1158

melhor e media
1204	2050
1204	1522
1191	1502
1120	1396
1120	1293
1120	1300
1120	1301
1120	1408
1120	1268
1120	1212
1120	1205
1120	1176
1120	1157
1120	1154
1120	1150
1120	1160
1120	1146
1120	1181
1120	1155
1120	1136
1120	1127
1120	1135
1120	1166
1120	1132
1120	1130
1120	1124
1120	1125
1120	1121
1120	1121
1120	1121
1120	1123
1120	1123
1120	1122
1120	1122
1120	1120
1120	1120
1120	1120
1120	1120
1120	1120
1120	1120
1120	1120
1120	1120
1120	1120
1120	1120
1120	1120
1120	1120
1120	1120
1120	1120
1120	1120
1120	1120

melhor e media
1190	2172
1158	1748
1158	1575
1158	1386
1158	1346
1158	1313
1158	1264
1158	1237
1158	1235
1158	1210
1158	1257
1158	1194
1158	1263
1158	1205
1158	1173
1158	1198
1158	1217
1158	1172
1158	1178
1158	1166
1158	1170
1158	1166
1158	1181
1158	1166
1158	1160
1158	1163
1158	1178
1158	1174
1158	1158
1158	1158
1158	1158
1158	1158
1158	1158
1158	1158
1158	1158
1158	1158
1158	1158
1158	1158
1158	1158
1158	1158
1158	1158
1158	1158
1158	1158
1158	1158
1158	1158
1158	1158
1158	1158
1158	1158
1158	1158
1158	1158

melhor e media
1158	2119
1158	1728
1158	1446
1158	1541
1158	1611
1158	1352
1158	1373
1158	1384
1158	1270
1158	1268
1158	1213
1158	1265
1158	1365
1158	1318
1158	1202
1158	1226
1158	1211
1158	1197
1158	1178
1158	1169
1158	1164
1158	1184
1158	1160
1158	1198
1158	1160
1158	1158
1158	1162
1158	1161
1158	1158
1158	1158
1158	1158
1158	1158
1158	1158
1158	1158
1158	1158
1158	1158
1158	1158
1158	1158
1158	1158
1158	1158
1158	1158
1158	1158
1158	1158
1158	1158
1158	1158
1158	1158
1158	1158
1158	1158
1158	1158
1158	1158

melhor e media
1319	2439
1226	1769
1197	1507
1158	1472
1158	1529
1158	1328
1158	1551
1158	1358
1158	1248
1158	1227
1158	1250
1158	1244
1158	1292
1158	1185
1158	1239
1158	1231
1158	1184
1158	1191
1158	1192
1158	1183
1158	1201
1158	1182
1158	1203
1158	1160
1158	1160
1158	1160
1158	1159
1158	1159
1158	1159
1158	1159
1158	1159
1158	1159
1158	1158
1158	1158
1158	1158
1158	1158
1158	1158
1158	1158
1158	1158
1158	1158
1158	1158
1158	1158
1158	1158
1158	1158
1158	1158
1158	1158
1158	1158
1158	1158
1158	1158
1158	1158

