melhor e media

1864	2908
1795	2702
1761	2601
1717	2647
1677	2663
1641	2355
1641	2433
1641	2469
1641	2274
1641	2168
1641	1904
1641	2036
1641	1947
1641	1882
1641	1813
1641	1846
1641	1790
1641	1747
1641	1771
1641	1743
1641	1788
1641	1756
1641	1666
1641	1666
1641	1666
1641	1666
1641	1666
1641	1666
1641	1666
1641	1706
1641	1706
1641	1646
1641	1649
1641	1641
1641	1641
1641	1641
1641	1641
1641	1641
1641	1641
1641	1641
1641	1641
1641	1641
1641	1641
1641	1641
1641	1641
1641	1641
1641	1641
1641	1641
1641	1641
1641	1641


melhor e media

1781	2864
1752	2780
1729	2585
1729	2243
1729	2183
1729	2257
1729	2223
1729	2078
1729	1972
1729	2001
1729	2075
1729	1957
1729	1908
1729	1902
1729	1885
1729	1925
1729	1912
1729	1838
1729	1877
1729	1829
1729	1830
1729	1825
1729	1869
1729	1786
1729	1778
1729	1734
1729	1749
1729	1784
1729	1731
1729	1733
1729	1733
1729	1736
1729	1729
1729	1734
1729	1738
1729	1729
1729	1729
1729	1729
1729	1729
1729	1729
1729	1729
1729	1729
1729	1729
1729	1729
1729	1729
1729	1729
1729	1729
1729	1729
1729	1729
1729	1729


melhor e media

1675	2771
1641	2787
1641	2504
1641	2341
1641	2180
1641	2033
1641	1955
1641	2042
1641	1851
1641	1887
1641	1811
1641	1750
1641	1844
1641	1779
1641	1683
1641	1758
1641	1746
1641	1687
1641	1690
1641	1687
1641	1706
1641	1667
1641	1645
1641	1653
1641	1655
1641	1706
1641	1641
1641	1641
1641	1641
1641	1641
1641	1641
1641	1641
1641	1641
1641	1641
1641	1641
1641	1641
1641	1641
1641	1641
1641	1641
1641	1641
1641	1641
1641	1641
1641	1641
1641	1641
1641	1641
1641	1641
1641	1641
1641	1641
1641	1641
1641	1641


melhor e media

1873	2851
1809	2805
1737	2753
1729	2597
1729	2435
1729	2443
1729	2470
1729	2425
1729	2418
1729	2250
1729	2163
1729	2092
1729	2131
1655	1922
1655	1879
1655	2095
1655	1986
1655	2079
1655	2081
1655	1963
1655	1954
1655	1827
1655	1778
1655	1966
1655	1850
1655	1783
1655	1776
1655	1814
1655	1721
1655	1711
1655	1771
1655	1779
1655	1768
1655	1655
1655	1719
1655	1674
1655	1657
1655	1667
1655	1657
1655	1657
1655	1657
1655	1655
1655	1655
1655	1655
1655	1655
1655	1655
1655	1655
1655	1655
1655	1655
1655	1655


melhor e media

1761	2903
1655	2468
1655	2205
1655	2274
1655	2135
1642	2022
1641	2248
1641	2400
1641	2132
1641	2069
1641	2011
1641	1926
1641	2065
1641	1972
1641	1937
1641	1890
1641	1920
1641	1844
1641	1799
1641	1764
1641	1846
1641	1830
1641	1784
1641	1760
1641	1770
1641	1715
1641	1682
1641	1641
1641	1641
1641	1706
1641	1666
1641	1666
1641	1641
1641	1641
1641	1641
1641	1641
1641	1641
1641	1641
1641	1641
1641	1641
1641	1641
1641	1641
1641	1641
1641	1641
1641	1641
1641	1641
1641	1641
1641	1641
1641	1641
1641	1641


melhor e media

1884	2604
1884	2761
1812	2507
1772	2070
1772	2336
1772	2194
1772	2087
1772	2065
1762	2014
1696	2042
1696	1964
1696	1901
1696	1883
1696	1811
1696	1944
1696	1902
1696	1827
1696	1791
1696	1846
1696	1784
1696	1824
1696	1717
1696	1759
1696	1716
1696	1720
1696	1720
1696	1719
1696	1750
1696	1719
1696	1739
1696	1698
1696	1698
1696	1698
1696	1698
1696	1698
1696	1698
1696	1698
1696	1696
1696	1696
1696	1696
1696	1696
1696	1696
1696	1696
1696	1696
1696	1696
1696	1696
1696	1696
1696	1696
1696	1696
1696	1696


melhor e media

1842	3064
1842	2527
1756	2273
1756	2538
1756	2397
1756	2317
1756	2142
1756	1998
1756	1959
1756	1874
1756	1953
1756	1961
1756	1789
1756	1825
1756	1758
1756	1756
1756	1786
1756	1775
1756	1756
1756	1756
1756	1756
1756	1756
1756	1756
1756	1756
1756	1756
1756	1756
1756	1756
1756	1756
1756	1756
1756	1756
1756	1756
1756	1756
1756	1756
1756	1756
1756	1756
1756	1756
1756	1756
1756	1756
1756	1756
1756	1756
1756	1756
1756	1756
1756	1756
1756	1756
1756	1756
1756	1756
1756	1756
1756	1756
1756	1756
1756	1756


melhor e media

1814	2852
1756	2477
1756	2706
1756	2704
1756	2525
1756	2486
1756	2261
1756	2176
1728	2209
1728	2531
1728	2200
1728	2233
1728	2212
1728	2009
1728	1956
1728	1954
1728	1992
1728	1986
1728	1873
1728	1865
1728	1797
1728	1794
1728	1794
1728	1794
1728	1790
1728	1774
1728	1728
1728	1728
1728	1728
1728	1728
1728	1728
1728	1728
1728	1728
1728	1728
1728	1728
1728	1728
1728	1728
1728	1728
1728	1728
1728	1728
1728	1728
1728	1728
1728	1728
1728	1728
1728	1728
1728	1728
1728	1728
1728	1728
1728	1728
1728	1728


melhor e media

1845	2878
1841	2543
1760	2446
1760	2319
1760	2378
1760	2384
1760	2086
1760	2057
1760	2192
1760	1921
1760	1883
1760	1880
1760	1839
1760	1932
1728	1813
1728	2572
1728	2422
1728	2307
1728	2176
1728	2114
1728	2066
1728	1980
1728	1899
1728	1824
1728	1800
1728	1801
1728	1829
1728	1801
1728	1754
1728	1802
1728	1775
1728	1844
1728	1760
1728	1852
1728	1761
1728	1777
1728	1731
1728	1731
1728	1738
1728	1728
1728	1738
1728	1731
1728	1780
1728	1728
1728	1728
1728	1728
1728	1728
1728	1728
1728	1728
1728	1728


melhor e media

1857	2781
1809	2554
1809	2687
1781	2709
1781	2602
1767	2528
1767	2614
1766	2326
1751	2490
1721	2389
1686	2287
1677	2291
1677	2270
1655	2217
1655	2137
1655	2120
1655	2018
1655	2038
1655	2015
1641	1852
1641	2035
1641	2097
1641	2002
1641	2010
1641	2072
1641	1980
1641	1920
1641	1952
1641	1887
1641	1963
1641	1869
1641	1845
1641	1711
1641	1681
1641	1666
1641	1666
1641	1666
1641	1648
1641	1680
1641	1641
1641	1641
1641	1641
1641	1641
1641	1641
1641	1641
1641	1641
1641	1641
1641	1641
1641	1641
1641	1641


