melhor e media
1206	2380
1206	1697
1179	1493
1179	1336
1179	1269
1179	1327
1176	1229
1158	1384
1158	1269
1158	1186
1158	1191
1158	1199
1158	1180
1158	1171
1158	1176
1158	1163
1158	1163
1158	1163
1158	1161
1158	1161
1158	1191
1158	1166
1158	1158
1158	1158
1158	1159
1158	1158
1158	1158
1158	1158
1158	1158
1158	1158
1158	1158
1158	1158
1158	1158
1158	1158
1158	1158
1158	1158
1158	1158
1158	1158
1158	1158
1158	1158
1158	1158
1158	1158
1158	1158
1158	1158
1158	1158
1158	1158
1158	1158
1158	1158
1158	1158
1158	1158

melhor e media
1237	2140
1158	1496
1158	1459
1158	1456
1158	1301
1158	1276
1158	1229
1158	1201
1158	1260
1158	1247
1158	1244
1158	1169
1158	1169
1158	1162
1158	1239
1158	1198
1158	1170
1158	1158
1158	1158
1158	1158
1158	1158
1158	1158
1158	1158
1158	1158
1158	1158
1158	1158
1158	1158
1158	1158
1158	1158
1158	1158
1158	1158
1158	1158
1158	1158
1158	1158
1158	1158
1158	1158
1158	1158
1158	1158
1158	1158
1158	1158
1158	1158
1158	1158
1158	1158
1158	1158
1158	1158
1158	1158
1158	1158
1158	1158
1158	1158
1158	1158

melhor e media
1220	2025
1220	1481
1179	1398
1179	1329
1179	1361
1179	1276
1179	1232
1179	1204
1179	1196
1176	1185
1172	1305
1172	1303
1158	1209
1158	1193
1158	1278
1158	1363
1158	1299
1158	1176
1158	1191
1158	1169
1158	1160
1158	1166
1158	1165
1158	1162
1158	1159
1158	1158
1158	1158
1158	1158
1158	1158
1158	1158
1158	1158
1158	1158
1158	1158
1158	1158
1158	1158
1158	1158
1158	1158
1158	1158
1158	1158
1158	1158
1158	1158
1158	1158
1158	1158
1158	1158
1158	1158
1158	1158
1158	1158
1158	1158
1158	1158
1158	1158

melhor e media
1253	2205
1253	1494
1206	1359
1206	1372
1203	1347
1181	1264
1181	1346
1181	1295
1181	1246
1181	1238
1181	1231
1181	1287
1181	1277
1181	1272
1181	1194
1181	1190
1181	1190
1181	1191
1181	1184
1181	1184
1181	1184
1181	1186
1181	1181
1181	1182
1181	1183
1181	1183
1181	1181
1181	1181
1181	1181
1181	1181
1181	1181
1181	1181
1181	1181
1181	1181
1181	1181
1181	1181
1181	1181
1181	1181
1181	1181
1181	1181
1181	1181
1181	1181
1181	1181
1181	1181
1181	1181
1181	1181
1181	1181
1181	1181
1181	1181
1181	1181

melhor e media
1158	1963
1158	1686
1158	1445
1158	1431
1158	1298
1158	1327
1158	1198
1158	1293
1158	1291
1158	1265
1158	1180
1158	1188
1158	1165
1158	1161
1158	1161
1158	1160
1158	1159
1158	1158
1158	1162
1158	1158
1158	1158
1158	1158
1158	1158
1158	1158
1158	1158
1158	1158
1158	1158
1158	1158
1158	1158
1158	1158
1158	1158
1158	1158
1158	1158
1158	1158
1158	1158
1158	1158
1158	1158
1158	1158
1158	1158
1158	1158
1158	1158
1158	1158
1158	1158
1158	1158
1158	1158
1158	1158
1158	1158
1158	1158
1158	1158
1158	1158

melhor e media
1306	2217
1282	1676
1282	1727
1282	1556
1282	1437
1282	1438
1282	1439
1282	1428
1282	1328
1282	1332
1265	1382
1265	1319
1250	1303
1250	1306
1250	1405
1250	1323
1250	1266
1250	1344
1250	1296
1250	1263
1250	1303
1250	1335
1250	1255
1250	1250
1250	1251
1190	1248
1190	1265
1190	1350
1190	1236
1158	1227
1158	1256
1158	1322
1158	1266
1158	1251
1158	1251
1158	1253
1158	1176
1158	1221
1158	1260
1158	1180
1158	1176
1158	1163
1158	1168
1158	1162
1158	1158
1158	1158
1158	1158
1158	1158
1158	1158
1158	1158

melhor e media
1294	2380
1197	1448
1158	1383
1158	1212
1158	1300
1158	1236
1158	1305
1158	1191
1158	1230
1158	1188
1158	1179
1158	1172
1158	1179
1158	1169
1158	1172
1158	1163
1158	1162
1158	1158
1158	1159
1158	1158
1158	1158
1158	1158
1158	1158
1158	1158
1158	1158
1158	1158
1158	1158
1158	1158
1158	1158
1158	1158
1158	1158
1158	1158
1158	1158
1158	1158
1158	1158
1158	1158
1158	1158
1158	1158
1158	1158
1158	1158
1158	1158
1158	1158
1158	1158
1158	1158
1158	1158
1158	1158
1158	1158
1158	1158
1158	1158
1158	1158

melhor e media
1270	2368
1270	2085
1270	1574
1270	1481
1270	1372
1270	1356
1270	1323
1270	1309
1270	1305
1270	1300
1270	1308
1270	1299
1270	1288
1270	1285
1270	1279
1270	1282
1270	1278
1270	1271
1270	1274
1270	1272
1270	1270
1270	1273
1270	1270
1270	1270
1270	1270
1270	1270
1270	1270
1270	1270
1270	1270
1270	1270
1270	1270
1270	1270
1270	1270
1270	1270
1270	1270
1270	1270
1270	1270
1270	1270
1270	1270
1270	1270
1270	1270
1270	1270
1270	1270
1270	1270
1270	1270
1270	1270
1270	1270
1270	1270
1270	1270
1270	1270

melhor e media
1244	2379
1244	1733
1217	1525
1197	1381
1158	1402
1158	1466
1158	1285
1158	1327
1158	1285
1158	1244
1158	1179
1158	1266
1158	1158
1158	1160
1158	1160
1158	1158
1158	1158
1158	1158
1158	1158
1158	1158
1158	1158
1158	1158
1158	1158
1158	1158
1158	1158
1158	1158
1158	1158
1158	1158
1158	1158
1158	1158
1158	1158
1158	1158
1158	1158
1158	1158
1158	1158
1158	1158
1158	1158
1158	1158
1158	1158
1158	1158
1158	1158
1158	1158
1158	1158
1158	1158
1158	1158
1158	1158
1158	1158
1158	1158
1158	1158
1158	1158

melhor e media
1201	1996
1170	1641
1170	1407
1120	1340
1120	1226
1120	1245
1120	1250
1120	1181
1120	1177
1120	1162
1120	1202
1120	1160
1120	1150
1120	1143
1120	1141
1120	1134
1120	1125
1120	1125
1120	1120
1120	1120
1120	1120
1120	1120
1120	1120
1120	1120
1120	1120
1120	1120
1120	1120
1120	1120
1120	1120
1120	1120
1120	1120
1120	1120
1120	1120
1120	1120
1120	1120
1120	1120
1120	1120
1120	1120
1120	1120
1120	1120
1120	1120
1120	1120
1120	1120
1120	1120
1120	1120
1120	1120
1120	1120
1120	1120
1120	1120
1120	1120

