melhor e media
1206	1901
1158	1538
1158	1419
1158	1281
1158	1312
1158	1329
1158	1489
1158	1371
1158	1211
1158	1401
1158	1448
1158	1312
1158	1291
1158	1205
1158	1187
1158	1162
1158	1201
1158	1171
1158	1281
1158	1176
1158	1325
1158	1244
1158	1244
1158	1168
1158	1199
1158	1195
1158	1245
1158	1239
1158	1239
1158	1162
1158	1162
1158	1204
1158	1162
1158	1162
1158	1158
1158	1158
1158	1158
1158	1158
1158	1158
1158	1158
1158	1158
1158	1158
1158	1158
1158	1158
1158	1158
1158	1158
1158	1158
1158	1158
1158	1158
1158	1158

melhor e media
1158	2028
1158	1607
1158	1443
1158	1521
1158	1475
1158	1343
1158	1273
1158	1201
1158	1221
1158	1328
1158	1295
1158	1270
1158	1256
1158	1328
1158	1335
1158	1167
1158	1169
1158	1162
1158	1168
1158	1179
1158	1171
1158	1163
1158	1165
1158	1164
1158	1160
1158	1160
1158	1161
1158	1158
1158	1158
1158	1158
1158	1158
1158	1158
1158	1158
1158	1158
1158	1158
1158	1158
1158	1158
1158	1158
1158	1158
1158	1158
1158	1158
1158	1158
1158	1158
1158	1158
1158	1158
1158	1158
1158	1158
1158	1158
1158	1158
1158	1158

melhor e media
1308	2133
1158	1696
1158	1349
1158	1543
1158	1360
1158	1353
1158	1204
1158	1312
1158	1407
1158	1291
1158	1177
1158	1183
1158	1248
1158	1250
1158	1215
1158	1193
1158	1172
1158	1172
1158	1164
1158	1159
1158	1162
1158	1163
1158	1162
1158	1168
1158	1160
1158	1158
1158	1158
1158	1158
1158	1158
1158	1158
1158	1158
1158	1239
1158	1239
1158	1167
1158	1162
1158	1162
1158	1162
1158	1158
1158	1158
1158	1158
1158	1158
1158	1158
1158	1158
1158	1158
1158	1158
1158	1158
1158	1158
1158	1158
1158	1158
1158	1158

melhor e media
1241	2286
1179	1635
1179	1345
1179	1364
1179	1480
1179	1332
1179	1302
1158	1287
1158	1273
1158	1375
1158	1383
1158	1338
1158	1356
1158	1348
1158	1353
1158	1213
1158	1190
1158	1293
1158	1217
1158	1264
1158	1203
1158	1242
1158	1158
1158	1158
1158	1158
1158	1158
1158	1158
1158	1158
1158	1158
1158	1158
1158	1158
1158	1158
1158	1158
1158	1158
1158	1158
1158	1158
1158	1158
1158	1158
1158	1158
1158	1158
1158	1158
1158	1158
1158	1158
1158	1158
1158	1158
1158	1158
1158	1158
1158	1158
1158	1158
1158	1158

melhor e media
1190	2018
1190	1502
1158	1353
1158	1480
1158	1409
1158	1334
1158	1248
1158	1252
1158	1367
1158	1264
1158	1275
1158	1231
1158	1349
1158	1276
1158	1294
1158	1253
1158	1217
1158	1199
1158	1242
1158	1171
1158	1159
1158	1239
1158	1239
1158	1162
1158	1166
1158	1160
1158	1168
1158	1162
1158	1166
1158	1235
1158	1165
1158	1159
1158	1162
1158	1162
1158	1162
1158	1158
1158	1158
1158	1158
1158	1158
1158	1158
1158	1158
1158	1158
1158	1158
1158	1158
1158	1158
1158	1158
1158	1158
1158	1158
1158	1158
1158	1158

melhor e media
1179	1949
1158	1668
1158	1369
1158	1247
1158	1277
1158	1246
1158	1350
1158	1397
1158	1352
1158	1185
1158	1178
1158	1178
1158	1169
1158	1193
1158	1245
1158	1244
1158	1163
1158	1160
1158	1170
1158	1159
1158	1158
1158	1158
1158	1158
1158	1158
1158	1158
1158	1158
1158	1158
1158	1158
1158	1158
1158	1158
1158	1158
1158	1158
1158	1158
1158	1158
1158	1158
1158	1158
1158	1158
1158	1158
1158	1158
1158	1158
1158	1158
1158	1158
1158	1158
1158	1158
1158	1158
1158	1158
1158	1158
1158	1158
1158	1158
1158	1158

melhor e media
1267	2019
1200	1420
1200	1492
1185	1346
1185	1447
1185	1448
1185	1432
1185	1307
1185	1326
1170	1223
1170	1255
1170	1236
1170	1379
1170	1244
1170	1246
1120	1279
1120	1298
1120	1259
1120	1311
1120	1315
1120	1262
1120	1305
1120	1312
1120	1230
1120	1257
1120	1176
1120	1148
1120	1164
1120	1149
1120	1153
1120	1139
1120	1143
1120	1127
1120	1131
1120	1138
1120	1140
1120	1127
1120	1127
1120	1127
1120	1125
1120	1120
1120	1120
1120	1120
1120	1120
1120	1120
1120	1120
1120	1120
1120	1120
1120	1120
1120	1120

melhor e media
1158	2243
1158	1796
1158	1561
1158	1428
1158	1253
1158	1265
1158	1288
1158	1325
1158	1307
1158	1238
1158	1172
1158	1251
1158	1207
1158	1179
1158	1163
1158	1164
1158	1162
1158	1162
1158	1235
1158	1239
1158	1239
1158	1158
1158	1158
1158	1158
1158	1158
1158	1158
1158	1158
1158	1158
1158	1158
1158	1158
1158	1158
1158	1158
1158	1158
1158	1158
1158	1158
1158	1158
1158	1158
1158	1158
1158	1158
1158	1158
1158	1158
1158	1158
1158	1158
1158	1158
1158	1158
1158	1158
1158	1158
1158	1158
1158	1158
1158	1158

melhor e media
1226	2111
1226	1753
1197	1423
1195	1352
1195	1502
1195	1395
1195	1272
1158	1250
1158	1303
1158	1404
1158	1261
1158	1357
1158	1368
1158	1386
1158	1209
1158	1263
1158	1167
1158	1251
1158	1213
1158	1214
1158	1201
1158	1179
1158	1172
1158	1164
1158	1163
1158	1163
1158	1158
1158	1158
1158	1158
1158	1158
1158	1158
1158	1158
1158	1158
1158	1158
1158	1158
1158	1158
1158	1158
1158	1158
1158	1158
1158	1158
1158	1158
1158	1158
1158	1158
1158	1158
1158	1158
1158	1158
1158	1158
1158	1158
1158	1158
1158	1158

melhor e media
1158	1959
1158	1769
1158	1478
1158	1333
1158	1435
1158	1375
1158	1219
1158	1256
1158	1506
1158	1244
1158	1228
1158	1272
1158	1194
1158	1261
1158	1268
1158	1179
1158	1171
1158	1216
1158	1275
1158	1194
1158	1171
1158	1161
1158	1161
1158	1158
1158	1158
1158	1158
1158	1158
1158	1158
1158	1158
1158	1158
1158	1158
1158	1158
1158	1158
1158	1158
1158	1158
1158	1158
1158	1158
1158	1158
1158	1158
1158	1158
1158	1158
1158	1158
1158	1158
1158	1158
1158	1158
1158	1158
1158	1158
1158	1158
1158	1158
1158	1158

