melhor e media

1572	3099
1486	2003
1465	1848
1451	1833
1449	1665
1446	1694
1445	1722
1444	1839
1444	1804
1444	1836
1444	1747
1444	1797
1374	1552
1374	1713
1374	1687
1374	1744
1374	1632
1374	1879
1374	1799
1374	1952
1374	1727
1374	1774
1374	1827
1374	1767
1374	1711
1374	1656
1374	1703
1374	1684
1374	1660
1374	1707
1374	1776
1374	1917
1374	1751
1374	1721
1374	1650
1374	1822
1374	1573
1374	1657
1374	1809
1374	1816
1374	1774
1374	1709
1374	1658
1374	1639
1374	1848
1374	1725
1374	1726
1374	1763
1374	1730
1374	1857
1374	1862
1374	1807
1374	1818
1374	1779
1374	1698
1374	1780
1374	1745
1370	1468
1370	1678
1370	1640
1370	1706
1370	1864
1370	1718
1370	1797
1370	1691
1370	1709
1370	1669
1370	1749
1370	1616
1370	1714
1370	1513
1370	1667
1370	1667
1370	1842
1370	1870
1370	1937
1370	1810
1370	1755
1370	1846
1370	1669
1370	1694
1370	1740
1370	1764
1370	1696
1370	1661
1370	1819
1370	1687
1370	1739
1370	1582
1370	1686
1370	1869
1370	1854
1370	1869
1370	1737
1370	1748
1370	1665
1370	1732
1370	1754
1370	1708
1370	1891

melhor e media

1523	2815
1467	1933
1450	1729
1441	1659
1441	1678
1435	1709
1435	1754
1435	1774
1434	1799
1434	1743
1434	1774
1434	1735
1434	1656
1434	1832
1434	1802
1434	1685
1382	1584
1382	1779
1382	1808
1382	1674
1382	1676
1382	1717
1382	1679
1382	1725
1382	1795
1382	1744
1382	1575
1382	1622
1382	1676
1382	1645
1382	1663
1382	1790
1382	1871
1382	1769
1382	1813
1382	1704
1382	1849
1382	1757
1382	1740
1382	1864
1382	1723
1382	1732
1382	1713
1382	1728
1382	1789
1382	1679
1382	1609
1382	1549
1382	1724
1382	1714
1382	1687
1382	1806
1382	1680
1382	1695
1382	1762
1382	1710
1382	1637
1382	1714
1382	1720
1382	1570
1382	1604
1382	1714
1382	1734
1382	1657
1382	1669
1382	1638
1382	1669
1382	1717
1382	1691
1382	1657
1382	1705
1382	1814
1382	1836
1382	1781
1382	1728
1382	1681
1382	1788
1382	1879
1382	1707
1382	1779
1382	1765
1382	1725
1382	1844
1382	1858
1382	1752
1382	1668
1382	1724
1382	1694
1382	1823
1382	1843
1382	1895
1382	1709
1382	1751
1382	1679
1382	1714
1382	1711
1382	1737
1382	1694
1369	1533
1369	1734

melhor e media

1632	3054
1499	2136
1461	1880
1461	1707
1461	1802
1440	1856
1440	1721
1440	1715
1433	1681
1433	1736
1433	1716
1402	1583
1402	1688
1402	1622
1402	1770
1402	1659
1402	1647
1402	1813
1402	1639
1402	1673
1402	1634
1402	1813
1402	1831
1402	1726
1402	1690
1402	1624
1402	1698
1402	1653
1402	1791
1402	1804
1402	1889
1402	1635
1402	1751
1402	1781
1402	1880
1402	1688
1402	1675
1402	1789
1402	1832
1402	1739
1402	1786
1402	1718
1402	1782
1402	1699
1402	1647
1402	1767
1402	1703
1402	1744
1402	1746
1402	1944
1383	1588
1383	1611
1383	1638
1383	1780
1383	1792
1383	1694
1383	1773
1383	1762
1374	1583
1374	1721
1374	1731
1374	1625
1374	1906
1374	1787
1374	1830
1374	1691
1374	1822
1374	1748
1374	1741
1364	1538
1364	1766
1364	1696
1364	1619
1364	1740
1364	1697
1364	1624
1364	1714
1364	1573
1364	1654
1364	1791
1364	1703
1364	1711
1364	1790
1364	1690
1364	1727
1364	1673
1364	1619
1364	1760
1364	1634
1364	1756
1364	1656
1364	1709
1364	1778
1364	1875
1364	1634
1364	1644
1364	1732
1360	1504
1360	1757
1360	1673

melhor e media

1527	3090
1458	2161
1447	1817
1447	1809
1418	1856
1418	1826
1414	1808
1394	1669
1394	1853
1394	1932
1394	1685
1394	1677
1394	1743
1394	1615
1394	1676
1394	1735
1394	1736
1394	1722
1394	1679
1394	1699
1394	1837
1394	1858
1394	1655
1394	1793
1394	1845
1394	1747
1394	1849
1394	1658
1394	1778
1394	1672
1394	1717
1394	1833
1394	1704
1394	1608
1394	1722
1394	1717
1394	1760
1394	1693
1394	1806
1394	1756
1394	1909
1394	1784
1394	1862
1394	1720
1394	1712
1394	1692
1366	1550
1366	1752
1366	1821
1366	1731
1366	1586
1366	1611
1366	1653
1366	1652
1366	1663
1366	1623
1366	1808
1366	1744
1366	1727
1366	1831
1366	1769
1366	1765
1366	1838
1366	1890
1366	1735
1366	1710
1366	1659
1366	1720
1366	1657
1366	1638
1366	1754
1366	1750
1366	1608
1366	1762
1366	1698
1366	1730
1366	1787
1366	1840
1366	1911
1366	1861
1366	1677
1366	1727
1366	1715
1366	1819
1366	1711
1366	1667
1366	1818
1366	1738
1366	1847
1366	2092
1366	1638
1366	1898
1366	1671
1366	1709
1366	1772
1366	1856
1366	1973
1366	1694
1366	1723
1366	1684

melhor e media

1427	3123
1427	2498
1427	2013
1427	2053
1412	1948
1407	1866
1407	1718
1407	1901
1407	1824
1401	1797
1401	1704
1401	1726
1401	1773
1401	1766
1401	1753
1401	1741
1401	2004
1401	1727
1401	1787
1401	1839
1401	1838
1401	1855
1401	1772
1401	1822
1401	1737
1401	1968
1401	1806
1401	1849
1401	1899
1401	1793
1401	1919
1401	1798
1401	1762
1401	1888
1401	1837
1401	2024
1401	1742
1401	1785
1401	1780
1401	1664
1401	1699
1401	1783
1401	1680
1381	1574
1381	1683
1381	1889
1381	2018
1381	1919
1381	1787
1381	1736
1381	1794
1381	1743
1381	1856
1381	1776
1381	1655
1381	1874
1381	1803
1381	1909
1381	1910
1381	1834
1381	1845
1381	1721
1381	1681
1381	1996
1381	1935
1381	1952
1381	1748
1381	1865
1381	1700
1381	1884
1381	1878
1381	1972
1381	1954
1381	1798
1381	1896
1381	1853
1381	1826
1381	1820
1381	1862
1381	1997
1381	1896
1381	1983
1377	1699
1377	1888
1377	1827
1377	1796
1377	1897
1377	1799
1377	1778
1377	1768
1377	1901
1377	1801
1377	1898
1377	1868
1377	1877
1377	1804
1377	1685
1377	2011
1377	1993
1377	1815

melhor e media

1626	3216
1500	2100
1449	1919
1424	1763
1424	1751
1424	1707
1424	1736
1422	1565
1422	1840
1422	1956
1422	1850
1422	1720
1422	1787
1422	1758
1422	1680
1422	1777
1422	1616
1422	1677
1422	1756
1422	1651
1422	1688
1422	1708
1416	1700
1416	1766
1416	1685
1416	1692
1416	1684
1416	1672
1416	1601
1416	1644
1416	1652
1416	1752
1416	1710
1416	1662
1416	1636
1416	1620
1416	1875
1416	1708
1416	1703
1416	1715
1416	1681
1416	1732
1416	1658
1416	1842
1416	1814
1416	1659
1416	1736
1416	1740
1416	1680
1416	1793
1416	1777
1400	1610
1400	1669
1400	1754
1400	1717
1400	1747
1400	1719
1400	1736
1400	1748
1400	1818
1400	1747
1400	1659
1400	1713
1400	1633
1400	1614
1400	1625
1400	1730
1400	1804
1400	1681
1400	1626
1400	1833
1400	1750
1400	1788
1400	1657
1400	1746
1400	1641
1400	1804
1400	1771
1400	1668
1400	1630
1400	1593
1400	1694
1400	1682
1371	1529
1371	1626
1371	1713
1371	1612
1371	1870
1371	1727
1371	1777
1371	1872
1371	1840
1371	1656
1371	1636
1371	1585
1371	1657
1371	1635
1371	1688
1371	1755
1371	1764

melhor e media

1722	3243
1571	2382
1457	1928
1442	2025
1442	2087
1441	1936
1441	1820
1441	1781
1437	1849
1437	1909
1437	1882
1437	1849
1437	1879
1437	1955
1437	1823
1433	1850
1433	1751
1433	1848
1433	2002
1433	1960
1433	1849
1433	1908
1433	1846
1433	1759
1433	1880
1433	1734
1428	1742
1428	1890
1428	1886
1428	1908
1428	1916
1428	1803
1419	1824
1419	1823
1419	1774
1419	1747
1419	1713
1419	1741
1419	1728
1419	1906
1419	1786
1419	1847
1419	1752
1419	1801
1419	1893
1419	1966
1419	1830
1419	1765
1419	1742
1419	1893
1419	1970
1419	1930
1419	1852
1419	1836
1419	1813
1419	1826
1419	1830
1419	1857
1419	1857
1419	1891
1419	1903
1419	1840
1419	1753
1419	1769
1419	1804
1419	1883
1419	1827
1419	1879
1419	1902
1419	1958
1419	1963
1419	1831
1419	2042
1419	1879
1419	1807
1419	1818
1419	1757
1419	1828
1419	1872
1419	1902
1419	1793
1419	1914
1419	1725
1419	1761
1419	1818
1419	1892
1419	1791
1419	1895
1419	2038
1419	1831
1416	1765
1416	1952
1416	1882
1416	1953
1416	1760
1416	1904
1416	1861
1416	1879
1416	1937
1416	2037

melhor e media

1556	2996
1485	2148
1455	1849
1453	1798
1452	1791
1452	1699
1452	1814
1452	1664
1452	1728
1452	1721
1452	1952
1452	1780
1452	1741
1452	1797
1452	1694
1452	1826
1452	1731
1425	1628
1425	1664
1425	1775
1425	1797
1425	1704
1425	1678
1425	1751
1425	1650
1425	1727
1425	1648
1425	1725
1425	1660
1425	1809
1425	1804
1425	1912
1425	1687
1425	1699
1425	1639
1425	1665
1387	1532
1387	1823
1387	1755
1387	1714
1387	1736
1387	1828
1387	1828
1387	1687
1387	1815
1387	1812
1387	1768
1387	1794
1387	1717
1387	1639
1387	1624
1387	1597
1387	1724
1387	1824
1387	1778
1387	1781
1387	1720
1387	1743
1387	1850
1387	1723
1387	1771
1387	1726
1387	1819
1387	1725
1387	1771
1387	1708
1387	1846
1387	1735
1387	1731
1387	1727
1387	1692
1387	1623
1387	1757
1387	1801
1387	1664
1387	1807
1387	1877
1387	1689
1387	1774
1387	1646
1387	1657
1387	1610
1387	1730
1387	1655
1387	1702
1387	1777
1387	1695
1387	1800
1387	1783
1387	1656
1387	1758
1387	1699
1387	1634
1387	1745
1387	1695
1387	1670
1387	1687
1387	1677
1387	1606
1387	1738

melhor e media

1486	3154
1476	2175
1453	1874
1446	1714
1438	1825
1437	1671
1436	1755
1431	1909
1364	1542
1364	1635
1364	1684
1364	1670
1364	1578
1364	1709
1364	1715
1364	1608
1364	1677
1364	1677
1364	1697
1364	1701
1364	1659
1364	1681
1364	1688
1364	1681
1364	1690
1364	1580
1364	1663
1364	1687
1364	1696
1364	1693
1364	1715
1364	1741
1364	1740
1364	1634
1364	1656
1364	1609
1364	1823
1364	1666
1364	1733
1364	1666
1364	1689
1364	1642
1364	1748
1364	1666
1364	1715
1364	1763
1364	1646
1364	1710
1364	1759
1364	1508
1364	1639
1364	1748
1364	1650
1364	1600
1364	1702
1364	1725
1364	1698
1364	1671
1364	1646
1364	1695
1364	1661
1364	1767
1364	1591
1364	1734
1364	1795
1364	1629
1364	1653
1364	1739
1364	1716
1364	1770
1364	1710
1364	1669
1364	1637
1364	1555
1364	1657
1364	1684
1364	1651
1364	1823
1364	1772
1364	1754
1364	1845
1364	1642
1364	1586
1364	1716
1364	1568
1364	1725
1364	1510
1364	1546
1364	1615
1364	1774
1364	1728
1364	1755
1364	1621
1364	1545
1364	1772
1364	1597
1364	1749
1364	1721
1364	1725
1364	1755

melhor e media

1584	3166
1486	2390
1456	1905
1456	1943
1439	1930
1426	1741
1426	1789
1426	1756
1426	1786
1426	1788
1426	1682
1426	1782
1426	1691
1426	1831
1419	1869
1419	1792
1418	1813
1418	1722
1418	1733
1418	1842
1418	1670
1418	1919
1418	1770
1418	1722
1418	1667
1418	1613
1418	1712
1418	1820
1418	1824
1418	1852
1418	1707
1418	1648
1418	1624
1418	1826
1418	1740
1418	1616
1418	1650
1418	1754
1418	1707
1418	1715
1406	1630
1406	1739
1406	1802
1406	1725
1406	1741
1406	1598
1406	1852
1406	1806
1406	1741
1406	1789
1406	1792
1406	1732
1406	1778
1406	1743
1406	1811
1406	1806
1406	1829
1406	1854
1406	1729
1406	1855
1406	1682
1406	1767
1406	1818
1406	1744
1406	1797
1406	1733
1406	1792
1406	1820
1406	1661
1406	1750
1406	1851
1406	1828
1406	1634
1406	1699
1406	1930
1406	1837
1406	1725
1406	1721
1406	1756
1406	1812
1406	1648
1406	1794
1406	1647
1406	1813
1406	1896
1406	1636
1406	1733
1406	1627
1406	1706
1406	1811
1406	1681
1370	1524
1370	1766
1370	1710
1370	1681
1370	1626
1370	1708
1370	1669
1370	1761
1370	1684

melhor e media

1614	3205
1503	2130
1453	1833
1451	1752
1451	1825
1451	1725
1451	1621
1417	1612
1417	1595
1417	1757
1417	1891
1417	1708
1417	1753
1417	1754
1417	1683
1417	1652
1417	1885
1414	1662
1414	1731
1414	1777
1414	1671
1414	1783
1414	1676
1414	1688
1414	1693
1414	1642
1414	1654
1414	1772
1414	1711
1414	1807
1414	1842
1414	1786
1414	1667
1414	1754
1376	1524
1376	1798
1376	1767
1376	1719
1376	1845
1376	1717
1376	1678
1376	1640
1376	1654
1376	1772
1376	1921
1376	1795
1376	1551
1376	1701
1376	1855
1376	1705
1376	1687
1376	1658
1376	1692
1376	1540
1376	1628
1376	1642
1376	1643
1376	1723
1376	1741
1376	1677
1376	1604
1376	1685
1376	1850
1376	1803
1376	1763
1376	1803
1376	1892
1376	1671
1376	1676
1376	1710
1376	1741
1376	1779
1376	1759
1376	1613
1376	1673
1376	1647
1376	1678
1376	1717
1376	1687
1376	1758
1376	1760
1376	1655
1376	1620
1376	1788
1376	1740
1376	1686
1376	1668
1376	1753
1376	1765
1376	1632
1376	1687
1376	1668
1376	1737
1376	1813
1376	1688
1376	1635
1376	1788
1376	1680
1376	1809
1376	1650

melhor e media

1603	3048
1490	2285
1446	1826
1445	1736
1441	1736
1440	1732
1429	1766
1410	1633
1410	1676
1410	1746
1410	1813
1410	1728
1410	1783
1410	1855
1410	1838
1410	1666
1410	1657
1410	1616
1410	1747
1406	1607
1406	1625
1406	1721
1406	1834
1406	1833
1406	2010
1406	1778
1406	1824
1406	1686
1406	1851
1406	1793
1406	1792
1406	1678
1406	1652
1406	1662
1406	1699
1406	1633
1406	1589
1406	1623
1406	1680
1406	1718
1406	1668
1406	1737
1405	1598
1405	1686
1405	1633
1405	1758
1405	1750
1405	1821
1405	1738
1405	1716
1405	1641
1405	1692
1405	1666
1405	1729
1405	1674
1405	1747
1405	1743
1405	1741
1405	1841
1405	1693
1405	1782
1405	1886
1405	1788
1405	1811
1405	1753
1405	1712
1405	1711
1405	1821
1405	1737
1405	1792
1400	1651
1400	1608
1400	1765
1400	1616
1400	1642
1400	1822
1400	1689
1400	1760
1400	1683
1400	1679
1400	1758
1400	1709
1400	1649
1400	1767
1400	1667
1400	1682
1400	1806
1400	1683
1400	1698
1400	1739
1400	1742
1400	1713
1400	1634
1400	1662
1400	1697
1400	1663
1400	1699
1400	1755
1400	1592
1400	1668

melhor e media

1714	3234
1471	2393
1463	1930
1459	1961
1455	1656
1453	1613
1439	1710
1439	1804
1439	1660
1439	1892
1439	1800
1439	1750
1439	1703
1439	1756
1439	1834
1439	1677
1439	1720
1439	1793
1439	1856
1439	1716
1439	1669
1435	1606
1435	1652
1435	1854
1435	1787
1435	1677
1435	1781
1435	1790
1435	1826
1435	1824
1435	1825
1435	1795
1435	1743
1435	1746
1435	1681
1435	1874
1435	1708
1435	1758
1435	1792
1435	1801
1435	1702
1435	1756
1435	1678
1435	1821
1435	1911
1435	1852
1435	1712
1435	1719
1435	1743
1435	1726
1435	1772
1435	1701
1435	1851
1435	1833
1435	1704
1435	1906
1435	1885
1435	1697
1435	1753
1435	1870
1435	1821
1435	1700
1435	1721
1435	1901
1435	1775
1401	1586
1401	1843
1401	1766
1401	1836
1401	1841
1401	1712
1401	1687
1401	1606
1401	1664
1401	1639
1401	1679
1401	1675
1401	1699
1401	1579
1401	1589
1401	1851
1401	1701
1401	1665
1401	1761
1401	1743
1401	1664
1401	1661
1401	1790
1401	1701
1401	1820
1401	1715
1401	1738
1401	1669
1401	1661
1401	1605
1401	1685
1401	1761
1401	1921
1401	1703
1401	1858

melhor e media

1573	3036
1547	2006
1464	1905
1464	1915
1461	1947
1461	1906
1461	1840
1453	1885
1435	1888
1428	1790
1423	1810
1421	1797
1421	1789
1421	1898
1421	1791
1421	1683
1421	1734
1421	1813
1421	1741
1421	1822
1421	1859
1421	1850
1421	1687
1421	1746
1421	1757
1421	1728
1421	1828
1416	1721
1416	2010
1413	1642
1413	1759
1413	1676
1410	1894
1410	1773
1410	1632
1405	1701
1405	1678
1405	1840
1405	1741
1405	1701
1405	1620
1405	1753
1405	1617
1405	1727
1405	1823
1404	1660
1404	1681
1404	1935
1404	1952
1404	1730
1404	1712
1404	1878
1404	1865
1404	1719
1404	1885
1404	1720
1404	1661
1404	1684
1404	1710
1404	1633
1404	1733
1404	1764
1404	1789
1404	1667
1404	1717
1404	1863
1404	1643
1404	1585
1404	1606
1404	1658
1404	1867
1404	1702
1404	1749
1404	1800
1404	1909
1404	1672
1371	1555
1371	1753
1371	1769
1371	1739
1371	1699
1371	1761
1371	1731
1371	1812
1371	1764
1371	1789
1371	1740
1371	1730
1371	1832
1371	1739
1371	1762
1371	1828
1371	1707
1371	1754
1371	1651
1371	1759
1371	1703
1371	1726
1371	1927
1371	1662

melhor e media

1494	3079
1494	2112
1491	1910
1429	1777
1424	1800
1424	1805
1416	1613
1416	1765
1416	1761
1416	1801
1416	1910
1416	1787
1416	1881
1416	1815
1416	1791
1369	1568
1369	1718
1369	1700
1369	1667
1369	1731
1369	1702
1369	1786
1369	1865
1369	1778
1369	1727
1369	1779
1369	1687
1369	1541
1369	1648
1369	1694
1369	1681
1369	1916
1369	1723
1365	1575
1365	1748
1365	1848
1365	1723
1365	1678
1365	1706
1365	1691
1365	1640
1365	1789
1365	1695
1365	1539
1365	1745
1365	1724
1365	1705
1349	1464
1349	1756
1349	1839
1349	1781
1349	1822
1349	1668
1349	1680
1349	1708
1349	1757
1349	1611
1349	1656
1349	1777
1349	1733
1349	1707
1349	1853
1349	1846
1349	1551
1349	1789
1349	1778
1349	1814
1349	1727
1349	1690
1349	1696
1349	1738
1349	1729
1349	1857
1349	1807
1349	1772
1349	1881
1349	1863
1349	1687
1349	1620
1349	1634
1349	1582
1349	1740
1349	1667
1349	1791
1349	1708
1349	1695
1349	1557
1349	1577
1349	1604
1349	1684
1349	1685
1349	1662
1349	1668
1349	1658
1349	1679
1349	1721
1349	1717
1349	1911
1349	1745
1349	1668

melhor e media

1661	3321
1586	2356
1468	1830
1450	1780
1437	1682
1434	1791
1369	1527
1369	1743
1369	1643
1369	1726
1369	1796
1369	1533
1369	1692
1369	1885
1369	1646
1369	1678
1369	1854
1369	1745
1369	1757
1369	1744
1369	1791
1369	1742
1369	1886
1369	1763
1369	1805
1369	1689
1369	1625
1368	1536
1368	1617
1368	1701
1368	1652
1368	1677
1368	1641
1368	1718
1368	1917
1368	1740
1368	1663
1368	1771
1368	1669
1368	1775
1368	1616
1368	1703
1368	1669
1368	1732
1368	1750
1368	1634
1368	1636
1368	1738
1368	1749
1368	1859
1368	1732
1368	1809
1368	1753
1368	1678
1368	1627
1368	1646
1368	1807
1368	1695
1368	1575
1368	1660
1368	1519
1368	1676
1368	1728
1368	1753
1368	1676
1368	1752
1368	1641
1368	1665
1368	1624
1368	1770
1368	1771
1368	1778
1368	1859
1368	1776
1368	1670
1368	1756
1368	1886
1368	1793
1368	1675
1368	1760
1368	1665
1368	1766
1368	1755
1368	1704
1368	1491
1368	1765
1368	1670
1368	1721
1368	1705
1368	1841
1368	1878
1368	1710
1368	1702
1368	1706
1368	1802
1368	1656
1368	1642
1368	1815
1368	1628
1368	1669

melhor e media

1584	2802
1497	2220
1486	2068
1454	1881
1454	1671
1433	1781
1433	1811
1433	1810
1433	1781
1433	1745
1433	1818
1433	1785
1433	1672
1433	1846
1433	1730
1433	1620
1431	1768
1431	1681
1431	1857
1431	1719
1431	1893
1431	1793
1431	1675
1431	1845
1431	1731
1431	1728
1431	1635
1431	1753
1431	1795
1431	1710
1431	1730
1431	1689
1431	1696
1431	1679
1431	1711
1430	1713
1430	1796
1430	1655
1430	1619
1430	1704
1430	1748
1430	1740
1430	1711
1430	1752
1430	1644
1430	1729
1430	1753
1430	1733
1430	1882
1430	1760
1430	1808
1430	1734
1430	1708
1430	1718
1430	1730
1430	1770
1430	1695
1430	1713
1430	1688
1430	1781
1430	1648
1430	1759
1417	1636
1417	1760
1417	1807
1417	1746
1411	1599
1411	1695
1411	1844
1411	1799
1411	1798
1411	1807
1411	1741
1411	1710
1411	1689
1411	1774
1411	1896
1411	1750
1411	1895
1411	1638
1411	1654
1411	1668
1411	1840
1411	1669
1411	1699
1411	1729
1411	1686
1411	1751
1411	1806
1411	1616
1411	1751
1411	1806
1411	1694
1411	1636
1411	1656
1411	1715
1411	1678
1411	1599
1411	1763
1411	1700

melhor e media

1515	2980
1487	2304
1481	1969
1461	1879
1461	1798
1446	1980
1446	1687
1443	1771
1443	1883
1443	1923
1443	1834
1443	1814
1443	1754
1443	1712
1443	1766
1443	1804
1443	1802
1443	1785
1443	1826
1443	1771
1443	1724
1443	1831
1443	1854
1388	1588
1388	1781
1388	1882
1388	1949
1388	1722
1388	1819
1388	1940
1388	1799
1388	1947
1388	1810
1388	1954
1388	1775
1388	1772
1388	1751
1388	1847
1388	1823
1388	1802
1388	1793
1388	1603
1388	1714
1388	1584
1388	1649
1388	1672
1388	1851
1388	1768
1388	1697
1388	1743
1388	1708
1388	1877
1388	1911
1388	1750
1388	1786
1388	1760
1388	1683
1388	1791
1388	1770
1388	1806
1388	1915
1388	1819
1388	1775
1388	1882
1388	1751
1388	1834
1388	1800
1388	1846
1388	1838
1388	1837
1388	1882
1388	1728
1388	1675
1388	1737
1388	1609
1388	1737
1388	1779
1388	1692
1388	1803
1388	1921
1388	1823
1388	1795
1388	1795
1388	1817
1388	1779
1388	1762
1388	1924
1388	1809
1388	1842
1388	1821
1388	1827
1388	1892
1388	1784
1388	1753
1388	1774
1388	1752
1388	1760
1388	1734
1388	1643
1388	1722

melhor e media

1727	3024
1479	2103
1469	1801
1432	1773
1432	1758
1432	1764
1396	1603
1396	1751
1396	1744
1396	1694
1396	1707
1396	1719
1396	1691
1396	1696
1396	1732
1396	1826
1396	1651
1396	1830
1396	1869
1396	1896
1396	1859
1396	1657
1396	1859
1396	1833
1396	1634
1396	1686
1396	1866
1396	1684
1396	1710
1396	1649
1396	1691
1381	1582
1381	1834
1381	1789
1381	1667
1381	1883
1381	1667
1381	1654
1381	1777
1381	1697
1381	1698
1381	1749
1381	1667
1381	1827
1381	1748
1381	1639
1381	1676
1381	1756
1381	1672
1381	1838
1381	1762
1381	1821
1381	1693
1381	1677
1381	1765
1381	1794
1381	1848
1381	1734
1381	1801
1381	1835
1381	1857
1381	1678
1381	1797
1381	1707
1381	1806
1381	1748
1381	1737
1381	1736
1381	1892
1381	1771
1381	1604
1381	1571
1366	1518
1366	1697
1366	1683
1366	1677
1366	1740
1366	1723
1366	1648
1366	1755
1366	1703
1366	1832
1366	1636
1366	1678
1366	1632
1366	1751
1366	1853
1366	1784
1366	1813
1366	1689
1366	1646
1366	1671
1366	1722
1366	1613
1366	1725
1366	1840
1366	1662
1366	1748
1366	1758
1366	1733

melhor e media

1610	3153
1515	2225
1471	1908
1469	1774
1465	1710
1460	1626
1451	1619
1448	1638
1448	1631
1447	1622
1443	1768
1441	1797
1441	1734
1441	1694
1441	1765
1441	1837
1441	1879
1441	1652
1439	1724
1439	1611
1439	1709
1439	1625
1439	1648
1439	1871
1439	1848
1439	1753
1439	1821
1439	1817
1439	1640
1439	1994
1439	1836
1439	1689
1439	1684
1439	1752
1439	1700
1439	1649
1421	1634
1421	1597
1421	1675
1421	1758
1421	1763
1421	1738
1421	1747
1421	1686
1421	1613
1421	1762
1421	1673
1421	1691
1421	1634
1421	1801
1421	1774
1421	1691
1421	1659
1421	1823
1421	1840
1421	1632
1421	1729
1421	1670
1421	1666
1421	1751
1421	1632
1421	1835
1421	1590
1421	1635
1421	1567
1421	1743
1421	1718
1421	1723
1421	1893
1421	1850
1421	1754
1421	1831
1421	1794
1421	1676
1421	1866
1421	1786
1421	1758
1421	1652
1421	1657
1421	1632
1421	1728
1421	1625
1421	1738
1421	1807
1421	1799
1421	1758
1421	1724
1421	1696
1421	1719
1421	1632
1421	1657
1421	1821
1421	1693
1421	1821
1421	1782
1421	1788
1421	1747
1421	1743
1421	1693
1394	1493

melhor e media

1563	3087
1471	2256
1470	1965
1468	1998
1468	2044
1454	1798
1441	1792
1437	1648
1437	1763
1437	1696
1437	1778
1437	1739
1437	1726
1437	1796
1429	1656
1427	1692
1417	1708
1383	1580
1383	1858
1383	2008
1383	1873
1383	1912
1383	1772
1383	1651
1383	1836
1383	1773
1383	1762
1383	1776
1383	1970
1383	1781
1383	1725
1383	1837
1383	1735
1383	1744
1383	1711
1383	1790
1383	1728
1381	1632
1381	1794
1381	1753
1381	1769
1381	1645
1381	1833
1381	1654
1375	1598
1375	1794
1375	1678
1375	1686
1375	1853
1375	1738
1375	1701
1375	1706
1375	1830
1375	1728
1375	1750
1375	1848
1375	1826
1375	1820
1375	1831
1375	1727
1375	1663
1375	1814
1375	1646
1375	1679
1375	1669
1375	1773
1375	1807
1375	2014
1375	1670
1375	1825
1375	1718
1375	1907
1375	1833
1375	1732
1375	1778
1375	1785
1375	1662
1375	1649
1375	1684
1375	1547
1375	1714
1375	1698
1375	1720
1375	1662
1375	1671
1375	1667
1375	1622
1375	1600
1375	1767
1375	1771
1375	1783
1375	1786
1375	1724
1375	1717
1375	1649
1375	1755
1375	1662
1375	1805
1375	1723
1375	1704

melhor e media

1832	3170
1426	2277
1426	1872
1418	1776
1414	1803
1414	1708
1414	1833
1414	1825
1414	1875
1412	1863
1412	1839
1410	1690
1410	1648
1410	1629
1410	1817
1410	1754
1410	1840
1410	1863
1410	1727
1410	1718
1410	1713
1410	1787
1410	1789
1410	1736
1410	1640
1410	1891
1410	1660
1410	1782
1410	1758
1410	1756
1410	1779
1410	1674
1410	1752
1410	1721
1410	1747
1410	1768
1410	1760
1410	1686
1410	1878
1410	1842
1410	1709
1410	1948
1410	1638
1393	1548
1393	1715
1393	1695
1393	1869
1393	1877
1366	1569
1366	1649
1366	1756
1366	1766
1366	1802
1366	1707
1366	1772
1366	1783
1366	1722
1366	1655
1366	1675
1366	1817
1366	1558
1366	1750
1366	1594
1366	1550
1366	1757
1366	1650
1366	1630
1366	1787
1366	1826
1366	1712
1366	1547
1366	1662
1366	1687
1366	1673
1366	1723
1366	1771
1366	1731
1366	1739
1366	1817
1366	1697
1366	1630
1366	1762
1366	1759
1366	1785
1366	1676
1366	1695
1366	1769
1366	1717
1366	1710
1366	1738
1366	1727
1366	1779
1366	1707
1366	1893
1366	1593
1366	1737
1366	1649
1366	1783
1366	1752
1366	1620

melhor e media

1516	3285
1467	2184
1466	1883
1465	1718
1465	1773
1461	1776
1457	1829
1457	1750
1457	1786
1453	1839
1451	1772
1451	1819
1451	1877
1450	1952
1447	1698
1434	1698
1410	1562
1410	1666
1410	1620
1410	1785
1410	1741
1410	1691
1410	1703
1410	1714
1399	1584
1399	1715
1399	1631
1399	1699
1399	1851
1399	1837
1399	1740
1349	1478
1349	1685
1349	1725
1349	1639
1349	1850
1349	1631
1349	1617
1349	1907
1349	1657
1349	1803
1349	1673
1349	1798
1349	1721
1349	1752
1349	1711
1349	1721
1349	1680
1349	1683
1349	1507
1349	1713
1349	1824
1349	1757
1349	1738
1349	1906
1349	1698
1349	1660
1349	1695
1349	1725
1349	1751
1349	1650
1349	1767
1349	1692
1349	1649
1349	1640
1349	1779
1349	1768
1349	1917
1349	1673
1349	1621
1349	1704
1349	1718
1349	1777
1349	1688
1349	1746
1349	1580
1349	1609
1349	1593
1349	1651
1349	1773
1349	1706
1349	1774
1349	1755
1349	1890
1349	1863
1349	1753
1349	1605
1349	1792
1349	1730
1349	1825
1349	1742
1349	1792
1349	1690
1349	1835
1349	1787
1349	1739
1349	1926
1349	1743
1349	1846
1349	1733

melhor e media

1490	2905
1449	2070
1449	1950
1447	1747
1446	1663
1445	1663
1443	1671
1443	1682
1422	1574
1422	1606
1422	1689
1422	1704
1422	1682
1422	1794
1422	1808
1422	1646
1422	1634
1422	1735
1422	1779
1422	1683
1422	1793
1422	1808
1422	1634
1422	1654
1422	1697
1422	1699
1422	1822
1422	1761
1422	1812
1422	1691
1422	1807
1422	1758
1422	1742
1422	1616
1422	1686
1422	1753
1422	1673
1422	1734
1422	1836
1422	1734
1422	1776
1422	1841
1422	1849
1422	1703
1422	1727
1422	1758
1422	1675
1422	1579
1422	1603
1422	1776
1422	1820
1422	1674
1422	1699
1422	1729
1422	1680
1422	1824
1422	1823
1422	1829
1422	1830
1422	1764
1422	1715
1422	1678
1422	1839
1422	1753
1422	1659
1422	1715
1422	1705
1422	1695
1422	1692
1422	1683
1422	1784
1422	1777
1422	1861
1422	1698
1422	1759
1422	1762
1422	1693
1422	1753
1422	1782
1422	1710
1422	1808
1422	1748
1422	1822
1422	1893
1422	1810
1422	1776
1422	1789
1422	1894
1422	1851
1422	1702
1422	1777
1422	1608
1422	1693
1422	1738
1422	1777
1394	1586
1394	1640
1394	1825
1394	1672
1394	1697

melhor e media

1684	3118
1450	1974
1450	1889
1449	1692
1428	1777
1401	1582
1401	1642
1401	1724
1401	1705
1401	1659
1401	1662
1401	1660
1401	1849
1401	1845
1401	1750
1401	1736
1364	1480
1364	1726
1364	1706
1364	1807
1364	1695
1364	1659
1364	1711
1364	1773
1364	1669
1364	1687
1364	1716
1364	1540
1364	1693
1364	1627
1364	1733
1364	1754
1364	1766
1364	1655
1364	1773
1364	1665
1364	1682
1364	1645
1364	1659
1364	1765
1364	1757
1364	1753
1364	1635
1364	1627
1364	1601
1364	1749
1364	1801
1364	1617
1364	1596
1364	1646
1364	1688
1364	1563
1364	1691
1364	1698
1364	1590
1364	1754
1364	1794
1364	1706
1364	1701
1364	1703
1364	1692
1364	1657
1364	1717
1364	1647
1364	1737
1364	1715
1364	1603
1364	1593
1364	1735
1364	1643
1364	1651
1364	1653
1364	1672
1364	1757
1364	1745
1364	1638
1364	1720
1364	1761
1364	1628
1364	1787
1364	1678
1364	1595
1364	1651
1364	1739
1364	1604
1364	1729
1364	1645
1364	1871
1364	1756
1364	1552
1364	1640
1364	1695
1364	1712
1364	1737
1364	1656
1364	1770
1364	1576
1364	1744
1364	1567
1364	1636

melhor e media

1667	3236
1508	2189
1508	2061
1465	1866
1451	1834
1451	1757
1451	1869
1451	1706
1451	1787
1451	1702
1451	1746
1451	1730
1451	1711
1435	1616
1435	1746
1435	1668
1435	1591
1435	1652
1435	1759
1435	1796
1435	1676
1435	1742
1435	1740
1435	1821
1435	1781
1435	1846
1435	1739
1435	1704
1435	1767
1435	1782
1435	1791
1435	1690
1435	1581
1435	1722
1435	1719
1435	1688
1435	1642
1435	1708
1435	1763
1435	1823
1435	1695
1435	1769
1435	1734
1435	1703
1435	1660
1435	1599
1435	1643
1435	1705
1435	1715
1435	1641
1435	1681
1435	1693
1435	1714
1435	1756
1435	1788
1435	1727
1435	1745
1435	1806
1435	1763
1435	1663
1435	1596
1435	1605
1435	1772
1435	1789
1435	1625
1435	1622
1435	1900
1395	1596
1395	1677
1395	1666
1395	1802
1395	1845
1395	1734
1395	1780
1395	1682
1395	1852
1395	1865
1395	1876
1395	1840
1395	1775
1395	1898
1395	1916
1395	1712
1395	1847
1395	1778
1395	1702
1395	1742
1395	1777
1395	1578
1395	1660
1383	1499
1383	1676
1383	1742
1383	1705
1383	1658
1383	1721
1383	1771
1383	1730
1383	1745
1383	1684

melhor e media

1525	2954
1457	2108
1449	1852
1429	1819
1429	1900
1429	1717
1429	1746
1429	1670
1429	1676
1429	1848
1429	1836
1429	1893
1429	1752
1427	1797
1427	1781
1427	1640
1422	1591
1422	1750
1422	1642
1416	1708
1416	1858
1416	1730
1416	1853
1416	1946
1416	1664
1416	1681
1412	1736
1412	1665
1412	1679
1412	1838
1412	1944
1412	1883
1412	1763
1412	1777
1412	1793
1404	1703
1404	1723
1404	1820
1404	1850
1404	1850
1404	1758
1404	1770
1404	1770
1404	1681
1404	1737
1404	1788
1404	1682
1404	1881
1404	1729
1404	1778
1404	1688
1404	1795
1404	1716
1404	1807
1404	1857
1404	1766
1404	1724
1404	1680
1404	1805
1404	1654
1404	1840
1404	1909
1404	1732
1404	1680
1404	1670
1404	1730
1404	1723
1404	1672
1404	1677
1404	1774
1404	1791
1404	1807
1404	1899
1404	1690
1399	1645
1399	1808
1399	1629
1399	1693
1399	1904
1399	1701
1399	1669
1399	1707
1399	1893
1399	1826
1399	1750
1399	1782
1399	1716
1399	1772
1399	1956
1399	1793
1399	1713
1399	1714
1399	1618
1399	1774
1399	1986
1399	1676
1399	1722
1399	1725
1399	1773
1399	1772

melhor e media

1516	3017
1516	2117
1490	1838
1455	1831
1454	1871
1454	1761
1454	1755
1454	1699
1454	1790
1454	1799
1452	1670
1452	1831
1452	1715
1446	1750
1446	1744
1446	1790
1446	1632
1446	1680
1441	1858
1441	1845
1441	1861
1440	1696
1439	1735
1430	1759
1430	1833
1429	1816
1423	1824
1422	1754
1422	1647
1422	1641
1421	1576
1419	1735
1417	1637
1416	1727
1416	1713
1416	1676
1416	1684
1416	1680
1416	1705
1416	1620
1416	1631
1416	1602
1416	1755
1416	1734
1416	1771
1416	1761
1416	1644
1416	1668
1416	1679
1416	1615
1416	1695
1416	1847
1416	1633
1416	1777
1375	1530
1375	1602
1375	1727
1375	1793
1375	1661
1375	1571
1375	1739
1375	1808
1375	1762
1375	1875
1375	1801
1375	1788
1375	1739
1375	1649
1375	1825
1375	1711
1375	1634
1362	1538
1362	1704
1362	1702
1362	1815
1362	1706
1362	1666
1362	1801
1362	1643
1362	1710
1362	1652
1362	1699
1362	1748
1362	1746
1362	1638
1362	1639
1362	1722
1362	1502
1362	1749
1362	1707
1362	1660
1362	1686
1362	1706
1362	1632
1362	1707
1362	1708
1362	1700
1362	1594
1362	1670
1362	1621

melhor e media

1531	3153
1451	2155
1423	1772
1421	1711
1418	1918
1411	1773
1411	1808
1411	1711
1411	1809
1350	1567
1350	1647
1350	1757
1350	1865
1350	1663
1350	1644
1350	1651
1350	1777
1350	1796
1350	1540
1350	1652
1350	1620
1350	1749
1350	1807
1350	1892
1350	1870
1350	1794
1350	1687
1350	1667
1350	1522
1350	1687
1350	1774
1350	1762
1350	1777
1350	1854
1350	1620
1350	1719
1350	1727
1350	1674
1350	1713
1350	1703
1350	1675
1350	1691
1350	1785
1350	1666
1350	1718
1350	1745
1350	1625
1350	1710
1350	1686
1350	1769
1350	1707
1350	1832
1350	1716
1350	1712
1350	1758
1350	1679
1350	1666
1350	1710
1350	1854
1350	1844
1350	1751
1350	1779
1350	1704
1350	1772
1350	1798
1350	1759
1350	1677
1350	1619
1350	1688
1350	1883
1350	1666
1350	1694
1350	1786
1350	1858
1350	1694
1350	1756
1350	1852
1350	1742
1350	1831
1350	1749
1345	1497
1345	1612
1345	1586
1345	1696
1345	1610
1345	1746
1345	1623
1345	1684
1345	1719
1345	1777
1345	1702
1345	1738
1345	1679
1345	1772
1345	1654
1345	1659
1345	1593
1345	1661
1345	1696
1345	1634

melhor e media

1768	3074
1499	2307
1466	1756
1442	1903
1435	1766
1433	1764
1433	1613
1426	1677
1409	1620
1409	1622
1409	1624
1409	1801
1409	1618
1409	1730
1409	1744
1409	1646
1409	1765
1409	1668
1409	1785
1409	1657
1408	1614
1408	1684
1405	1577
1405	1708
1405	1685
1405	1756
1405	1805
1405	1821
1405	1857
1405	1887
1405	1688
1405	1773
1405	1712
1405	1722
1405	1788
1405	1736
1390	1638
1390	1722
1390	1670
1390	1896
1390	1710
1390	1629
1384	1563
1384	1627
1384	1764
1384	1652
1384	1704
1384	1645
1384	1727
1384	1675
1384	1648
1384	1703
1384	1752
1384	1721
1384	1725
1384	1687
1373	1531
1373	1659
1373	1689
1373	1774
1373	1747
1373	1798
1373	1545
1373	1785
1373	1646
1373	1728
1373	1716
1373	1811
1373	1729
1373	1666
1373	1702
1373	1708
1370	1556
1370	1832
1370	1984
1370	1770
1370	1865
1370	1757
1370	1729
1370	1637
1370	1705
1370	1735
1370	1615
1370	1592
1370	1835
1370	1611
1370	1701
1370	1671
1370	1606
1370	1692
1370	1732
1370	1673
1370	1647
1370	1777
1370	1750
1370	1677
1370	1748
1370	1697
1370	1593
1370	1643

