melhor e media

1867	2893
1756	2536
1728	2474
1728	2553
1728	2542
1642	2276
1642	2305
1641	2398
1641	2255
1641	2310
1641	2299
1641	2240
1641	2203
1641	2132
1641	2170
1641	2308
1641	2182
1641	2178
1641	2151
1641	2170
1641	2068
1641	2148
1641	2172
1641	2182
1641	2186
1641	2141
1641	2104
1641	2055
1641	2102
1641	2141
1641	2079
1641	2071
1641	2253
1641	2224
1641	2220
1641	2100
1641	2105
1641	2115
1641	2170
1641	2311
1641	2184
1641	2308
1641	2094
1641	2092
1641	2090
1641	2173
1641	2123
1641	2073
1641	2215
1641	2156

melhor e media

1788	2700
1753	2434
1753	2331
1740	2379
1740	2215
1696	2079
1696	2136
1696	2022
1696	1967
1696	1961
1696	1994
1696	2155
1696	2159
1696	2013
1696	2146
1696	2105
1696	2145
1696	2219
1696	2050
1696	2039
1696	2147
1696	2081
1696	2023
1696	2179
1696	2009
1696	2163
1696	2151
1696	2204
1696	2085
1696	2110
1696	2156
1696	1972
1696	2109
1696	2110
1696	2075
1696	2137
1696	2124
1696	2296
1696	2235
1696	2186
1696	2133
1696	2075
1696	2135
1696	2160
1696	2070
1696	2083
1696	2048
1696	2062
1696	2036
1696	2100

melhor e media

1772	2749
1772	2686
1762	2304
1762	2171
1696	2131
1696	2064
1696	1953
1696	2050
1696	2052
1696	2071
1696	2013
1696	2007
1696	2136
1696	2092
1696	2114
1696	2065
1696	2182
1696	1995
1696	2088
1696	2037
1696	2155
1696	2054
1696	2233
1696	2199
1696	2056
1696	2076
1696	2114
1696	2077
1696	1980
1696	2059
1696	2246
1696	2069
1696	2063
1696	2084
1696	2135
1696	2103
1696	2022
1696	2186
1696	2007
1696	2118
1696	2158
1696	2040
1696	2101
1696	2199
1696	2033
1696	2066
1696	1969
1696	1995
1696	2027
1696	2063

melhor e media

1927	2891
1766	2708
1766	2489
1766	2472
1766	2359
1766	2336
1766	2219
1766	2227
1766	2290
1766	2219
1766	2347
1766	2459
1766	2297
1766	2280
1766	2204
1766	2287
1766	2211
1766	2090
1766	2175
1766	2320
1766	2111
1766	2237
1766	2217
1766	2228
1766	2383
1766	2239
1766	2346
1766	2439
1766	2164
1766	2271
1766	2212
1766	2265
1766	2178
1766	2187
1766	2279
1766	2367
1766	2249
1766	2414
1766	2261
1766	2206
1766	2273
1766	2329
1766	2431
1766	2423
1766	2230
1766	2391
1766	2251
1766	2194
1766	2181
1766	2266

melhor e media

1756	2845
1756	2601
1756	2610
1756	2525
1756	2401
1756	2312
1756	2477
1756	2506
1756	2403
1756	2198
1756	2317
1756	2391
1756	2362
1756	2423
1756	2368
1756	2331
1756	2239
1756	2169
1756	2358
1728	2232
1721	2491
1721	2326
1721	2374
1721	2355
1655	2238
1642	2219
1641	2319
1641	2204
1641	2295
1641	2295
1641	2222
1641	2129
1641	2245
1641	2202
1641	2201
1641	2320
1641	2275
1641	2328
1641	2246
1641	2405
1641	2335
1641	2255
1641	2310
1641	2246
1641	2181
1641	2211
1641	2147
1641	2177
1641	2116
1641	2206

melhor e media

1819	2880
1686	2602
1655	2497
1655	2254
1641	2159
1641	2226
1641	2298
1641	2193
1641	2169
1641	2168
1641	2030
1641	2206
1641	2199
1641	2142
1641	2043
1641	2018
1641	2095
1641	2145
1641	2324
1641	2019
1641	1984
1641	2101
1641	2106
1641	2254
1641	2301
1641	2194
1641	2062
1641	2094
1641	2050
1641	2250
1641	2209
1641	2210
1641	2267
1641	2224
1641	2258
1641	2154
1641	2148
1641	2129
1641	2278
1641	2148
1641	2178
1641	2083
1641	2060
1641	2197
1641	2287
1641	2173
1641	2367
1641	2114
1641	2164
1641	2308

melhor e media

1906	2972
1728	2572
1696	2667
1696	2298
1696	2222
1696	2112
1696	2078
1696	2122
1696	2086
1696	2127
1696	2195
1696	2214
1696	2102
1696	2036
1696	2105
1696	2241
1696	2142
1696	1967
1696	2046
1696	1918
1696	2066
1696	1987
1696	2005
1696	1949
1696	2068
1696	2057
1696	2037
1696	2071
1696	2054
1696	2059
1696	2146
1696	2008
1696	2024
1696	2164
1696	2112
1696	1995
1696	2173
1696	2083
1696	2182
1696	2011
1696	2146
1696	2065
1696	2090
1696	1976
1696	2057
1696	2165
1696	2212
1696	2116
1696	2020
1696	2184

melhor e media

1831	2875
1696	2703
1696	2652
1696	2270
1696	2080
1696	2195
1696	2128
1696	2042
1696	2037
1696	1991
1696	2167
1696	2067
1696	2097
1696	2149
1696	2084
1696	2109
1696	2084
1696	1980
1696	2057
1696	2124
1696	2010
1696	2179
1696	2150
1696	2040
1696	2075
1696	2154
1696	2102
1696	2094
1696	2119
1696	2061
1696	2046
1696	1986
1696	2035
1696	2077
1696	2161
1696	2085
1696	2160
1696	2019
1696	2006
1696	2000
1696	2090
1696	2060
1696	1996
1696	2040
1696	2149
1696	2118
1696	2045
1696	2040
1696	2035
1696	2090

melhor e media

1781	2789
1756	2622
1721	2610
1721	2434
1721	2288
1721	2176
1721	2277
1721	2271
1721	2240
1721	2205
1721	2324
1721	2270
1721	2157
1721	2249
1721	2352
1721	2296
1721	2343
1721	2262
1721	2233
1721	2249
1721	2338
1721	2245
1721	2245
1721	2303
1721	2358
1721	2325
1721	2310
1721	2314
1721	2272
1721	2290
1721	2168
1721	2041
1721	2121
1721	2166
1721	2325
1721	2393
1721	2340
1721	2263
1721	2208
1721	2330
1721	2304
1721	2234
1721	2325
1721	2282
1721	2275
1721	2282
1721	2134
1721	2217
1721	2359
1721	2232

melhor e media

1823	2901
1767	2595
1726	2659
1661	2426
1641	2464
1641	2332
1641	2215
1641	2189
1641	2175
1641	2288
1641	2208
1641	2248
1641	2150
1641	2138
1641	2172
1641	2196
1641	2117
1641	2259
1641	2227
1641	2248
1641	2230
1641	2079
1641	2064
1641	2161
1641	2122
1641	2111
1641	2041
1641	2133
1641	2145
1641	2206
1641	2202
1641	2123
1641	2204
1641	2149
1641	2230
1641	2130
1641	2180
1641	2124
1641	2051
1641	2168
1641	2193
1641	2235
1641	2104
1641	2034
1641	2126
1641	2254
1641	2156
1641	2053
1641	2064
1641	2297

melhor e media

1832	2797
1756	2638
1756	2697
1756	2750
1756	2540
1721	2407
1721	2464
1721	2695
1721	2478
1721	2366
1721	2197
1721	2326
1721	2117
1655	2243
1642	2297
1641	2293
1641	2305
1641	2360
1641	2229
1641	2193
1641	2101
1641	2207
1641	2151
1641	2121
1641	2112
1641	2041
1641	2000
1641	2010
1641	2141
1641	2117
1641	2161
1641	2162
1641	2084
1641	2114
1641	2174
1641	2168
1641	2153
1641	2315
1641	2144
1641	2171
1641	1986
1641	2032
1641	2094
1641	2248
1641	1995
1641	2100
1641	2118
1641	2211
1641	2022
1641	2086

melhor e media

1683	2756
1641	2597
1641	2501
1641	2334
1641	2205
1641	2273
1641	2189
1641	2310
1641	2252
1641	2257
1641	2176
1641	2036
1641	2094
1641	2267
1641	2288
1641	2278
1641	2094
1641	2099
1641	2180
1641	2200
1641	2139
1641	2108
1641	2082
1641	2090
1641	2085
1641	2132
1641	2003
1641	2061
1641	1947
1641	2179
1641	2316
1641	2335
1641	1987
1641	2207
1641	2154
1641	2121
1641	2225
1641	2255
1641	2250
1641	2116
1641	2073
1641	2267
1641	2331
1641	2349
1641	2166
1641	2226
1641	2248
1641	2135
1641	2053
1641	2087

melhor e media

1782	2774
1772	2383
1696	2313
1696	2171
1696	2101
1696	2010
1696	2192
1696	2073
1696	2105
1696	2153
1696	2042
1696	1947
1696	1985
1696	2033
1696	2113
1696	2036
1696	2064
1696	2086
1696	2078
1696	2169
1696	2126
1696	2179
1696	2222
1696	2081
1696	2064
1696	2128
1696	2046
1696	2073
1696	2006
1696	1984
1696	2057
1696	2062
1696	2108
1696	2233
1696	2006
1696	2171
1696	2139
1696	1997
1696	2083
1696	2067
1696	2038
1696	2201
1696	2084
1696	2080
1696	2077
1696	2065
1696	2027
1696	2059
1696	2149
1696	2064

melhor e media

1768	2793
1737	2652
1721	2616
1721	2609
1721	2417
1721	2324
1721	2246
1721	2329
1721	2219
1721	2402
1721	2216
1721	2390
1721	2283
1721	2342
1721	2272
1721	2301
1721	2219
1721	2045
1721	2156
1721	2146
1721	2105
1721	2211
1721	2077
1721	2200
1721	2295
1721	2112
1721	2093
1721	2157
1721	2193
1721	2401
1677	2301
1677	2246
1677	2281
1677	2123
1655	2176
1642	2113
1641	2387
1641	2517
1641	2440
1641	2311
1641	2117
1641	2179
1641	2112
1641	2343
1641	2196
1641	2081
1641	2226
1641	2241
1641	2176
1641	2203

melhor e media

1781	2982
1781	2590
1772	2356
1696	2313
1696	2292
1696	2200
1696	2096
1696	2202
1696	2183
1696	2114
1696	2048
1696	2016
1696	1990
1696	2151
1696	2112
1696	2138
1696	2022
1696	2000
1696	2005
1696	2051
1696	2048
1696	2087
1696	2046
1696	2009
1696	2074
1696	2208
1696	2304
1696	2175
1696	2266
1696	2156
1696	2149
1696	2150
1696	2008
1696	2107
1696	1991
1696	2004
1696	1942
1696	1831
1696	1955
1696	2017
1696	2138
1696	2332
1696	2089
1696	2079
1696	2065
1696	2109
1696	2060
1696	2038
1696	2022
1696	2058

melhor e media

1869	2998
1642	2594
1642	2813
1642	2711
1641	2369
1641	2315
1641	2289
1641	2064
1641	2209
1641	2307
1641	2285
1641	2251
1641	2228
1641	2216
1641	2351
1641	2177
1641	2172
1641	2077
1641	2159
1641	2105
1641	2013
1641	1969
1641	2131
1641	2142
1641	2114
1641	2108
1641	2042
1641	2116
1641	2165
1641	2105
1641	2132
1641	2109
1641	2221
1641	2127
1641	2052
1641	2246
1641	2239
1641	2210
1641	2235
1641	2168
1641	2335
1641	2297
1641	2342
1641	2257
1641	2218
1641	2247
1641	2248
1641	2148
1641	2161
1641	2069

melhor e media

1641	2699
1641	2813
1641	2535
1641	2437
1641	2303
1641	2156
1641	2255
1641	2306
1641	2209
1641	2105
1641	2163
1641	2166
1641	2196
1641	2158
1641	2294
1641	2097
1641	2059
1641	2003
1641	2007
1641	2174
1641	2127
1641	2078
1641	2032
1641	2105
1641	2080
1641	2265
1641	2203
1641	2181
1641	2021
1641	2163
1641	2219
1641	2120
1641	2108
1641	2143
1641	2140
1641	2193
1641	2078
1641	2145
1641	2081
1641	2205
1641	2310
1641	2261
1641	2318
1641	2035
1641	2012
1641	2095
1641	2050
1641	2135
1641	2256
1641	2139

melhor e media

1774	2789
1677	2608
1661	2503
1642	2576
1641	2374
1641	2404
1641	2353
1641	2370
1641	2219
1641	2062
1641	2103
1641	1952
1641	2086
1641	2141
1641	2115
1641	2115
1641	2193
1641	2115
1641	2166
1641	2228
1641	2304
1641	2129
1641	2065
1641	2091
1641	2028
1641	2140
1641	2111
1641	2170
1641	2184
1641	2299
1641	2288
1641	2141
1641	2159
1641	2140
1641	2060
1641	2157
1641	2105
1641	2179
1641	2223
1641	2343
1641	2180
1641	2247
1641	2204
1641	2220
1641	2171
1641	2264
1641	2159
1641	2155
1641	2232
1641	2192

melhor e media

1781	2898
1728	2616
1728	2604
1728	2531
1728	2322
1728	2366
1728	2313
1728	2297
1728	2223
1728	2265
1728	2171
1728	2145
1728	2150
1728	2155
1728	2145
1728	2096
1728	2064
1728	2126
1728	2135
1728	2156
1728	2224
1728	2238
1728	2261
1728	2184
1728	2343
1728	2325
1728	2329
1728	2305
1728	2185
1728	2240
1728	2273
1728	2081
1728	2259
1728	2304
1728	2233
1728	2121
1728	2317
1728	2260
1728	2169
1728	2177
1728	2195
1728	2102
1728	2111
1728	2281
1728	2322
1728	2279
1728	2355
1728	2211
1728	2268
1728	2215

melhor e media

1915	2857
1781	2757
1776	2635
1728	2702
1728	2551
1728	2527
1728	2272
1728	2165
1728	2264
1728	2290
1728	2157
1728	2142
1728	2179
1728	2144
1728	2196
1728	2199
1728	2225
1728	2236
1728	2239
1728	2299
1728	2392
1728	2225
1728	2281
1728	2259
1728	2277
1728	2196
1728	2238
1728	2298
1728	2280
1728	2339
1728	2356
1728	2313
1728	2378
1728	2233
1728	2359
1728	2431
1728	2387
1728	2330
1728	2189
1728	2213
1728	2206
1728	2204
1683	2413
1655	2199
1641	2222
1641	2313
1641	2254
1641	2209
1641	2238
1641	1957

melhor e media

1820	2730
1814	2668
1728	2415
1728	2735
1728	2514
1683	2649
1661	2288
1641	2212
1641	2269
1641	2166
1641	2114
1641	2268
1641	2171
1641	2030
1641	2064
1641	2220
1641	2279
1641	2133
1641	2213
1641	2122
1641	2308
1641	2348
1641	2072
1641	2029
1641	2040
1641	2237
1641	2244
1641	2068
1641	2161
1641	2055
1641	1960
1641	2224
1641	2140
1641	2111
1641	2228
1641	2060
1641	2198
1641	2180
1641	2228
1641	2195
1641	2148
1641	2185
1641	2229
1641	2282
1641	2411
1641	2338
1641	2120
1641	2123
1641	2237
1641	2371

melhor e media

1806	2709
1762	2637
1762	2792
1696	2141
1696	2091
1696	2025
1696	1987
1696	2074
1696	2027
1696	2172
1696	2167
1696	1982
1696	2082
1696	2068
1696	2115
1696	2194
1696	2020
1696	1955
1696	2012
1696	2110
1696	1996
1696	2041
1696	2084
1696	1993
1696	1901
1696	2015
1696	2051
1696	2127
1696	2107
1696	2040
1696	1979
1696	2180
1696	2100
1696	1993
1696	2031
1696	2059
1696	2099
1696	2077
1696	2164
1696	2027
1696	1988
1696	1980
1696	2022
1696	1970
1696	2073
1696	2071
1696	1916
1696	2033
1696	2059
1696	2075

melhor e media

1811	2934
1781	2621
1667	2597
1641	2380
1641	2287
1641	2333
1641	2096
1641	2081
1641	2202
1641	2219
1641	2112
1641	2344
1641	2146
1641	2268
1641	2179
1641	2292
1641	2208
1641	2073
1641	2247
1641	2064
1641	2330
1641	2201
1641	2231
1641	2246
1641	2184
1641	2233
1641	2133
1641	2047
1641	2116
1641	2071
1641	2214
1641	1966
1641	2092
1641	2136
1641	2134
1641	2076
1641	2076
1641	2127
1641	2354
1641	2270
1641	2164
1641	2226
1641	2308
1641	2171
1641	2053
1641	2085
1641	2187
1641	2270
1641	2176
1641	2247

melhor e media

1800	2753
1675	2606
1667	2487
1641	2354
1641	2348
1641	2208
1641	2182
1641	2358
1641	2378
1641	2236
1641	2164
1641	2127
1641	2165
1641	2280
1641	2194
1641	2233
1641	2171
1641	2114
1641	2155
1641	2115
1641	2064
1641	2148
1641	2231
1641	2136
1641	2194
1641	2252
1641	2126
1641	2244
1641	2109
1641	2217
1641	2023
1641	2000
1641	1943
1641	2060
1641	2074
1641	2231
1641	2179
1641	2169
1641	2106
1641	2068
1641	2146
1641	2238
1641	2299
1641	2095
1641	2099
1641	2213
1641	1996
1641	2102
1641	2074
1641	2098

melhor e media

1833	2837
1721	2397
1721	2639
1721	2372
1721	2336
1721	2245
1675	2282
1641	2229
1641	2485
1641	2300
1641	2207
1641	2136
1641	2207
1641	2203
1641	2089
1641	2193
1641	2035
1641	2053
1641	2012
1641	2126
1641	2207
1641	2066
1641	2226
1641	2227
1641	2203
1641	2133
1641	2303
1641	2282
1641	2145
1641	2218
1641	2142
1641	2134
1641	2284
1641	2252
1641	2008
1641	2188
1641	2219
1641	2171
1641	2052
1641	2091
1641	2155
1641	2021
1641	2159
1641	2048
1641	1977
1641	1934
1641	2177
1641	2218
1641	2413
1641	2072

melhor e media

1675	2825
1655	2783
1641	2526
1641	2395
1641	2360
1641	2222
1641	2257
1641	2157
1641	2164
1641	2318
1641	2220
1641	2074
1641	2159
1641	2122
1641	1990
1641	2082
1641	1893
1641	1943
1641	2093
1641	2082
1641	2107
1641	2125
1641	1995
1641	2065
1641	2101
1641	2119
1641	2126
1641	2117
1641	2213
1641	2085
1641	2116
1641	2210
1641	2176
1641	2224
1641	2253
1641	2171
1641	2074
1641	2156
1641	2316
1641	2186
1641	2168
1641	2018
1641	2107
1641	2006
1641	2123
1641	1994
1641	2020
1641	2076
1641	2213
1641	2107

melhor e media

1781	2892
1728	2673
1728	2588
1686	2488
1641	2231
1641	2353
1641	2326
1641	2257
1641	2236
1641	2064
1641	2233
1641	2257
1641	2126
1641	2139
1641	2167
1641	2156
1641	2160
1641	2263
1641	2237
1641	2299
1641	2281
1641	2156
1641	2245
1641	2199
1641	2129
1641	1934
1641	1980
1641	2054
1641	2102
1641	2086
1641	2173
1641	2090
1641	2112
1641	2178
1641	2129
1641	2044
1641	2047
1641	2086
1641	2125
1641	2003
1641	2191
1641	2177
1641	2367
1641	2274
1641	2191
1641	2188
1641	2341
1641	2213
1641	2200
1641	2006

melhor e media

1776	2735
1776	2458
1728	2541
1728	2524
1728	2405
1728	2366
1728	2279
1728	2184
1728	2222
1728	2241
1728	2170
1728	2372
1728	2181
1728	2136
1728	2056
1728	2147
1728	2292
1728	2365
1728	2362
1686	2255
1683	2302
1642	2336
1641	2346
1641	2278
1641	2201
1641	2153
1641	2037
1641	2054
1641	2201
1641	2023
1641	2251
1641	2090
1641	2143
1641	2285
1641	2108
1641	2294
1641	2183
1641	2143
1641	2141
1641	2169
1641	2204
1641	2150
1641	2121
1641	1994
1641	2062
1641	2143
1641	2291
1641	2249
1641	2061
1641	2169

melhor e media

1743	2839
1711	2597
1642	2431
1641	2549
1641	2462
1641	2334
1641	2337
1641	2215
1641	1997
1641	2110
1641	2151
1641	2283
1641	2254
1641	2174
1641	2168
1641	2170
1641	2309
1641	2188
1641	2013
1641	2283
1641	2294
1641	2347
1641	2205
1641	2211
1641	2190
1641	2297
1641	2216
1641	2162
1641	2218
1641	2248
1641	2064
1641	2278
1641	2235
1641	2231
1641	2168
1641	2274
1641	2095
1641	2167
1641	2225
1641	2175
1641	2263
1641	2084
1641	2029
1641	2021
1641	2142
1641	2075
1641	2188
1641	2002
1641	2063
1641	2004

melhor e media

1795	2930
1795	2503
1766	2319
1766	2430
1766	2442
1766	2423
1766	2391
1766	2357
1766	2248
1766	2223
1766	2373
1766	2251
1766	2175
1766	2307
1766	2397
1766	2389
1766	2422
1766	2285
1766	2151
1766	2400
1766	2398
1766	2273
1766	2161
1766	2274
1766	2245
1766	2284
1766	2137
1766	2276
1766	2206
1766	2228
1766	2200
1766	2300
1766	2125
1766	2214
1766	2117
1766	2064
1766	2308
1766	2245
1766	2325
1766	2390
1766	2379
1766	2269
1766	2220
1766	2140
1766	2282
1766	2342
1766	2192
1766	2314
1766	2211
1766	2251

