melhor e media

2852	5119
2797	3368
2772	3338
2772	3528
2134	3231
2134	4862
2134	3948
2134	3488
2035	3202
2033	3681
2023	3551
1932	4101
1925	3824
1925	3434
1925	3628
1925	3021
1925	3365
1925	3148
1925	3746
1925	4325
1925	3664
1925	3674
1925	3612
1925	3512
1925	4268
1925	3982
1925	3583
1925	4018
1925	3863
1925	3392
1925	3455
1925	3882
1925	4003
1925	3647
1925	3850
1925	4313
1925	3665
1925	4486
1925	4095
1925	3042
1925	3669
1925	3747
1925	3569
1925	3778
1925	3806
1925	3927
1925	3978
1925	4146
1925	3900
1925	3854
1925	3718
1925	3786
1925	3614
1925	3959
1925	4141
1925	4125
1925	4052
1925	3809
1925	3449
1925	4166
1925	3265
1925	3693
1925	3984
1925	3391
1925	3332
1925	3621
1925	3569
1925	3169
1925	3440
1925	3646
1925	3805
1925	3928
1925	3857
1925	3782
1925	4181
1925	4045
1925	3407
1925	3401
1925	3921
1925	4333
1925	4102
1925	3769
1925	4014
1925	4051
1925	3985
1925	4084
1925	3884
1925	3625
1925	3887
1925	3608
1925	3272
1925	3722
1925	3481
1925	3601
1925	3394
1925	3959
1925	3549
1925	4581
1925	3943
1925	3711

melhor e media

2169	5489
2156	5130
2029	4503
2026	3700
2025	3587
2021	3074
2020	3653
2018	4140
2010	3877
2006	3687
2005	4281
2003	3291
2003	4358
2003	3471
2003	3693
2001	3781
2001	3137
2001	3133
2001	3177
2001	3537
2001	4341
2001	4212
2001	3995
2001	4097
2001	3248
2001	3888
2001	3841
2001	3442
2001	3736
2001	3764
2001	3915
2001	3144
2001	3564
2001	3418
1977	3336
1977	3607
1977	3889
1977	3112
1977	3462
1959	2780
1920	3308
1920	3656
1920	3191
1920	2981
1920	3285
1920	3495
1920	3409
1920	3483
1912	2894
1912	3382
1912	3679
1912	3862
1912	3897
1912	3798
1879	3657
1879	3930
1879	3674
1879	3533
1879	3410
1879	3996
1879	4198
1879	4496
1879	3944
1879	4089
1879	4557
1879	4334
1879	2948
1879	4075
1879	3500
1879	4324
1879	3961
1879	3920
1879	4401
1879	4257
1879	4049
1879	3676
1879	3596
1879	3438
1879	3456
1879	4068
1879	3642
1879	4004
1879	4379
1879	4278
1879	3892
1879	3992
1879	4964
1879	4523
1879	4115
1879	4412
1879	4147
1879	3335
1879	4583
1879	4894
1879	4273
1879	4331
1879	4403
1879	3909
1879	4182
1879	4497

melhor e media

2156	5042
2128	4972
2048	3666
2025	3290
2012	3194
2012	2998
1978	2877
1978	3418
1978	2839
1977	3439
1977	3280
1920	3780
1912	3430
1912	3620
1889	4177
1889	2894
1883	3312
1883	3714
1883	3713
1883	4289
1883	3338
1883	4033
1883	3759
1883	3932
1883	3304
1883	3985
1883	4300
1883	3952
1883	3683
1883	3504
1883	4283
1883	4151
1883	3725
1883	3996
1883	3180
1883	3663
1883	3767
1883	4056
1883	4352
1883	3449
1883	3529
1883	3261
1883	3522
1883	4220
1883	4219
1883	3910
1883	3596
1883	4163
1883	2995
1883	3485
1883	3615
1883	3679
1882	3715
1882	3376
1879	4366
1879	3919
1879	4085
1879	4219
1879	3880
1879	3952
1879	4342
1879	3956
1879	3838
1879	3471
1879	4148
1879	3618
1879	3606
1879	3825
1879	4362
1879	3246
1879	3875
1879	4071
1879	3462
1879	3598
1879	4303
1879	4336
1879	4070
1879	4155
1879	4327
1879	3291
1879	4227
1879	3810
1879	3918
1865	3531
1863	3998
1863	3392
1863	3913
1863	3486
1857	4198
1841	3716
1841	3896
1841	4710
1841	3705
1841	3370
1841	4252
1841	3741
1841	4335
1841	3618
1841	4186
1841	3704

melhor e media

2406	5341
2155	5245
2107	3889
2044	3422
1944	4115
1944	3671
1944	2862
1936	3156
1935	3832
1935	3502
1935	3515
1935	3606
1935	3618
1935	4132
1935	4015
1935	4822
1935	4299
1935	4077
1935	4174
1935	4280
1935	4588
1935	4484
1935	4441
1935	4263
1935	3935
1935	3976
1935	4375
1935	4388
1935	3709
1935	3054
1935	3395
1935	3988
1935	3911
1935	3852
1935	3957
1935	3656
1935	3604
1935	3710
1935	3525
1935	3051
1935	3801
1935	3375
1935	3580
1935	3014
1935	3365
1935	3650
1935	3497
1935	4105
1935	3386
1935	3646
1935	4406
1935	3966
1935	4425
1935	4206
1935	4583
1935	4410
1935	3652
1935	3384
1935	3839
1935	3677
1935	4405
1935	3793
1935	3436
1935	3359
1935	3989
1935	4633
1935	4077
1935	3055
1935	3439
1935	3490
1935	3477
1935	3847
1935	3948
1935	3344
1935	3539
1935	4474
1935	4265
1935	3845
1935	3872
1935	3769
1935	4155
1935	4115
1935	3937
1935	4196
1935	3486
1935	3864
1935	4552
1935	3719
1935	3282
1935	3502
1935	3445
1935	3273
1935	3436
1935	3483
1935	3761
1935	4581
1935	4410
1935	3856
1935	4466
1935	4222

melhor e media

2155	5406
2155	5221
2152	5232
2147	3973
2130	4493
2109	3810
2041	3353
2017	2745
2017	2977
2017	2973
2011	3155
2011	3361
2000	2998
2000	3951
2000	3091
2000	3444
2000	3728
2000	3293
2000	3531
2000	3612
2000	3696
2000	3117
2000	4162
2000	3620
2000	3240
2000	3246
2000	3654
2000	3311
2000	3920
2000	4121
2000	3225
2000	4371
2000	3468
2000	3546
2000	3615
2000	3700
2000	3253
2000	3650
2000	3515
2000	3603
2000	3627
2000	3811
2000	3130
2000	3119
2000	3964
2000	4263
2000	3822
2000	4101
2000	3282
2000	2669
2000	3503
2000	4031
2000	3593
2000	3235
2000	3629
2000	4105
1998	3998
1998	3683
1998	3170
1998	3197
1998	3290
1998	3312
1998	3141
1998	3085
1998	3366
1998	3855
1998	2915
1927	3585
1927	3694
1927	3116
1924	2900
1924	3478
1924	3489
1912	3542
1912	3687
1912	3425
1912	3991
1912	4323
1912	3704
1912	4008
1912	3642
1912	3451
1889	3654
1889	3341
1889	3682
1889	4082
1889	4607
1889	3571
1889	3589
1889	3509
1889	4026
1889	3595
1889	3655
1889	4825
1889	4063
1889	3391
1889	4195
1889	3921
1889	3891
1889	3970

melhor e media

2403	4882
2403	4706
2307	3893
2132	3769
2039	5022
2017	4504
2017	3799
2017	3010
1983	3468
1983	3513
1983	3207
1983	3755
1975	3703
1975	3539
1975	3629
1975	3828
1975	3246
1975	3055
1934	3429
1934	3434
1933	3312
1933	3820
1933	3312
1933	3311
1933	3774
1933	3616
1925	3404
1925	3416
1925	3386
1925	3264
1925	3056
1925	3573
1925	4244
1925	3519
1925	3758
1925	3612
1925	3678
1925	3708
1925	3670
1925	3753
1925	4112
1925	3888
1925	3874
1925	3485
1925	3861
1925	3116
1925	2789
1925	4217
1925	3405
1925	3523
1925	3824
1925	3914
1925	3456
1925	3688
1925	4183
1925	3572
1925	3545
1925	3804
1925	3624
1925	3967
1925	3448
1925	3873
1925	3938
1925	3437
1925	3624
1925	3993
1925	3937
1925	3304
1925	3232
1925	3312
1925	4037
1925	3833
1925	3548
1925	3278
1925	3720
1925	3707
1925	3568
1925	3532
1925	3529
1925	3423
1925	3474
1925	3374
1925	3248
1925	4133
1925	3412
1925	4124
1925	4403
1925	4135
1925	3546
1925	3783
1925	3450
1925	3154
1925	3050
1925	4472
1925	4348
1925	4371
1925	3696
1925	3036
1925	3188
1925	3237

melhor e media

2228	5060
2077	4616
2055	4235
2017	3852
2017	3748
2011	3474
2011	3115
2007	3259
2007	3273
2007	3097
2007	2782
2007	3322
2007	3203
2007	3490
2007	3516
2007	3392
2003	3347
2003	3461
2002	3537
1995	3309
1995	2913
1995	2791
1995	3736
1995	3145
1995	3549
1995	2932
1995	2781
1995	3005
1995	2757
1995	3512
1995	3668
1995	3760
1995	3216
1995	4384
1995	3591
1995	3154
1995	2934
1995	3201
1995	2896
1995	3034
1995	3119
1995	3143
1995	3304
1995	3414
1995	3703
1995	3136
1995	3161
1995	3160
1995	3224
1995	4036
1995	3794
1995	3929
1995	3781
1995	3817
1995	2813
1995	3222
1995	3688
1995	3745
1995	3386
1995	3135
1995	3149
1995	3463
1995	3675
1995	3510
1995	3055
1995	2969
1995	3326
1995	3622
1995	3046
1995	3199
1995	3318
1995	3373
1995	4197
1995	3010
1995	3361
1995	3517
1995	2979
1995	3629
1995	2843
1995	2796
1995	2625
1995	3637
1995	3283
1995	3109
1995	3287
1995	3487
1995	3545
1995	2857
1995	3035
1995	3184
1995	3354
1995	3211
1995	3275
1995	2993
1995	3842
1995	3157
1995	3589
1995	3741
1995	2916
1995	3256

melhor e media

2211	5034
2211	4964
2173	4080
2169	3709
2169	3511
2037	3140
2037	3262
2024	3029
1932	2884
1932	2878
1932	3181
1932	3313
1932	3507
1925	3274
1925	3508
1925	3518
1925	2755
1925	3215
1925	2601
1925	2870
1925	3518
1925	3108
1925	3389
1925	3166
1925	3190
1925	2985
1925	3217
1925	2948
1925	3443
1925	3470
1925	4282
1925	3120
1925	3172
1925	3356
1925	3271
1925	3005
1925	3443
1925	3166
1925	3035
1925	2980
1925	3060
1925	3638
1925	4060
1925	3173
1925	2736
1925	2806
1925	3609
1925	3313
1925	3193
1925	3828
1925	3265
1925	3628
1925	3395
1925	3402
1925	3741
1925	3603
1925	3328
1925	3118
1925	3326
1925	3695
1925	3171
1925	3182
1925	3488
1925	3372
1925	3540
1925	3136
1925	2670
1925	3061
1925	3133
1925	3373
1925	3322
1925	3203
1925	3262
1925	3471
1925	3561
1925	3235
1925	3149
1925	2794
1925	3213
1925	3484
1925	3384
1925	3020
1925	3274
1925	3377
1925	3302
1925	3415
1925	3486
1925	3805
1925	3758
1925	3697
1925	3157
1925	3144
1925	3158
1925	3277
1925	3032
1925	2831
1925	3034
1925	2731
1925	4121
1925	3737

melhor e media

2863	5299
2210	5033
2064	5609
2029	5361
2017	4584
2017	3749
2017	3649
2017	3062
2017	3754
2017	3755
2000	3664
2000	3857
1991	3485
1991	3272
1991	3367
1991	3216
1991	2871
1991	3179
1973	2997
1973	3083
1973	3508
1958	3172
1936	3791
1936	3640
1935	3613
1935	4056
1935	4089
1935	4122
1935	4029
1935	4076
1935	4272
1935	4235
1935	4376
1935	4151
1935	4602
1935	3936
1935	4663
1935	4296
1935	3903
1935	4328
1935	4028
1935	4548
1935	4754
1935	4406
1935	4242
1935	4720
1935	4170
1935	4131
1935	3950
1935	4261
1935	4534
1935	4418
1935	5210
1935	4837
1935	3990
1935	4301
1935	4258
1935	4253
1935	4337
1935	4016
1935	3955
1935	3983
1935	3590
1935	3875
1935	4231
1935	4156
1935	3607
1935	3614
1935	3617
1935	4389
1935	3891
1925	4231
1925	4488
1925	4821
1925	4113
1925	3560
1925	3714
1925	4171
1925	3565
1925	3386
1925	3859
1925	3587
1925	3031
1925	3379
1925	4030
1925	4051
1925	3705
1925	3739
1925	3176
1925	3793
1925	3490
1925	4009
1925	3837
1925	3369
1925	3417
1925	3632
1925	3634
1925	3304
1925	3581
1925	3637

melhor e media

2012	5329
2012	4727
2012	4349
2012	3453
2012	2980
1932	2808
1932	3007
1932	3581
1932	3407
1932	3360
1932	2714
1932	2974
1932	3303
1932	2937
1932	2803
1932	2878
1925	2915
1925	3060
1925	3564
1925	3476
1925	3135
1925	2992
1925	3957
1925	3407
1925	3378
1925	3954
1925	3314
1925	3227
1925	3124
1925	2924
1925	2727
1925	3335
1925	3468
1925	2981
1925	3458
1925	3777
1925	3034
1925	2933
1925	3068
1925	3204
1925	3297
1925	3350
1925	3326
1925	3727
1925	3510
1925	3398
1925	3680
1925	3694
1925	3231
1925	2898
1925	3283
1925	3533
1925	2842
1925	2682
1925	3123
1925	2964
1925	2976
1925	2890
1925	3525
1925	3130
1925	3052
1925	3208
1925	2586
1925	2854
1925	3029
1925	2983
1925	3045
1925	3560
1925	3019
1925	3003
1925	3487
1925	3603
1925	3144
1925	3165
1925	3065
1925	3009
1925	2855
1925	3113
1925	3080
1925	3271
1925	3021
1925	3547
1925	3661
1925	3395
1925	3428
1925	3540
1925	3489
1925	3123
1925	2862
1925	3300
1925	3115
1925	3365
1925	2649
1925	2997
1925	2952
1925	3129
1925	3014
1925	3162
1925	3608
1925	3465

melhor e media

2198	5127
2167	5112
2164	4172
2161	3359
2159	3086
2158	3263
2069	3431
2064	2872
2027	3354
2017	3239
2016	3103
2016	3303
2016	3045
2016	3282
2012	2996
2012	3129
2012	2856
2000	2893
1993	3356
1993	2865
1993	3038
1936	2584
1935	3388
1935	3543
1935	2945
1935	4159
1935	2695
1935	3842
1935	3353
1935	3466
1935	3965
1935	3720
1935	2825
1935	3697
1935	3913
1935	3586
1935	3620
1935	3584
1935	3416
1935	3404
1935	3244
1935	3317
1935	3070
1935	3324
1935	3704
1935	3164
1935	3627
1925	3320
1925	3852
1925	3869
1925	3425
1925	3480
1925	3665
1925	2897
1925	3585
1925	3258
1925	3100
1925	3273
1925	3182
1925	2889
1925	3201
1925	3921
1925	3396
1925	3159
1925	3655
1925	3359
1925	3061
1925	2869
1925	3438
1925	2987
1925	3255
1925	3088
1925	2877
1925	2860
1925	2950
1925	2702
1925	2619
1925	2735
1925	2965
1925	3275
1925	3682
1925	3252
1925	3354
1925	2831
1925	2953
1925	3069
1925	3136
1925	3073
1925	3754
1925	3478
1925	3526
1925	3494
1925	3110
1925	3176
1925	3019
1925	3418
1925	2971
1925	3301
1925	3341
1925	3328

melhor e media

2348	4914
1932	4981
1932	4498
1932	3480
1932	3518
1932	3461
1932	3781
1925	2995
1925	3275
1925	2978
1925	3100
1925	3116
1925	2946
1925	3053
1925	3214
1925	3401
1925	2868
1925	2865
1925	3291
1925	2987
1925	3002
1925	2924
1925	2979
1925	3278
1925	3354
1925	2840
1925	3239
1925	3351
1925	3285
1925	3746
1925	3491
1925	2956
1925	3125
1925	3187
1925	3291
1925	3477
1925	3280
1925	3273
1925	3083
1925	2865
1925	3259
1925	3756
1925	2989
1925	2950
1925	3220
1925	3190
1925	3306
1925	3349
1925	3664
1925	3029
1925	3238
1925	3510
1925	3421
1925	3106
1925	3295
1925	2879
1925	3664
1925	3802
1925	3850
1925	3264
1925	3384
1925	3032
1925	3183
1925	2960
1925	2882
1925	2880
1925	2948
1925	2919
1925	2864
1925	3549
1925	3482
1925	3031
1925	3226
1925	3267
1925	2815
1925	3504
1925	3134
1925	3048
1925	2941
1925	3263
1925	3475
1925	3201
1925	3366
1925	3166
1925	3019
1925	3123
1925	3003
1925	2927
1925	3249
1925	3231
1925	3315
1925	2953
1925	2985
1925	3577
1925	3333
1925	3497
1925	3336
1925	2832
1925	2847
1925	2979

melhor e media

2173	5501
2168	4537
2064	3650
2050	3552
1973	2787
1956	3023
1925	3098
1925	3072
1925	3397
1925	3147
1925	2872
1925	2697
1925	2879
1925	3277
1925	3016
1925	3510
1925	3033
1925	3592
1925	3661
1925	3245
1925	2832
1925	3448
1925	3200
1925	3277
1925	2894
1925	2981
1925	2952
1925	3070
1925	2928
1925	2960
1925	3888
1925	3056
1925	3315
1925	3180
1925	3359
1925	3190
1925	3504
1925	3069
1925	3607
1925	3598
1925	3662
1925	4111
1925	3223
1925	3514
1925	3292
1925	2927
1925	3422
1925	3110
1925	3367
1925	3385
1925	3256
1925	3476
1925	3197
1925	3059
1925	3038
1925	3010
1925	2967
1925	3033
1925	3055
1925	3189
1925	3500
1925	3580
1925	3524
1925	4206
1925	3316
1925	3163
1925	3313
1925	3039
1925	2964
1925	3258
1925	3142
1925	3335
1925	3642
1925	3358
1925	3355
1925	3397
1925	3360
1925	3224
1925	3080
1925	3176
1925	3242
1925	3627
1925	3626
1925	3210
1925	3152
1925	3474
1925	3443
1925	3878
1925	3847
1925	2967
1925	3096
1925	3310
1925	3098
1925	3364
1925	3505
1925	3580
1925	3352
1925	3302
1925	3079
1925	3058

melhor e media

2176	5216
2173	4634
2126	3711
2124	3696
2106	3052
2024	2920
1979	3303
1956	3149
1956	4025
1956	3788
1956	4001
1935	3491
1935	3778
1935	3920
1935	3650
1935	3360
1935	3429
1935	3805
1935	3876
1935	3703
1935	4451
1935	3777
1935	3968
1935	4105
1935	3447
1935	3230
1935	3223
1935	3424
1935	3762
1935	4240
1935	3827
1935	3908
1935	3812
1935	4136
1935	3567
1935	3830
1935	3954
1935	4096
1935	3826
1935	3880
1935	3382
1935	3018
1935	3494
1935	3675
1935	3509
1935	3804
1935	3563
1935	3709
1935	4043
1935	3560
1935	3417
1935	4141
1935	3893
1935	4259
1935	3509
1935	3467
1935	3770
1935	4142
1935	3961
1935	3438
1935	3287
1935	3990
1935	3717
1935	3571
1935	3242
1935	3333
1935	3554
1935	3746
1935	3746
1935	3654
1935	3758
1935	3657
1935	3105
1935	3572
1935	3325
1935	3695
1935	3468
1935	4660
1935	3910
1935	3917
1935	3700
1935	3579
1935	3601
1935	4257
1935	3734
1935	3358
1935	3863
1935	3730
1935	4109
1935	4133
1935	3656
1935	3738
1935	3725
1935	3988
1935	4274
1935	4297
1935	3526
1935	3279
1935	3254
1935	3866

melhor e media

2474	5628
2197	5944
2025	4465
2023	3991
1958	3242
1958	2794
1958	3118
1958	2899
1958	3121
1958	2763
1958	3235
1958	3335
1936	2941
1925	2760
1925	2913
1925	3230
1925	3630
1925	3439
1925	3300
1925	3354
1925	3574
1925	2943
1925	3275
1925	3452
1925	3359
1925	3481
1925	3093
1925	2741
1925	3127
1925	3777
1925	3063
1925	3102
1925	3169
1925	3434
1925	3731
1925	3773
1925	3392
1925	3129
1925	3111
1925	3062
1925	3126
1925	3185
1925	3177
1925	2983
1925	2766
1925	2833
1925	3336
1925	2867
1925	3032
1925	3278
1925	2582
1925	3209
1925	3067
1925	3192
1925	2783
1925	3067
1925	3765
1925	3883
1925	3458
1925	3137
1925	3113
1925	3065
1925	2919
1925	3635
1925	3136
1925	2960
1925	3434
1925	3355
1925	3115
1925	3403
1925	3266
1925	2789
1925	3071
1925	2914
1925	3657
1925	3104
1925	3742
1925	3237
1925	3264
1925	3236
1925	3477
1925	3112
1925	2968
1925	3071
1925	3281
1925	3315
1925	3034
1925	3270
1925	3171
1925	2782
1925	3681
1925	3526
1925	3481
1925	3340
1925	2961
1925	3027
1925	3012
1925	2725
1925	2693
1925	3213

melhor e media

2200	5017
2055	4613
2025	3810
2025	3333
2024	2981
2024	3437
2023	3227
2022	3363
2001	3763
2001	3314
2001	3871
2001	3689
2001	3728
2001	3517
2001	3479
2001	3761
2001	3250
2001	3345
2001	3114
2001	3794
2001	3978
1920	3563
1920	3798
1912	3452
1912	3487
1912	4057
1912	4217
1912	3729
1912	3481
1912	3354
1912	3329
1912	3928
1912	3336
1912	3646
1912	3908
1912	3519
1912	3887
1912	3578
1912	3504
1889	4377
1889	3942
1889	3763
1883	3322
1883	4084
1883	3460
1883	3829
1883	3394
1883	3365
1883	3072
1883	3712
1883	4114
1882	3550
1882	3784
1882	3282
1882	3692
1882	3248
1881	3277
1881	3911
1881	4011
1881	4034
1881	3542
1881	3561
1881	3498
1881	3516
1881	3755
1881	4055
1879	4218
1879	3949
1879	3382
1879	3090
1879	3727
1879	3377
1879	4015
1879	3435
1879	3637
1879	3711
1879	3412
1879	4350
1879	4319
1879	4238
1879	3653
1879	3232
1879	3093
1879	3867
1879	3729
1879	4437
1879	4063
1879	3971
1879	4128
1879	4022
1879	3322
1879	3900
1879	3591
1879	3909
1879	3822
1879	4578
1879	3925
1879	4383
1879	3862
1879	3680

melhor e media

2544	4424
2491	3895
2272	3708
2205	4417
2205	3713
2205	3344
2205	2998
2068	2804
1987	3214
1976	4610
1976	4483
1976	4027
1976	3881
1976	5104
1976	4894
1945	3891
1925	3012
1925	3085
1925	3119
1925	3347
1925	3900
1925	3274
1925	3292
1925	3367
1925	3136
1925	2931
1925	2815
1925	2607
1925	3076
1925	3177
1925	3419
1925	3148
1925	3377
1925	3540
1925	3119
1925	3067
1925	2870
1925	3027
1925	3457
1925	3151
1925	3846
1925	4036
1925	3547
1925	3384
1925	2875
1925	2880
1925	2919
1925	3500
1925	3378
1925	3309
1925	2706
1925	3283
1925	3093
1925	3251
1925	3245
1925	3425
1925	3257
1925	3029
1925	3021
1925	2652
1925	3031
1925	3038
1925	2879
1925	3472
1925	3727
1925	3538
1925	3899
1925	3001
1925	3035
1925	2925
1925	2971
1925	3252
1925	2812
1925	3068
1925	3327
1925	3302
1925	3062
1925	2922
1925	3021
1925	3297
1925	2970
1925	3530
1925	3554
1925	3079
1925	3004
1925	2931
1925	3393
1925	3962
1925	3413
1925	3288
1925	2801
1925	2720
1925	3634
1925	3906
1925	3344
1925	3180
1925	3025
1925	3223
1925	3389
1925	3335

melhor e media

2583	5243
2355	4900
2207	4459
2107	4351
2107	3650
2102	3315
2101	3080
2100	3186
2089	3548
2086	3263
2085	3598
2080	4158
2080	4451
2062	4296
2062	3919
2059	4185
2045	3466
2036	3130
1925	4093
1920	4078
1920	3694
1912	4209
1912	3775
1912	3912
1912	3881
1912	3797
1912	4054
1912	3401
1889	3520
1889	3886
1889	3579
1889	4499
1889	3957
1889	4064
1883	3305
1883	3897
1883	4278
1883	3412
1883	3926
1883	3824
1883	3731
1883	3452
1883	4074
1883	4140
1883	3883
1883	3853
1883	4250
1883	4504
1883	3767
1883	3464
1883	3482
1883	3465
1883	3438
1883	3327
1883	3787
1883	4231
1883	3981
1883	3766
1883	3649
1883	3444
1883	4145
1883	4546
1883	3990
1883	4034
1883	3731
1883	3400
1883	3458
1883	3851
1883	4025
1883	4106
1883	4005
1883	3626
1883	3155
1883	3990
1883	3932
1883	4198
1883	3907
1883	3673
1883	4257
1883	3823
1883	3901
1883	3531
1883	3896
1883	3555
1883	3824
1883	4001
1883	3953
1883	3241
1883	3921
1883	3237
1883	3473
1883	4294
1883	3479
1883	3616
1883	4106
1883	4226
1883	4158
1883	4640
1883	3771
1883	4181

melhor e media

2191	5090
2185	4573
2168	3524
2167	3568
2085	4021
2085	3214
2085	3014
2085	3156
2017	2997
2017	3118
2017	3024
2017	2848
1967	2841
1945	2757
1935	3231
1935	3727
1935	3623
1935	3274
1935	3836
1935	4715
1935	3547
1935	4148
1935	4044
1935	4748
1935	3620
1935	3749
1935	3701
1935	3533
1935	3374
1935	3561
1935	3279
1935	3623
1935	3754
1935	3317
1935	3479
1935	3485
1935	3715
1935	3815
1935	4348
1935	4385
1935	3441
1935	3877
1935	3718
1935	3914
1935	4502
1935	4379
1935	4230
1935	4197
1935	4213
1935	4315
1935	4147
1935	4167
1935	3665
1935	3391
1935	4361
1935	3888
1935	3891
1935	3514
1935	3179
1935	3387
1935	3720
1935	4410
1935	4160
1935	4629
1935	4006
1935	3391
1935	4091
1935	3590
1935	4434
1935	3874
1935	3663
1935	4654
1935	4402
1935	4071
1935	4102
1935	3589
1935	4320
1935	3984
1935	4677
1935	4233
1935	3316
1935	3881
1935	3752
1935	3719
1935	4033
1935	3934
1935	3942
1935	4642
1935	4110
1935	4161
1935	4350
1935	4207
1935	4296
1935	3256
1935	3728
1935	3822
1935	4358
1935	4119
1925	3582
1925	4916

melhor e media

2220	5888
2168	4914
2164	3937
2163	4079
2161	3356
2161	3089
2161	3532
2159	2741
2069	2812
2069	2992
2016	3112
2016	3296
2016	2705
2000	2999
1958	3164
1936	3087
1935	3793
1935	4103
1935	3726
1932	3304
1925	2866
1925	3366
1925	3520
1925	4177
1925	4743
1925	3858
1925	2774
1925	3178
1925	3362
1925	3302
1925	3368
1925	3474
1925	3228
1925	3681
1925	3235
1925	3768
1925	3935
1925	3380
1925	2851
1925	3123
1925	3072
1925	3254
1925	3259
1925	2867
1925	3680
1925	4155
1925	3526
1925	2970
1925	3351
1925	3685
1925	3104
1925	3011
1925	2933
1925	3489
1925	3720
1925	3908
1925	3250
1925	3252
1925	3364
1925	3036
1925	3619
1925	3642
1925	3329
1925	3279
1925	3439
1925	2980
1925	3235
1925	3314
1925	3304
1925	3040
1925	3191
1925	3597
1925	3075
1925	3629
1925	3950
1925	3386
1925	3335
1925	3264
1925	3594
1925	3389
1925	3357
1925	3578
1925	3694
1925	3605
1925	3871
1925	3719
1925	3704
1925	3051
1925	3485
1925	2959
1925	3081
1925	3205
1925	3789
1925	2932
1925	3088
1925	3521
1925	3225
1925	2900
1925	3279
1925	3495

melhor e media

2221	5373
2166	4791
2141	3708
2081	3293
1988	3368
1944	3140
1935	3258
1935	3428
1935	3592
1935	4083
1935	3227
1935	3046
1935	3556
1935	4344
1935	4172
1935	4302
1935	3473
1935	3641
1935	4391
1935	4294
1935	3858
1935	3880
1935	4420
1935	3750
1935	4176
1935	4253
1935	3890
1935	3228
1935	4256
1935	4159
1935	4632
1935	4184
1935	3253
1935	3568
1935	4011
1935	3847
1935	4157
1935	4192
1935	4362
1935	3745
1935	4008
1932	3631
1925	3308
1925	3165
1925	3186
1925	3190
1925	3362
1925	3242
1925	3108
1925	3381
1925	3586
1925	3740
1925	3997
1925	3914
1925	3671
1925	3722
1925	2993
1925	3236
1925	3816
1925	3709
1925	3616
1925	3447
1925	3946
1925	3438
1925	3027
1925	3394
1925	2989
1925	3303
1925	4042
1925	4133
1925	3932
1925	3591
1925	3636
1925	3516
1925	3443
1925	3528
1925	3379
1925	3347
1925	3355
1925	3577
1925	3096
1925	3190
1925	3216
1925	3364
1925	3148
1925	3799
1925	3207
1925	2883
1925	2821
1925	3071
1925	3779
1925	3245
1925	3056
1925	3506
1925	3162
1925	3299
1925	3234
1925	3034
1925	3433
1925	3712

melhor e media

2386	5379
2079	5556
2006	3903
2006	4031
1984	4269
1984	4670
1984	3987
1962	4533
1961	3736
1961	3592
1961	3835
1961	4093
1955	3842
1955	3597
1955	3954
1955	3409
1955	4226
1955	4629
1944	4052
1944	3833
1892	3464
1841	3530
1841	3761
1841	3923
1841	3792
1841	3876
1841	3961
1841	3686
1841	4222
1841	3769
1841	3285
1841	3947
1841	4409
1841	3893
1841	4681
1841	4481
1841	3726
1841	4056
1841	3982
1841	4561
1841	4791
1841	4602
1841	3508
1841	4183
1841	4441
1841	3824
1841	3922
1841	3832
1841	3670
1841	3622
1841	4216
1841	3945
1841	4081
1841	4088
1841	3888
1841	4354
1841	4618
1841	3838
1841	3793
1841	3532
1841	3643
1841	3429
1841	4146
1841	4390
1841	3898
1841	3865
1841	3829
1841	3823
1841	3701
1841	3508
1841	3544
1841	4459
1841	3817
1841	4169
1841	4035
1841	3932
1841	3934
1841	4611
1841	3586
1841	3475
1841	4082
1841	3666
1841	4068
1841	3950
1841	4744
1841	4439
1841	4436
1841	4493
1841	3834
1841	4694
1841	4951
1841	3065
1841	2971
1841	3765
1841	4468
1841	4419
1841	4167
1841	4196
1841	3858
1841	3444

melhor e media

2218	5056
2169	4759
2164	3310
2164	3404
2164	3412
2131	3652
2131	3258
2023	3148
2023	4010
2023	3169
1958	2673
1935	2534
1935	3041
1935	2800
1935	3401
1935	3316
1935	3860
1935	3776
1935	3820
1935	4194
1935	3684
1935	4055
1935	3979
1935	3974
1935	3803
1935	3789
1935	3330
1935	3367
1935	4078
1935	3934
1935	3816
1935	3762
1935	3593
1935	3910
1935	4161
1932	3766
1932	3152
1932	3206
1932	3235
1925	3037
1925	3164
1925	3386
1925	3813
1925	3659
1925	2880
1925	3784
1925	3874
1925	4033
1925	3418
1925	3996
1925	4502
1925	3504
1925	4123
1925	3840
1925	3863
1925	3893
1925	3689
1925	3552
1925	3221
1925	3212
1925	2742
1925	3337
1925	3654
1925	4049
1925	3404
1925	3755
1925	3352
1925	3771
1925	4124
1925	3955
1925	4122
1925	3651
1925	3757
1925	3904
1925	4235
1925	3768
1925	3718
1925	3339
1925	3515
1925	3895
1925	3581
1925	3497
1925	3974
1925	3860
1925	3509
1925	3972
1925	2973
1925	3486
1925	3793
1925	3988
1925	3881
1925	4049
1925	3475
1925	3622
1925	3524
1925	3777
1925	3779
1925	3723
1925	3211
1925	3746

melhor e media

2654	5043
2073	4596
2073	3606
2071	3453
2069	3546
2069	3180
2065	3059
2052	3094
2052	3693
2052	3506
2035	3355
2034	3786
2014	3619
2010	3441
2005	3509
2000	3242
1998	3553
1998	3240
1995	3181
1995	4179
1995	3387
1995	4084
1995	3202
1995	2843
1995	3472
1995	3804
1995	3201
1995	2889
1995	3627
1995	3826
1995	3537
1995	3477
1995	3533
1995	3323
1995	3340
1995	3560
1995	3082
1995	3218
1995	3443
1995	3052
1995	3037
1995	3264
1995	3436
1995	3592
1995	3685
1995	3531
1995	3387
1995	4015
1995	3835
1995	3440
1995	3075
1995	3592
1995	3042
1995	3803
1995	3261
1995	3718
1995	3457
1995	4075
1995	3487
1995	3613
1995	3508
1995	3415
1995	3550
1995	3119
1995	2463
1995	3825
1995	3128
1995	3177
1995	3125
1995	3130
1995	4036
1995	2927
1995	3614
1995	3601
1995	3131
1995	3448
1995	4144
1995	3768
1995	3390
1995	3139
1995	3147
1995	3046
1995	2731
1995	3036
1995	3404
1995	3039
1995	3223
1995	3973
1995	3176
1995	3063
1995	2846
1995	3303
1995	3329
1995	3809
1995	3363
1995	3743
1995	2933
1995	3156
1995	3194
1995	2777

melhor e media

2483	5566
2407	4422
2345	3849
2345	4162
2335	3520
2335	3203
2335	3699
2335	3866
2228	4131
2228	3900
2228	3358
2228	3191
2228	3427
2228	3165
2228	3882
2228	3215
2228	3750
2116	3872
2108	4202
2108	3421
2103	3443
2103	3310
2103	4031
2103	3834
2103	3381
2103	3530
2103	3628
2103	3405
2103	3142
2103	3659
2103	3580
2103	3897
2103	3504
2103	3177
2103	3249
2103	3679
2103	3247
2098	3625
2013	3477
1984	3817
1981	3690
1935	3308
1935	3005
1935	3587
1935	3352
1935	3704
1935	3242
1935	3285
1935	3478
1935	3665
1935	3886
1935	4088
1935	4117
1935	3834
1935	3976
1935	3273
1935	3220
1925	3623
1925	3812
1925	3445
1925	3825
1925	3960
1925	3560
1925	4000
1925	4093
1925	4073
1925	3672
1925	3389
1925	3459
1925	3465
1925	3687
1925	3535
1925	3225
1925	3455
1925	3640
1925	4013
1925	4333
1925	3239
1925	3526
1925	4061
1925	3610
1925	3727
1925	3107
1925	3603
1925	3629
1925	3476
1925	4233
1925	3617
1925	3430
1925	3290
1925	3639
1925	3954
1925	4145
1925	3881
1925	4149
1925	2995
1925	3360
1925	3500
1925	3357
1925	3610

melhor e media

2413	5548
2413	3448
2273	2741
2273	3365
2273	2938
2273	3454
2273	3376
2273	3332
2273	3202
2273	3386
2273	3251
2273	3234
2273	3191
2273	3115
2273	3197
2273	3363
2273	3508
2273	3407
2273	3089
2273	3832
2273	3164
2273	3349
2273	3060
2273	3439
2273	3115
2273	3166
2273	2676
2273	3219
2273	3220
2273	3296
2273	3310
2273	3058
2273	3505
2273	3124
2273	3351
2273	3280
2273	3096
2273	3320
2273	3572
2273	3186
2273	3181
2273	2961
2273	3250
2273	3484
2273	3423
2273	3233
2273	2957
2273	3085
2273	2991
2273	3132
2273	3214
2273	3249
2273	3408
2273	3112
2231	3482
2221	3932
2190	4027
2189	3190
2144	3036
2064	3186
2038	2916
2038	3415
2038	2935
1956	2972
1935	3098
1935	3531
1935	3816
1935	3971
1935	4445
1935	3857
1935	3606
1935	3617
1935	3597
1935	3151
1935	3124
1935	3510
1935	3648
1935	3359
1935	2838
1935	3435
1935	3132
1935	3643
1935	3547
1935	3637
1935	3684
1935	2797
1935	3721
1935	2894
1935	3868
1935	3447
1935	3958
1935	3719
1935	3541
1935	3594
1935	3269
1935	4190
1935	4419
1935	3471
1935	3574
1935	3803

melhor e media

2250	5860
1958	4528
1935	4027
1935	4006
1935	4012
1935	2783
1935	3455
1935	3910
1935	3244
1935	4790
1935	4061
1935	4608
1935	4192
1935	4306
1935	4026
1935	4067
1935	4139
1935	4437
1935	4113
1935	4446
1935	4240
1935	4463
1935	3901
1935	3939
1935	3113
1935	3161
1935	3354
1935	3204
1935	3517
1935	3983
1935	3981
1935	3326
1935	4282
1935	4508
1935	3354
1935	3676
1935	3618
1935	3857
1935	3899
1935	4198
1935	3995
1935	4035
1935	3936
1935	3332
1935	3742
1935	3766
1935	3543
1935	3112
1935	3603
1935	3120
1935	3576
1935	3666
1935	3626
1935	3829
1935	4417
1935	3662
1935	2886
1935	3567
1935	3506
1935	2916
1935	3623
1935	4327
1935	4187
1935	4261
1935	4533
1935	4021
1935	4004
1935	3595
1935	3126
1935	3547
1935	3512
1935	3755
1935	4071
1935	3616
1935	3768
1935	3673
1935	3459
1935	3586
1935	3574
1935	4331
1935	3865
1935	4161
1935	4030
1935	3403
1925	3788
1925	4035
1925	3951
1925	3608
1925	3426
1925	3756
1925	3646
1925	3200
1925	3441
1925	2912
1925	2825
1925	3083
1925	2682
1925	2989
1925	3147
1925	3214

melhor e media

2085	5138
2017	4640
2017	4500
1925	4750
1925	3948
1925	3608
1925	3341
1925	3759
1925	3579
1925	2881
1925	2826
1925	3084
1925	3366
1925	2826
1925	2831
1925	3413
1925	3683
1925	3238
1925	3420
1925	3380
1925	3340
1925	3859
1925	3328
1925	3341
1925	3173
1925	3693
1925	3477
1925	3278
1925	3253
1925	3523
1925	3536
1925	3376
1925	3225
1925	2775
1925	3013
1925	3227
1925	3139
1925	3058
1925	2767
1925	3219
1925	3271
1925	3725
1925	3135
1925	3199
1925	3546
1925	3087
1925	3049
1925	3385
1925	3288
1925	3652
1925	3937
1925	3686
1925	3244
1925	3455
1925	3703
1925	3564
1925	3284
1925	3433
1925	3591
1925	3748
1925	3494
1925	3876
1925	3844
1925	3043
1925	3320
1925	3192
1925	2901
1925	3276
1925	3441
1925	3363
1925	3083
1925	2850
1925	3298
1925	3418
1925	3238
1925	3242
1925	2926
1925	3135
1925	3234
1925	3691
1925	3639
1925	3617
1925	3153
1925	3530
1925	4184
1925	3324
1925	2814
1925	2940
1925	3015
1925	2916
1925	2999
1925	3041
1925	3375
1925	3032
1925	3134
1925	3512
1925	3216
1925	3066
1925	3062
1925	3281

melhor e media

2201	5984
2182	5680
2175	3729
2170	4491
2164	2854
2164	3859
2164	3195
2162	3973
2161	3506
2161	2811
2161	3125
2158	3262
2158	2833
2016	2942
2012	3520
2012	3165
1993	3282
1993	3229
1993	3298
1958	2820
1935	2840
1935	3813
1935	4038
1935	3514
1935	3776
1935	3630
1935	4043
1935	3873
1935	5109
1935	4511
1935	3372
1935	3726
1935	3196
1935	3358
1935	3876
1935	3349
1935	3788
1935	4122
1935	4024
1935	3592
1935	3234
1935	3926
1935	4105
1935	4198
1935	3849
1935	3952
1935	4310
1935	4498
1935	3739
1935	3416
1935	3167
1935	3354
1935	3213
1935	3687
1935	2855
1935	3719
1935	4000
1935	3568
1935	4027
1935	4229
1935	3782
1935	3927
1935	2882
1935	3136
1935	3909
1935	3775
1935	3397
1935	3698
1935	3223
1935	4057
1935	4061
1935	4113
1935	3846
1935	3840
1935	3197
1935	3519
1935	4188
1935	3932
1935	3726
1935	3501
1935	3540
1935	3839
1935	3209
1935	3855
1935	4661
1935	3595
1935	4176
1935	4148
1935	3529
1935	3981
1935	3614
1935	3320
1935	3503
1935	3732
1935	3142
1935	4088
1935	3487
1935	3568
1935	4349
1935	3903

melhor e media

2179	5870
2179	4985
2052	4083
1987	3275
1958	3994
1958	3041
1958	3265
1958	3157
1958	3280
1958	3093
1944	3162
1944	3166
1936	2640
1925	3004
1925	2982
1925	3344
1925	3376
1925	3298
1925	3674
1925	3316
1925	3838
1925	3128
1925	3108
1925	3243
1925	3537
1925	3615
1925	3582
1925	3576
1925	3620
1925	3891
1925	3547
1925	3081
1925	3259
1925	3172
1925	3021
1925	3123
1925	3239
1925	3460
1925	3095
1925	2949
1925	3229
1925	3051
1925	3424
1925	3066
1925	2919
1925	3047
1925	3019
1925	3029
1925	3276
1925	3427
1925	3964
1925	3431
1925	3456
1925	2837
1925	3330
1925	3788
1925	3611
1925	2803
1925	3141
1925	3382
1925	3313
1925	2945
1925	3676
1925	3394
1925	3127
1925	3025
1925	3918
1925	4024
1925	3265
1925	3464
1925	3170
1925	3515
1925	3201
1925	3508
1925	3190
1925	3315
1925	3116
1925	3046
1925	3093
1925	2921
1925	3670
1925	3916
1925	3010
1925	3156
1925	3586
1925	2959
1925	3009
1925	3387
1925	3496
1925	3254
1925	2953
1925	3543
1925	3741
1925	3095
1925	2717
1925	3312
1925	3443
1925	3945
1925	4110
1925	3030

