melhor e media
1203	2601
1123	1730
1117	1402
1108	1384
1108	1372
1108	1445
1108	1325
1108	1311
1108	1489
1108	1371
1108	1399
1108	1345
1108	1410
1108	1403
1108	1437
1108	1376
1108	1460
1108	1563
1108	1509
1108	1465
1108	1433
1108	1326
1108	1358
1108	1327
1108	1343
1108	1456
1108	1372
1108	1289
1108	1399
1108	1329
1108	1435
1108	1337
1108	1516
1108	1357
1108	1414
1108	1433
1108	1407
1108	1522
1108	1386
1108	1675
1108	1396
1108	1452
1108	1432
1108	1451
1098	1420
1098	1550
1098	1424
1098	1683
1098	1531
1096	1350
1096	1526
1090	1371
1089	1766
1089	1625
1089	1668
1089	1411
1089	1644
1079	1561
1079	1701
1079	1792
1079	1624
1079	1760
1079	1555
1079	1532
1079	1590
1079	1623
1079	1574
1079	1601
1079	1665
1079	1806
1079	1735
1074	1763
1074	1614
1074	1572
1074	1563
1074	1528
1074	1471
1074	1595
1074	1680
1074	1551
1074	1633
1074	1639
1074	1445
1074	1533
1074	1588
1074	1396
1074	1610
1074	1471
1074	1536
1074	1459
1074	1645
1074	1698
1074	1438
1074	1689
1074	1670
1074	1586
1074	1570
1074	1577
1074	1458
1074	1465

melhor e media
1205	2657
1140	1969
1130	2056
1125	1766
1079	1657
1079	1449
1079	1482
1076	1369
1076	1493
1076	1474
1074	1483
1074	1417
1074	1485
1074	1499
1074	1438
1074	1421
1074	1432
1074	1408
1074	1382
1074	1409
1074	1350
1074	1532
1074	1381
1074	1517
1074	1493
1074	1391
1074	1425
1074	1373
1074	1333
1074	1417
1074	1634
1074	1431
1074	1294
1074	1401
1074	1294
1074	1320
1074	1384
1074	1388
1074	1515
1074	1499
1074	1438
1074	1343
1074	1377
1074	1462
1074	1355
1074	1399
1074	1421
1074	1516
1074	1316
1074	1485
1074	1434
1074	1387
1074	1370
1074	1389
1074	1388
1073	1601
1073	1421
1073	1416
1073	1455
1073	1428
1073	1561
1073	1399
1073	1340
1073	1366
1062	1544
1053	1478
1053	1479
1053	1584
1053	1574
1053	1491
1053	1533
1053	1452
1053	1404
1053	1377
1053	1429
1053	1515
1053	1621
1053	1683
1053	1649
1053	1417
1053	1465
1053	1436
1053	1495
1053	1554
1053	1475
1053	1572
1053	1481
1053	1537
1053	1683
1053	1495
1053	1469
1053	1599
1053	1516
1053	1501
1053	1609
1053	1522
1053	1555
1053	1491
1053	1540
1053	1475

melhor e media
1204	2609
1161	1728
1132	1540
1123	1571
1086	1509
1086	1478
1086	1430
1086	1449
1086	1397
1086	1473
1086	1524
1086	1425
1086	1417
1086	1395
1086	1449
1086	1511
1086	1413
1086	1375
1079	1472
1079	1511
1079	1531
1079	1557
1079	1433
1079	1484
1079	1306
1079	1503
1079	1524
1079	1509
1079	1354
1079	1400
1079	1499
1079	1453
1079	1381
1079	1456
1079	1424
1079	1430
1079	1479
1079	1400
1079	1413
1079	1445
1079	1491
1079	1519
1074	1460
1074	1437
1074	1433
1074	1401
1074	1520
1074	1590
1074	1565
1074	1553
1074	1481
1074	1636
1074	1559
1067	1515
1067	1509
1067	1473
1067	1594
1067	1370
1067	1520
1067	1664
1067	1449
1067	1449
1067	1331
1067	1369
1067	1467
1067	1305
1067	1441
1067	1643
1067	1572
1067	1396
1067	1419
1067	1477
1067	1576
1067	1581
1067	1437
1067	1463
1067	1606
1067	1494
1067	1397
1067	1401
1067	1452
1067	1578
1067	1422
1067	1493
1067	1393
1067	1493
1057	1332
1057	1297
1057	1422
1057	1437
1057	1545
1057	1572
1057	1706
1057	1638
1055	1622
1055	1456
1055	1549
1055	1435
1055	1313
1055	1417

melhor e media
1191	2598
1191	1816
1143	1720
1143	1482
1143	1491
1143	1448
1143	1416
1143	1437
1143	1440
1143	1443
1143	1379
1143	1505
1143	1441
1143	1571
1143	1498
1143	1463
1143	1535
1143	1523
1143	1485
1143	1522
1143	1364
1143	1331
1143	1424
1143	1382
1143	1394
1143	1607
1143	1437
1143	1433
1143	1440
1143	1532
1143	1405
1143	1427
1091	1468
1086	1398
1086	1373
1086	1446
1086	1465
1086	1477
1086	1461
1086	1462
1086	1501
1086	1375
1086	1437
1086	1530
1086	1475
1086	1417
1086	1470
1086	1472
1086	1390
1086	1524
1086	1657
1086	1572
1086	1489
1086	1431
1086	1404
1086	1547
1086	1551
1086	1355
1086	1375
1086	1461
1086	1399
1086	1475
1086	1529
1086	1363
1086	1482
1086	1417
1086	1418
1086	1509
1086	1503
1086	1605
1086	1383
1086	1447
1086	1361
1086	1374
1086	1467
1086	1423
1086	1582
1086	1456
1086	1462
1086	1502
1086	1481
1086	1411
1086	1460
1086	1485
1086	1509
1086	1524
1086	1530
1086	1729
1086	1481
1086	1504
1086	1525
1086	1689
1086	1548
1086	1396
1086	1535
1086	1463
1086	1482
1086	1559
1086	1450
1086	1427

melhor e media
1209	2809
1182	1845
1182	1603
1135	1700
1135	1463
1135	1419
1135	1345
1126	1337
1126	1495
1124	1465
1124	1455
1124	1526
1124	1413
1124	1609
1124	1593
1124	1484
1124	1592
1124	1508
1124	1496
1124	1442
1124	1573
1124	1650
1124	1458
1074	1375
1074	1454
1074	1515
1074	1405
1074	1355
1074	1323
1074	1311
1074	1414
1074	1332
1074	1568
1074	1362
1074	1654
1074	1483
1074	1396
1074	1441
1074	1429
1074	1499
1074	1354
1074	1357
1074	1471
1074	1433
1074	1371
1074	1495
1074	1345
1074	1549
1074	1511
1074	1378
1074	1349
1074	1502
1074	1574
1074	1535
1074	1531
1074	1396
1074	1579
1074	1443
1074	1371
1074	1440
1074	1354
1074	1337
1074	1568
1074	1335
1074	1587
1074	1516
1074	1739
1074	1465
1074	1476
1074	1256
1074	1478
1074	1362
1074	1498
1074	1450
1074	1611
1074	1413
1074	1464
1074	1523
1074	1414
1074	1470
1074	1426
1074	1516
1074	1497
1074	1469
1074	1560
1074	1436
1074	1366
1074	1408
1074	1347
1074	1415
1074	1427
1074	1395
1074	1335
1074	1342
1074	1355
1074	1427
1074	1451
1074	1480
1074	1540
1074	1460

melhor e media
1255	2481
1091	1658
1085	1611
1077	1491
1077	1512
1073	1481
1073	1338
1073	1501
1073	1526
1073	1691
1053	1514
1053	1435
1053	1481
1053	1445
1053	1446
1053	1382
1053	1388
1053	1308
1053	1371
1053	1411
1053	1286
1053	1393
1053	1436
1053	1415
1053	1306
1053	1460
1053	1428
1053	1388
1053	1466
1053	1452
1053	1436
1053	1448
1053	1495
1053	1377
1053	1470
1053	1489
1053	1405
1053	1521
1053	1375
1053	1518
1053	1399
1053	1506
1053	1556
1053	1581
1053	1391
1053	1543
1053	1362
1053	1399
1053	1441
1053	1456
1053	1429
1053	1508
1053	1406
1053	1520
1053	1405
1053	1466
1053	1369
1053	1316
1053	1440
1053	1452
1053	1599
1053	1549
1053	1518
1053	1654
1053	1492
1053	1411
1053	1412
1053	1413
1053	1464
1053	1515
1053	1290
1053	1402
1053	1561
1053	1461
1053	1486
1053	1414
1053	1258
1053	1476
1053	1440
1053	1525
1053	1517
1053	1514
1053	1695
1053	1458
1053	1525
1053	1503
1053	1456
1053	1453
1053	1448
1053	1340
1053	1451
1053	1286
1053	1423
1053	1366
1053	1230
1053	1377
1053	1406
1053	1413
1053	1316
1053	1382

melhor e media
1520	2781
1223	1807
1170	1689
1135	1452
1135	1462
1135	1499
1135	1516
1135	1466
1135	1494
1135	1489
1135	1375
1135	1354
1135	1576
1135	1354
1110	1511
1110	1578
1110	1539
1110	1539
1110	1404
1079	1520
1079	1640
1079	1523
1074	1528
1074	1359
1074	1531
1074	1469
1074	1642
1074	1427
1074	1418
1074	1418
1074	1505
1074	1366
1074	1622
1074	1456
1074	1395
1074	1497
1074	1449
1074	1565
1074	1348
1074	1456
1074	1625
1074	1465
1074	1427
1074	1473
1074	1416
1074	1424
1074	1452
1074	1543
1074	1382
1074	1416
1074	1467
1074	1386
1074	1425
1074	1544
1074	1618
1074	1537
1074	1525
1074	1340
1074	1453
1074	1427
1074	1364
1074	1468
1074	1476
1074	1637
1074	1692
1074	1470
1074	1596
1074	1373
1074	1427
1074	1382
1074	1440
1074	1531
1074	1482
1074	1373
1074	1514
1074	1408
1074	1523
1074	1492
1074	1752
1074	1510
1074	1493
1074	1459
1074	1639
1074	1541
1074	1506
1074	1513
1074	1645
1074	1510
1074	1569
1073	1620
1073	1507
1073	1503
1053	1394
1053	1439
1053	1410
1053	1563
1053	1560
1053	1530
1053	1581
1053	1629

melhor e media
1247	2582
1175	2031
1151	1752
1076	1565
1076	1652
1076	1576
1076	1428
1076	1430
1076	1519
1076	1634
1074	1519
1074	1288
1074	1469
1074	1534
1074	1497
1074	1434
1074	1406
1074	1359
1074	1347
1074	1297
1074	1409
1074	1557
1074	1564
1074	1553
1074	1769
1074	1617
1074	1479
1074	1555
1074	1484
1074	1405
1074	1590
1074	1506
1074	1487
1074	1419
1074	1569
1074	1497
1074	1460
1074	1450
1074	1473
1074	1442
1074	1498
1074	1464
1074	1437
1074	1435
1074	1446
1074	1525
1074	1591
1074	1514
1074	1508
1074	1571
1074	1373
1074	1584
1074	1409
1074	1470
1074	1396
1074	1389
1074	1605
1074	1449
1074	1509
1074	1451
1074	1413
1074	1375
1074	1428
1074	1447
1074	1511
1074	1483
1074	1476
1074	1523
1074	1429
1074	1443
1074	1352
1074	1337
1074	1527
1074	1367
1074	1475
1074	1380
1074	1673
1074	1434
1074	1448
1074	1505
1074	1290
1074	1360
1074	1343
1074	1420
1074	1486
1074	1530
1074	1615
1074	1657
1074	1443
1074	1517
1074	1486
1074	1307
1074	1285
1074	1295
1074	1401
1074	1469
1074	1515
1074	1586
1074	1536
1074	1440

melhor e media
1229	2581
1095	1909
1094	1694
1057	1489
1057	1474
1057	1524
1057	1293
1057	1368
1057	1525
1057	1437
1057	1496
1057	1426
1057	1393
1057	1431
1057	1538
1057	1427
1057	1402
1057	1344
1057	1500
1057	1366
1057	1301
1055	1413
1055	1402
1055	1542
1055	1486
1055	1498
1055	1589
1055	1434
1055	1525
1055	1364
1055	1454
1055	1436
1055	1388
1055	1463
1055	1404
1055	1650
1055	1467
1055	1508
1055	1428
1055	1331
1055	1467
1055	1409
1055	1349
1055	1410
1055	1656
1055	1397
1055	1319
1055	1354
1055	1312
1055	1394
1055	1369
1055	1392
1055	1570
1055	1446
1055	1365
1055	1410
1055	1327
1055	1348
1055	1412
1055	1578
1055	1560
1055	1362
1055	1361
1055	1491
1055	1374
1055	1335
1055	1458
1055	1451
1055	1512
1055	1364
1055	1445
1055	1390
1055	1450
1055	1500
1055	1492
1055	1451
1055	1362
1055	1513
1055	1526
1055	1463
1055	1443
1055	1454
1055	1457
1055	1300
1055	1358
1055	1359
1055	1479
1055	1449
1055	1445
1055	1328
1055	1565
1055	1648
1055	1528
1055	1519
1055	1393
1055	1527
1055	1354
1055	1441
1055	1404
1055	1395

melhor e media
1199	2685
1140	1768
1074	1547
1074	1592
1074	1489
1074	1375
1074	1613
1074	1553
1074	1445
1074	1344
1074	1641
1074	1573
1074	1480
1074	1473
1074	1378
1074	1341
1074	1408
1074	1453
1073	1411
1073	1472
1073	1468
1073	1368
1066	1319
1066	1560
1066	1529
1066	1513
1066	1403
1066	1384
1066	1341
1066	1450
1066	1484
1066	1396
1066	1362
1066	1551
1066	1333
1066	1379
1066	1545
1066	1613
1066	1480
1066	1513
1066	1513
1066	1437
1066	1352
1066	1477
1066	1372
1066	1406
1066	1311
1066	1509
1066	1451
1066	1372
1066	1395
1066	1352
1066	1430
1066	1449
1066	1321
1066	1483
1066	1360
1066	1343
1066	1360
1066	1507
1066	1439
1066	1465
1066	1534
1066	1383
1066	1362
1066	1432
1066	1488
1066	1649
1066	1423
1066	1497
1066	1593
1066	1555
1066	1563
1066	1481
1066	1542
1066	1524
1066	1336
1066	1488
1066	1479
1066	1463
1066	1467
1066	1380
1066	1528
1066	1444
1066	1518
1066	1567
1066	1442
1066	1426
1066	1431
1066	1650
1066	1512
1066	1477
1066	1429
1066	1490
1066	1497
1066	1415
1066	1346
1066	1502
1066	1523
1066	1589

melhor e media
1303	2708
1179	1941
1153	1723
1142	1610
1086	1500
1086	1546
1086	1393
1086	1347
1086	1385
1086	1476
1086	1499
1086	1352
1086	1343
1086	1306
1086	1392
1086	1308
1086	1393
1086	1422
1086	1539
1086	1611
1086	1498
1086	1474
1086	1375
1086	1485
1086	1487
1086	1594
1086	1465
1086	1521
1086	1473
1086	1381
1086	1441
1086	1555
1086	1419
1086	1470
1086	1474
1086	1497
1086	1507
1086	1576
1086	1465
1086	1429
1086	1497
1086	1532
1086	1521
1086	1507
1086	1459
1086	1489
1086	1481
1086	1422
1086	1565
1086	1477
1086	1522
1086	1462
1086	1476
1086	1497
1086	1573
1086	1481
1086	1486
1086	1437
1086	1330
1086	1345
1086	1335
1086	1538
1086	1523
1086	1330
1086	1480
1086	1503
1086	1486
1086	1492
1086	1503
1086	1523
1086	1455
1086	1372
1086	1348
1086	1419
1086	1445
1086	1384
1086	1474
1086	1463
1086	1402
1086	1512
1086	1434
1086	1630
1086	1473
1086	1582
1086	1354
1086	1505
1086	1405
1086	1484
1086	1474
1086	1441
1086	1558
1086	1400
1086	1478
1086	1497
1086	1557
1086	1421
1086	1555
1086	1340
1086	1439
1086	1439

melhor e media
1188	2525
1188	2142
1188	2314
1187	2089
1140	2359
1124	1986
1097	1950
1097	1821
1091	1628
1091	1639
1091	1402
1078	1384
1078	1414
1078	1407
1078	1513
1078	1575
1078	1452
1078	1591
1078	1375
1078	1515
1078	1425
1078	1376
1078	1354
1078	1583
1078	1570
1078	1484
1078	1493
1078	1459
1078	1534
1078	1422
1078	1300
1078	1374
1078	1417
1078	1476
1078	1599
1078	1367
1078	1440
1078	1515
1078	1554
1078	1412
1078	1498
1078	1404
1078	1371
1078	1231
1078	1426
1078	1361
1078	1370
1078	1566
1074	1431
1039	1812
1039	1660
1039	1478
1039	1586
1039	1438
1039	1376
1039	1490
1039	1576
1039	1542
1039	1561
1039	1467
1039	1614
1039	1398
1039	1519
1039	1590
1039	1445
1039	1467
1039	1418
1039	1487
1039	1453
1039	1399
1039	1344
1039	1509
1039	1524
1039	1591
1039	1462
1039	1544
1039	1454
1039	1421
1039	1451
1039	1572
1039	1373
1039	1412
1039	1530
1039	1490
1039	1527
1039	1440
1039	1502
1039	1400
1039	1439
1039	1493
1039	1574
1039	1498
1039	1621
1039	1596
1039	1507
1039	1501
1039	1381
1039	1413
1039	1435
1039	1523

melhor e media
1271	2545
1205	1887
1190	1594
1165	1553
1165	1588
1165	1569
1139	1489
1117	1391
1080	1436
1080	1624
1080	1441
1080	1654
1080	1435
1080	1514
1080	1432
1080	1619
1080	1521
1080	1524
1080	1564
1080	1527
1080	1436
1080	1398
1080	1548
1080	1513
1080	1516
1080	1515
1080	1597
1080	1607
1080	1499
1080	1464
1080	1482
1080	1420
1080	1492
1080	1371
1080	1410
1080	1493
1080	1450
1080	1437
1080	1516
1080	1691
1080	1546
1080	1663
1080	1588
1080	1463
1080	1478
1080	1488
1080	1645
1080	1561
1080	1499
1080	1607
1080	1322
1080	1415
1080	1413
1080	1443
1080	1538
1080	1440
1080	1561
1080	1633
1080	1502
1080	1833
1080	1640
1080	1567
1080	1442
1080	1498
1080	1547
1080	1506
1080	1496
1080	1496
1080	1535
1080	1646
1080	1534
1080	1570
1080	1685
1080	1736
1080	1472
1080	1475
1080	1593
1080	1731
1080	1485
1080	1508
1080	1474
1080	1371
1080	1513
1080	1413
1080	1415
1080	1621
1080	1461
1080	1576
1080	1548
1080	1632
1080	1407
1080	1504
1080	1564
1080	1439
1080	1523
1080	1549
1080	1450
1080	1537
1080	1368
1080	1552

melhor e media
1126	2632
1126	1779
1126	1721
1126	1610
1126	1675
1126	1668
1126	1799
1094	1697
1094	1916
1094	1833
1094	1922
1094	1948
1094	2069
1094	1877
1093	1878
1079	1499
1079	1703
1079	1470
1079	1417
1079	1386
1079	1401
1079	1386
1079	1485
1079	1342
1074	1416
1074	1387
1074	1488
1074	1559
1074	1454
1074	1396
1074	1399
1074	1414
1074	1570
1074	1404
1074	1329
1074	1452
1074	1421
1074	1361
1074	1368
1074	1407
1074	1463
1074	1508
1074	1389
1074	1332
1074	1564
1074	1329
1074	1344
1074	1523
1074	1384
1074	1457
1074	1387
1074	1606
1074	1503
1074	1490
1074	1350
1074	1378
1074	1474
1074	1429
1074	1548
1074	1492
1074	1424
1074	1492
1074	1535
1074	1441
1074	1451
1074	1327
1074	1334
1074	1453
1074	1395
1074	1319
1074	1418
1074	1372
1074	1447
1074	1593
1074	1538
1074	1451
1074	1374
1074	1345
1074	1472
1074	1596
1074	1531
1074	1597
1074	1725
1074	1541
1074	1709
1074	1432
1074	1578
1074	1395
1074	1506
1074	1306
1074	1436
1074	1433
1074	1464
1074	1383
1074	1520
1074	1465
1074	1529
1074	1447
1074	1391
1074	1541

melhor e media
1268	2594
1169	1963
1084	1438
1084	1666
1084	1590
1069	1519
1069	1690
1069	1580
1069	1435
1069	1363
1069	1525
1069	1596
1069	1565
1069	1464
1069	1440
1069	1621
1069	1599
1069	1431
1069	1564
1069	1400
1069	1336
1069	1418
1069	1397
1069	1467
1069	1427
1069	1478
1069	1384
1069	1487
1069	1370
1069	1681
1069	1595
1069	1449
1069	1479
1069	1512
1069	1564
1069	1427
1069	1456
1069	1434
1069	1578
1069	1735
1069	1442
1069	1381
1069	1587
1069	1568
1069	1532
1069	1516
1069	1554
1069	1539
1069	1619
1069	1393
1068	1412
1068	1898
1068	1686
1068	1935
1068	1822
1068	1805
1068	1899
1068	1661
1068	1946
1068	1926
1068	1623
1068	1946
1068	1849
1068	1837
1068	1824
1068	1927
1068	2167
1068	1811
1068	1795
1068	1791
1068	1662
1068	1927
1068	1670
1068	1783
1068	1760
1068	1904
1068	1823
1068	2048
1068	2003
1068	1898
1068	1927
1068	1764
1068	1952
1068	1908
1068	1801
1068	1652
1068	1830
1068	1847
1068	1831
1068	1800
1068	1753
1068	1923
1068	2123
1068	1881
1068	1974
1068	1911
1068	1586
1068	1490
1068	1836
1068	1732

melhor e media
1134	2622
1101	2009
1101	1875
1101	1785
1101	1887
1101	1635
1101	1662
1101	1685
1101	1658
1087	1541
1087	1589
1087	1562
1083	1503
1083	1427
1079	1425
1079	1654
1079	1629
1079	1619
1079	1499
1079	1474
1079	1473
1079	1481
1079	1380
1079	1391
1079	1535
1079	1542
1079	1482
1079	1583
1079	1438
1079	1361
1079	1425
1079	1391
1079	1402
1079	1419
1079	1463
1079	1411
1079	1452
1079	1403
1079	1514
1079	1688
1079	1478
1079	1414
1079	1540
1079	1524
1079	1600
1079	1481
1079	1595
1079	1546
1079	1429
1079	1612
1079	1370
1079	1419
1079	1433
1079	1445
1079	1465
1079	1540
1069	1525
1069	1655
1062	1428
1062	1481
1056	1392
1056	1667
1056	1661
1056	1666
1056	1965
1056	1732
1056	1667
1056	1674
1056	1725
1056	1527
1056	1725
1056	1760
1056	1560
1056	1787
1056	1508
1056	1497
1056	1529
1056	1665
1056	1650
1056	1632
1056	1544
1056	1533
1056	1684
1056	1505
1056	1575
1056	1498
1056	1722
1056	1704
1056	1737
1056	1548
1056	1776
1056	1869
1056	1601
1056	1646
1056	1724
1056	1751
1056	1547
1056	1756
1056	1490
1056	1581

melhor e media
1285	2593
1161	1727
1134	1560
1134	1494
1134	1507
1134	1437
1134	1539
1134	1495
1112	1355
1112	1377
1092	1403
1092	1422
1092	1409
1092	1406
1092	1396
1087	1444
1087	1480
1087	1407
1087	1528
1087	1601
1087	1601
1087	1340
1087	1395
1087	1534
1087	1454
1087	1459
1087	1361
1087	1378
1087	1336
1087	1281
1087	1399
1087	1511
1073	1329
1073	1487
1073	1413
1073	1448
1073	1352
1073	1370
1053	1421
1053	1447
1053	1556
1053	1504
1053	1426
1053	1411
1053	1352
1053	1340
1053	1381
1053	1351
1053	1403
1053	1434
1053	1471
1053	1478
1053	1360
1053	1305
1053	1420
1053	1339
1053	1342
1053	1321
1053	1343
1053	1357
1053	1401
1053	1462
1053	1388
1053	1520
1053	1404
1053	1533
1053	1301
1053	1311
1053	1350
1053	1403
1053	1448
1053	1524
1053	1429
1053	1344
1053	1428
1053	1475
1053	1472
1053	1458
1053	1509
1053	1635
1053	1534
1053	1510
1053	1480
1053	1461
1053	1393
1053	1352
1053	1331
1053	1394
1053	1307
1053	1412
1053	1428
1053	1451
1053	1436
1053	1457
1053	1334
1053	1309
1053	1406
1053	1280
1053	1344
1053	1418

melhor e media
1244	2540
1126	1707
1079	1643
1079	1753
1079	1648
1079	2004
1079	2058
1079	1889
1079	1805
1079	1645
1079	1610
1079	1553
1079	1759
1079	1792
1079	1802
1079	1809
1079	1756
1079	1733
1079	1901
1079	1880
1079	2010
1079	1860
1079	1889
1079	1938
1079	1964
1079	1879
1079	1832
1079	1894
1079	2033
1079	1849
1079	1772
1079	1691
1079	1686
1079	1943
1079	1540
1079	1725
1079	1771
1079	1873
1079	1977
1079	1856
1079	1729
1079	2001
1079	1890
1079	1810
1079	1781
1079	1897
1079	1737
1079	1965
1079	1720
1079	1683
1079	1685
1079	1780
1079	1733
1079	1763
1079	1870
1079	1603
1079	1817
1079	1942
1079	1809
1079	1856
1079	1584
1079	1952
1079	1878
1079	1615
1079	1777
1079	1862
1079	1696
1079	1993
1079	1755
1079	1725
1079	2009
1079	1716
1079	1933
1079	2016
1079	1724
1079	1954
1079	2004
1079	2028
1079	1856
1079	1919
1079	1664
1079	1745
1079	1613
1079	1689
1079	1780
1079	1637
1079	2054
1079	1853
1079	1808
1079	1977
1079	1772
1079	1796
1079	1977
1079	1912
1079	1692
1079	1635
1079	1813
1079	1965
1079	1890
1079	1862

melhor e media
1176	2685
1119	1914
1119	1765
1119	1588
1114	1588
1114	1353
1114	1619
1114	1495
1114	1516
1114	1715
1114	1568
1114	1662
1114	1643
1079	1547
1079	1827
1079	1560
1079	1462
1074	1490
1074	1473
1074	1483
1074	1394
1074	1532
1074	1439
1074	1362
1074	1506
1074	1385
1074	1485
1074	1615
1074	1487
1074	1336
1074	1284
1074	1345
1074	1539
1074	1258
1074	1308
1074	1315
1074	1355
1074	1412
1074	1428
1059	1340
1059	1400
1057	1347
1057	1290
1057	1400
1057	1486
1057	1697
1057	1460
1057	1607
1057	1563
1057	1584
1057	1737
1057	1642
1057	1492
1057	1404
1057	1315
1057	1524
1057	1354
1057	1459
1057	1650
1057	1593
1057	1425
1057	1374
1057	1329
1057	1448
1057	1490
1057	1533
1057	1429
1057	1502
1057	1496
1057	1524
1057	1663
1057	1563
1057	1375
1057	1503
1057	1553
1057	1635
1057	1337
1057	1317
1057	1407
1057	1445
1057	1515
1057	1453
1057	1339
1057	1481
1057	1488
1057	1664
1057	1580
1057	1405
1057	1391
1057	1380
1057	1385
1057	1453
1057	1550
1057	1519
1057	1285
1057	1469
1057	1592
1057	1558
1057	1486
1057	1526

melhor e media
1227	2645
1227	1976
1163	1667
1074	1614
1074	1496
1074	1410
1074	1384
1074	1408
1074	1458
1074	1738
1074	1368
1074	1373
1074	1295
1074	1439
1068	1368
1067	1330
1067	1323
1067	1330
1047	1385
1047	1680
1047	1515
1047	1617
1045	1467
1045	1547
1045	1601
1045	1481
1045	1605
1045	1615
1045	1624
1045	1449
1045	1522
1045	1334
1045	1374
1045	1425
1045	1396
1045	1698
1045	1697
1045	1827
1045	1756
1045	1942
1045	1825
1045	1560
1045	1761
1045	1644
1045	1711
1045	1798
1045	1960
1045	1804
1045	1648
1045	1751
1045	1886
1045	1815
1045	2034
1045	1941
1045	1827
1045	2047
1045	1981
1045	1732
1045	1706
1045	1710
1045	1783
1045	1890
1045	1927
1045	1697
1045	1978
1045	2170
1045	2041
1045	2057
1045	1806
1045	1742
1045	1754
1045	1578
1045	1744
1045	2025
1045	1962
1045	1912
1045	1892
1045	1785
1045	1623
1045	1682
1045	1721
1045	1647
1045	1662
1045	1592
1045	1680
1045	1509
1045	1608
1045	1468
1045	1601
1045	1845
1045	1635
1045	2075
1045	2072
1045	1802
1045	1880
1045	1618
1045	1703
1045	1565
1045	1641
1045	1828

melhor e media
1152	2443
1079	1803
1079	1651
1079	1421
1079	1347
1079	1461
1079	1443
1079	1331
1079	1316
1079	1575
1079	1541
1079	1542
1079	1380
1079	1473
1079	1533
1079	1480
1079	1529
1079	1516
1079	1510
1079	1555
1079	1582
1079	1456
1079	1415
1079	1585
1079	1380
1079	1499
1079	1443
1079	1563
1079	1414
1079	1456
1079	1551
1079	1428
1079	1605
1079	1359
1079	1371
1079	1416
1079	1398
1079	1482
1079	1469
1079	1368
1079	1551
1079	1329
1079	1407
1079	1410
1079	1406
1079	1440
1079	1293
1079	1449
1079	1448
1079	1471
1079	1434
1079	1481
1079	1525
1079	1389
1079	1390
1079	1586
1079	1578
1079	1375
1079	1528
1079	1495
1079	1409
1079	1517
1079	1533
1079	1394
1079	1372
1079	1310
1079	1438
1059	1491
1059	1522
1054	1580
1054	1488
1054	1701
1054	1476
1054	1484
1054	1562
1054	1569
1054	1438
1054	1398
1054	1447
1054	1381
1054	1541
1054	1652
1054	1421
1054	1396
1054	1392
1054	1432
1054	1471
1054	1452
1054	1348
1054	1402
1054	1325
1045	1451
1045	1561
1045	1597
1045	1750
1045	1690
1045	1591
1045	1552
1045	1646
1045	1764

melhor e media
1327	2527
1079	1947
1079	1572
1079	1423
1079	1399
1074	1401
1074	1507
1074	1506
1074	1401
1074	1396
1074	1464
1074	1549
1074	1552
1074	1415
1074	1379
1074	1661
1074	1416
1074	1501
1074	1475
1074	1334
1074	1307
1074	1390
1074	1406
1074	1313
1074	1367
1074	1397
1074	1338
1074	1499
1074	1523
1074	1524
1074	1550
1074	1475
1074	1372
1074	1338
1074	1466
1074	1349
1074	1448
1074	1469
1074	1312
1074	1376
1074	1335
1074	1397
1074	1407
1074	1472
1074	1379
1074	1312
1074	1389
1074	1300
1074	1290
1074	1397
1074	1350
1074	1402
1074	1364
1074	1567
1074	1433
1074	1373
1074	1469
1074	1268
1074	1405
1074	1323
1074	1260
1074	1430
1074	1298
1074	1246
1074	1476
1074	1463
1074	1418
1074	1371
1074	1505
1074	1474
1074	1466
1074	1369
1074	1394
1074	1417
1074	1357
1074	1323
1074	1553
1074	1508
1074	1600
1074	1365
1074	1423
1074	1269
1074	1353
1074	1398
1074	1507
1074	1451
1074	1406
1074	1562
1074	1384
1074	1450
1074	1357
1074	1345
1074	1325
1074	1338
1074	1400
1074	1551
1067	1495
1067	1569
1067	1486
1067	1589

melhor e media
1254	2718
1067	1770
1067	1539
1067	1569
1067	1397
1067	1334
1067	1429
1067	1562
1067	1402
1067	1501
1067	1500
1067	1441
1067	1428
1067	1454
1067	1492
1067	1605
1065	1421
1065	1433
1065	1548
1065	1336
1065	1440
1065	1466
1065	1381
1065	1399
1065	1565
1065	1380
1065	1376
1065	1340
1065	1424
1065	1443
1065	1341
1065	1458
1065	1541
1065	1572
1065	1356
1065	1414
1065	1328
1065	1217
1065	1353
1065	1371
1065	1542
1065	1326
1065	1562
1065	1499
1065	1347
1065	1484
1065	1350
1065	1470
1065	1338
1065	1400
1065	1433
1065	1393
1065	1377
1065	1454
1065	1330
1065	1419
1065	1283
1065	1523
1065	1307
1065	1457
1065	1441
1065	1443
1065	1500
1065	1350
1065	1436
1065	1436
1065	1372
1065	1327
1065	1313
1065	1365
1065	1398
1065	1355
1065	1388
1065	1366
1065	1288
1065	1488
1065	1367
1065	1541
1065	1541
1065	1359
1065	1246
1065	1333
1065	1340
1065	1377
1065	1555
1065	1374
1065	1461
1065	1368
1065	1525
1065	1409
1065	1433
1065	1468
1065	1342
1065	1486
1065	1467
1065	1533
1065	1301
1065	1331
1065	1458
1065	1390

melhor e media
1290	2725
1244	1851
1187	1609
1151	1512
1133	1693
1079	1569
1079	1420
1079	1505
1079	1450
1079	1352
1079	1409
1079	1433
1074	1372
1074	1427
1074	1462
1074	1371
1074	1584
1074	1393
1074	1381
1074	1292
1074	1453
1074	1336
1074	1334
1074	1387
1074	1353
1074	1273
1074	1398
1074	1542
1074	1489
1074	1527
1074	1438
1074	1305
1074	1372
1074	1549
1074	1523
1074	1386
1074	1477
1074	1303
1074	1496
1074	1371
1074	1369
1074	1334
1074	1490
1074	1475
1074	1390
1074	1264
1074	1368
1074	1283
1074	1227
1074	1285
1074	1355
1074	1449
1074	1347
1074	1337
1074	1455
1074	1274
1074	1380
1074	1321
1074	1370
1074	1372
1074	1375
1074	1336
1074	1382
1074	1444
1074	1360
1074	1339
1074	1417
1074	1304
1074	1255
1074	1325
1074	1484
1074	1558
1074	1342
1074	1300
1074	1307
1074	1401
1074	1505
1074	1343
1074	1330
1074	1244
1074	1280
1074	1286
1074	1352
1074	1538
1074	1397
1074	1492
1074	1275
1074	1325
1074	1347
1074	1482
1074	1305
1074	1454
1074	1480
1074	1466
1074	1428
1074	1355
1074	1487
1074	1476
1074	1491
1074	1582

melhor e media
1177	2724
1125	1645
1079	1582
1079	1565
1079	1505
1079	1410
1079	1499
1079	1496
1079	1388
1079	1416
1079	1578
1079	1495
1079	1453
1079	1378
1079	1403
1079	1483
1079	1483
1079	1417
1079	1435
1079	1547
1079	1385
1079	1365
1079	1512
1079	1428
1079	1357
1079	1497
1079	1458
1079	1478
1079	1364
1079	1399
1079	1398
1079	1355
1079	1492
1079	1467
1079	1459
1079	1426
1079	1414
1079	1478
1079	1421
1079	1504
1079	1370
1079	1399
1079	1510
1079	1448
1074	1456
1074	1433
1074	1499
1074	1348
1074	1320
1074	1290
1074	1280
1074	1314
1074	1309
1074	1442
1074	1442
1074	1474
1074	1417
1074	1497
1074	1415
1074	1396
1074	1402
1074	1408
1074	1345
1074	1369
1074	1333
1074	1337
1074	1290
1074	1281
1074	1289
1074	1307
1074	1285
1074	1330
1074	1332
1074	1490
1074	1257
1074	1444
1074	1279
1074	1461
1074	1391
1074	1400
1074	1395
1074	1492
1074	1440
1074	1562
1074	1499
1074	1480
1074	1550
1074	1346
1074	1299
1074	1401
1074	1351
1074	1368
1074	1423
1074	1365
1074	1267
1074	1340
1074	1431
1074	1519
1074	1472
1074	1402

melhor e media
1226	2902
1193	2020
1144	1934
1133	1937
1133	1677
1108	1564
1108	1592
1098	1510
1074	1668
1074	1582
1074	1561
1074	1423
1074	1402
1074	1517
1074	1611
1074	1539
1074	1405
1074	1561
1074	1609
1074	1566
1074	1574
1074	1489
1074	1626
1074	1468
1074	1466
1074	1529
1074	1618
1074	1652
1074	1480
1074	1733
1074	1772
1074	1530
1074	1453
1074	1589
1074	1669
1074	1474
1074	1460
1074	1455
1074	1622
1074	1838
1074	1608
1074	1574
1074	1630
1074	1425
1074	1631
1074	1563
1074	1589
1074	1476
1074	1614
1074	1859
1074	1557
1074	1525
1074	1569
1074	1544
1074	1551
1074	1622
1074	1853
1074	1608
1074	1532
1074	1538
1074	1767
1074	1581
1074	1720
1074	1661
1074	1651
1074	1632
1074	1613
1074	1596
1074	1498
1074	1543
1074	1658
1074	1581
1074	1634
1074	1599
1074	1770
1074	1729
1074	1872
1074	1706
1074	1627
1074	1647
1074	1597
1074	1652
1074	1901
1074	1553
1074	1533
1074	1728
1074	1455
1074	1534
1074	1678
1074	1547
1074	1348
1074	1414
1074	1594
1074	1497
1074	1690
1074	1589
1074	1365
1074	1529
1074	1562
1074	1532

melhor e media
1194	2525
1126	1972
1126	1584
1121	1555
1117	1515
1117	1463
1080	1469
1080	1526
1080	1518
1080	1469
1080	1415
1080	1540
1080	1624
1080	1550
1080	1555
1080	1508
1080	1281
1080	1472
1080	1359
1080	1391
1080	1348
1080	1445
1080	1453
1080	1341
1080	1427
1080	1402
1080	1482
1080	1398
1080	1283
1080	1469
1080	1476
1080	1450
1080	1551
1080	1550
1080	1489
1080	1564
1080	1639
1080	1482
1080	1466
1080	1425
1080	1502
1080	1534
1080	1554
1080	1351
1080	1488
1080	1502
1080	1448
1080	1422
1080	1309
1080	1443
1080	1338
1080	1414
1080	1433
1080	1528
1080	1442
1080	1633
1080	1560
1080	1482
1080	1469
1080	1544
1080	1578
1080	1487
1080	1354
1080	1421
1070	1494
1070	1555
1070	1442
1070	1402
1070	1321
1070	1420
1070	1478
1070	1305
1070	1309
1070	1461
1070	1396
1070	1371
1070	1403
1070	1396
1070	1511
1070	1330
1070	1513
1070	1463
1070	1442
1070	1377
1070	1407
1070	1469
1070	1484
1070	1468
1070	1505
1070	1429
1070	1395
1070	1392
1070	1341
1070	1319
1070	1502
1070	1468
1070	1603
1070	1447
1070	1384
1070	1319

melhor e media
1248	2589
1183	2154
1178	1555
1074	1459
1074	1511
1074	1455
1074	1439
1074	1320
1059	1270
1059	1421
1059	1310
1057	1306
1057	1253
1057	1411
1057	1433
1057	1428
1057	1255
1057	1396
1057	1384
1057	1514
1057	1391
1057	1367
1057	1246
1057	1360
1057	1345
1057	1363
1057	1483
1057	1320
1057	1283
1057	1316
1057	1344
1057	1511
1057	1364
1057	1349
1057	1427
1057	1377
1057	1430
1057	1383
1057	1415
1057	1351
1057	1360
1057	1412
1057	1440
1057	1326
1057	1431
1057	1386
1057	1299
1057	1474
1057	1334
1057	1502
1057	1371
1057	1465
1057	1291
1057	1365
1057	1410
1057	1447
1057	1505
1057	1373
1057	1216
1057	1265
1057	1287
1057	1393
1057	1288
1057	1469
1057	1530
1057	1334
1057	1445
1057	1444
1057	1417
1057	1382
1057	1403
1057	1463
1057	1379
1057	1513
1057	1385
1057	1382
1057	1528
1057	1390
1057	1333
1057	1416
1057	1397
1057	1479
1057	1231
1057	1418
1057	1309
1057	1385
1057	1643
1057	1464
1057	1479
1057	1398
1057	1492
1057	1453
1057	1473
1057	1367
1057	1404
1057	1362
1057	1350
1057	1338
1057	1305
1057	1376

melhor e media
1142	2657
1142	1832
1142	1607
1061	1616
1061	1493
1061	1481
1058	1378
1057	1350
1057	1400
1057	1375
1057	1249
1057	1317
1057	1435
1057	1396
1057	1471
1057	1642
1057	1507
1057	1479
1057	1519
1057	1398
1057	1464
1057	1373
1057	1305
1057	1433
1057	1431
1057	1496
1057	1400
1057	1358
1057	1506
1057	1486
1057	1388
1057	1524
1057	1519
1057	1651
1057	1282
1057	1569
1057	1452
1057	1392
1057	1388
1057	1501
1057	1417
1057	1474
1057	1524
1057	1512
1057	1391
1057	1500
1057	1497
1057	1400
1057	1516
1057	1413
1057	1487
1057	1520
1057	1384
1057	1467
1057	1378
1057	1531
1057	1422
1057	1495
1057	1484
1057	1309
1057	1464
1057	1499
1057	1439
1057	1428
1057	1302
1057	1366
1057	1449
1057	1449
1057	1632
1057	1513
1057	1659
1057	1579
1057	1403
1057	1423
1057	1509
1057	1409
1057	1501
1057	1396
1057	1654
1057	1425
1057	1506
1057	1539
1057	1507
1057	1511
1057	1575
1057	1436
1057	1404
1057	1451
1057	1437
1057	1498
1057	1567
1057	1597
1057	1446
1057	1551
1057	1567
1057	1634
1057	1475
1057	1621
1057	1370
1057	1508

melhor e media
1172	2611
1172	1785
1172	1540
1135	1442
1135	1517
1117	1429
1117	1454
1117	1425
1117	1450
1117	1504
1117	1393
1117	1407
1117	1456
1117	1526
1117	1556
1117	1483
1117	1598
1117	1506
1117	1443
1117	1479
1117	1422
1117	1426
1117	1503
1117	1512
1117	1516
1117	1529
1117	1592
1117	1478
1117	1441
1117	1441
1117	1411
1117	1400
1117	1470
1112	1455
1112	1527
1112	1497
1112	1511
1112	1507
1112	1487
1112	1466
1112	1432
1112	1474
1112	1547
1112	1540
1112	1410
1112	1434
1112	1515
1112	1591
1104	1443
1104	1578
1096	1504
1096	1480
1096	1486
1096	1455
1096	1414
1096	1518
1096	1446
1096	1413
1089	1391
1089	1433
1089	1466
1089	1465
1089	1626
1089	1594
1089	1612
1089	1555
1089	1545
1089	1551
1089	1482
1089	1394
1089	1424
1089	1397
1089	1456
1089	1493
1089	1496
1089	1558
1089	1535
1089	1482
1089	1447
1089	1432
1089	1399
1089	1536
1089	1634
1089	1433
1089	1518
1089	1377
1089	1467
1089	1464
1089	1498
1089	1551
1089	1545
1082	1488
1082	1514
1082	1576
1069	1511
1069	1433
1069	1534
1069	1288
1069	1453
1069	1530

