melhor e media
617	977
583	893
583	710
583	667
577	641
577	674
577	678
577	633
577	738
577	718
577	696
577	669
577	640
577	646
577	629
577	674
577	706
577	744
577	742
577	664
577	638
577	659
577	677
577	653
577	659
577	636
577	627
577	645
577	647
577	708
577	706
577	634
577	647
577	682
577	681
577	646
577	648
577	643
577	636
577	664
577	639
577	700
577	691
577	653
577	663
577	645
577	672
577	646
577	642
577	656

melhor e media
617	1082
617	910
617	801
601	843
601	862
589	798
589	758
589	755
589	718
589	721
589	802
589	766
589	747
589	720
589	755
589	735
589	726
589	739
589	809
589	738
589	736
589	737
589	733
589	764
589	811
589	766
589	763
589	757
582	735
582	711
582	687
582	690
582	696
582	714
582	680
582	665
582	694
582	709
582	741
582	743
582	701
582	722
582	722
582	682
582	684
582	681
582	705
582	669
582	673
582	661

melhor e media
583	1077
583	914
577	709
577	667
577	658
577	727
577	696
577	667
577	676
577	679
577	665
577	645
577	644
577	681
577	688
577	656
577	649
577	632
577	643
577	648
577	638
577	644
577	650
577	694
577	684
577	687
577	702
577	669
577	656
577	645
577	664
577	645
577	655
577	679
577	684
577	725
577	663
577	661
577	706
577	702
577	651
577	647
577	653
577	643
577	684
577	684
577	702
577	710
577	659
577	671

melhor e media
624	1049
617	839
583	710
583	641
583	612
583	657
583	661
577	653
577	666
577	722
577	678
577	709
577	643
577	633
577	645
577	692
577	710
577	709
577	673
577	684
577	723
577	649
577	648
577	630
577	637
577	642
577	646
577	671
577	660
577	640
577	649
577	636
577	644
577	666
577	642
577	687
577	682
577	725
577	684
577	703
577	663
577	682
577	686
577	694
577	664
577	652
577	663
577	657
577	660
577	698

melhor e media
617	1093
617	954
617	833
617	785
617	776
617	771
617	766
617	793
605	853
605	708
577	662
577	668
577	663
577	715
577	691
577	675
577	679
577	703
577	665
577	730
577	721
577	788
577	731
577	672
577	708
577	701
577	676
577	724
577	697
577	687
577	677
577	672
577	655
577	668
577	711
577	674
577	695
577	707
577	674
577	696
577	666
577	671
577	666
577	668
577	692
577	691
577	651
577	647
577	650
577	661

melhor e media
617	1000
583	933
583	778
583	676
583	691
583	645
583	632
583	684
583	650
583	629
583	652
577	664
577	642
577	653
577	639
577	627
577	647
577	664
577	639
577	665
577	671
577	639
577	706
577	745
577	711
577	696
577	679
577	781
577	667
577	643
577	650
577	660
577	642
577	664
577	665
577	646
577	660
577	701
577	647
577	637
577	658
577	691
577	646
577	639
577	699
577	694
577	687
577	660
577	642
577	637

melhor e media
654	1045
654	909
651	776
617	764
617	689
617	705
577	714
577	642
577	657
577	665
577	662
577	676
577	649
577	638
577	637
577	646
577	684
577	640
577	636
577	631
577	706
577	691
577	711
577	654
577	657
577	644
577	687
577	652
577	664
577	698
577	658
577	650
577	650
577	669
577	685
577	684
577	718
577	651
577	663
577	647
577	643
577	662
577	661
577	670
577	722
577	670
577	660
577	702
577	666
577	722

melhor e media
583	1058
583	841
577	671
577	619
577	640
577	674
577	644
577	657
577	638
577	629
577	667
577	641
577	629
577	668
577	641
577	630
577	733
577	677
577	658
577	698
577	675
577	662
577	636
577	624
577	653
577	650
577	708
577	713
577	672
577	654
577	656
577	670
577	657
577	641
577	673
577	681
577	634
577	678
577	640
577	669
577	680
577	652
577	672
577	714
577	692
577	661
577	686
577	645
577	645
577	643

melhor e media
637	1146
637	867
632	724
632	705
577	727
577	748
577	665
577	655
577	666
577	693
577	701
577	695
577	647
577	666
577	667
577	673
577	682
577	665
577	656
577	658
577	688
577	703
577	662
577	659
577	703
577	719
577	696
577	669
577	654
577	649
577	745
577	715
577	769
577	744
577	682
577	659
577	702
577	665
577	660
577	648
577	693
577	705
577	687
577	680
577	647
577	670
577	720
577	668
577	656
577	751

melhor e media
617	1223
617	980
617	902
617	796
617	762
617	788
577	790
577	682
577	644
577	704
577	644
577	635
577	665
577	637
577	679
577	639
577	664
577	645
577	637
577	712
577	703
577	647
577	663
577	646
577	633
577	642
577	675
577	652
577	658
577	722
577	690
577	656
577	647
577	639
577	650
577	642
577	651
577	651
577	636
577	650
577	652
577	688
577	731
577	679
577	702
577	721
577	700
577	650
577	651
577	636

melhor e media
583	1154
583	947
583	747
583	661
583	728
583	691
577	660
577	690
577	686
577	643
577	635
577	667
577	651
577	638
577	653
577	648
577	663
577	681
577	680
577	670
577	677
577	651
577	684
577	729
577	687
577	654
577	702
577	655
577	644
577	672
577	644
577	636
577	641
577	697
577	719
577	642
577	656
577	674
577	671
577	633
577	638
577	686
577	647
577	635
577	648
577	702
577	683
577	643
577	633
577	644

melhor e media
656	1112
638	942
632	759
628	721
628	789
628	748
628	709
583	687
583	650
583	627
583	677
583	667
583	623
583	644
583	650
583	655
583	691
583	625
583	618
583	655
583	678
583	643
583	618
583	619
583	621
583	659
577	737
577	649
577	638
577	667
577	725
577	673
577	639
577	676
577	695
577	715
577	666
577	689
577	662
577	643
577	680
577	685
577	700
577	696
577	704
577	656
577	678
577	670
577	670
577	639

melhor e media
629	959
577	792
577	690
577	704
577	663
577	649
577	644
577	639
577	667
577	651
577	648
577	645
577	640
577	647
577	663
577	656
577	644
577	651
577	668
577	709
577	683
577	655
577	673
577	653
577	658
577	648
577	642
577	644
577	681
577	697
577	695
577	679
577	689
577	649
577	641
577	651
577	634
577	684
577	672
577	661
577	692
577	737
577	716
577	680
577	681
577	650
577	638
577	664
577	713
577	698

melhor e media
583	1062
583	825
577	711
577	627
577	651
577	679
577	673
577	655
577	685
577	701
577	648
577	634
577	645
577	667
577	670
577	652
577	667
577	674
577	638
577	631
577	623
577	620
577	643
577	678
577	671
577	690
577	658
577	640
577	630
577	627
577	624
577	681
577	714
577	661
577	638
577	650
577	681
577	676
577	691
577	660
577	676
577	629
577	645
577	651
577	633
577	639
577	636
577	627
577	632
577	637

melhor e media
635	1019
583	787
583	683
583	613
583	620
583	682
583	684
583	674
583	747
583	728
583	668
583	646
583	630
583	678
583	688
583	703
583	724
583	642
577	620
577	630
577	631
577	634
577	699
577	688
577	674
577	644
577	635
577	633
577	661
577	671
577	661
577	688
577	736
577	763
577	723
577	639
577	635
577	637
577	695
577	746
577	665
577	701
577	739
577	759
577	678
577	671
577	642
577	654
577	666
577	641

melhor e media
583	1051
583	898
583	686
583	729
577	660
577	737
577	760
577	676
577	683
577	774
577	703
577	656
577	665
577	641
577	630
577	678
577	714
577	688
577	698
577	716
577	705
577	708
577	756
577	716
577	648
577	650
577	646
577	650
577	678
577	658
577	677
577	700
577	647
577	640
577	699
577	714
577	659
577	724
577	709
577	648
577	669
577	658
577	691
577	670
577	641
577	653
577	646
577	641
577	643
577	640

melhor e media
642	1040
582	894
577	725
577	690
577	659
577	668
577	683
577	692
577	691
577	681
577	686
577	681
577	694
577	719
577	763
577	662
577	660
577	668
577	654
577	664
577	660
577	659
577	688
577	670
577	665
577	705
577	708
577	671
577	665
577	644
577	642
577	674
577	734
577	704
577	687
577	652
577	664
577	700
577	702
577	692
577	733
577	697
577	710
577	680
577	658
577	660
577	735
577	733
577	694
577	723

melhor e media
617	1127
617	985
617	802
577	732
577	669
577	632
577	645
577	649
577	641
577	652
577	692
577	655
577	647
577	637
577	656
577	648
577	634
577	629
577	640
577	683
577	706
577	667
577	663
577	747
577	741
577	693
577	642
577	703
577	653
577	639
577	680
577	661
577	672
577	687
577	660
577	654
577	645
577	647
577	648
577	688
577	699
577	767
577	662
577	646
577	708
577	653
577	660
577	640
577	658
577	636

melhor e media
624	1148
620	806
583	743
583	673
583	625
583	637
583	667
583	667
577	685
577	676
577	662
577	637
577	648
577	632
577	630
577	645
577	636
577	630
577	628
577	635
577	657
577	681
577	633
577	674
577	661
577	637
577	638
577	666
577	640
577	657
577	673
577	701
577	688
577	646
577	656
577	664
577	650
577	662
577	648
577	642
577	642
577	706
577	701
577	663
577	649
577	649
577	667
577	646
577	656
577	643

melhor e media
583	1121
577	824
577	717
577	695
577	641
577	651
577	635
577	634
577	631
577	677
577	684
577	654
577	643
577	656
577	666
577	694
577	737
577	692
577	701
577	652
577	678
577	660
577	645
577	641
577	729
577	700
577	685
577	692
577	716
577	669
577	694
577	703
577	696
577	700
577	714
577	771
577	695
577	673
577	682
577	741
577	702
577	675
577	684
577	643
577	648
577	645
577	662
577	681
577	733
577	758

melhor e media
617	1136
583	926
583	708
577	718
577	643
577	634
577	636
577	634
577	634
577	649
577	636
577	667
577	662
577	657
577	649
577	690
577	703
577	649
577	661
577	638
577	635
577	672
577	651
577	644
577	677
577	661
577	709
577	714
577	672
577	692
577	669
577	661
577	687
577	664
577	662
577	671
577	651
577	681
577	648
577	645
577	677
577	683
577	650
577	645
577	636
577	733
577	715
577	655
577	648
577	689

melhor e media
649	977
577	758
577	759
577	686
577	706
577	679
577	659
577	687
577	696
577	662
577	649
577	655
577	664
577	677
577	664
577	661
577	748
577	687
577	655
577	644
577	662
577	764
577	681
577	661
577	719
577	687
577	634
577	645
577	689
577	687
577	703
577	665
577	663
577	647
577	640
577	668
577	704
577	677
577	657
577	648
577	659
577	650
577	647
577	643
577	650
577	639
577	645
577	641
577	683
577	645

melhor e media
648	1058
577	723
577	677
577	657
577	716
577	677
577	685
577	730
577	684
577	665
577	686
577	735
577	720
577	674
577	673
577	721
577	697
577	694
577	729
577	683
577	727
577	680
577	705
577	712
577	671
577	698
577	698
577	671
577	656
577	645
577	678
577	682
577	662
577	686
577	667
577	679
577	658
577	647
577	651
577	649
577	652
577	680
577	692
577	656
577	653
577	646
577	683
577	694
577	657
577	684

melhor e media
635	1026
622	899
577	729
577	694
577	644
577	673
577	659
577	663
577	681
577	693
577	642
577	651
577	655
577	658
577	640
577	623
577	680
577	651
577	638
577	648
577	690
577	651
577	644
577	637
577	676
577	720
577	710
577	681
577	676
577	669
577	652
577	669
577	647
577	668
577	660
577	667
577	703
577	686
577	655
577	695
577	691
577	682
577	671
577	683
577	770
577	762
577	726
577	658
577	645
577	665

melhor e media
583	1102
583	961
583	746
583	670
583	660
583	702
583	741
583	675
583	677
583	718
583	695
583	680
583	640
583	619
583	661
583	646
583	674
583	619
583	613
583	626
583	665
583	663
583	657
583	633
583	657
583	652
583	726
583	634
583	631
583	618
583	616
583	643
583	721
583	637
583	658
583	653
583	648
583	629
583	633
583	624
583	614
583	663
583	618
583	633
583	637
583	627
583	665
583	704
583	632
583	690

melhor e media
617	1122
617	945
583	826
583	690
583	662
577	699
577	677
577	684
577	644
577	687
577	706
577	701
577	654
577	640
577	703
577	706
577	659
577	682
577	716
577	647
577	650
577	770
577	757
577	665
577	645
577	676
577	653
577	724
577	710
577	649
577	638
577	651
577	690
577	655
577	661
577	664
577	649
577	636
577	678
577	675
577	656
577	676
577	659
577	638
577	670
577	712
577	652
577	639
577	631
577	685

melhor e media
617	923
583	794
583	675
583	690
583	663
583	638
583	633
583	617
583	673
583	632
577	621
577	659
577	636
577	633
577	685
577	643
577	633
577	630
577	622
577	641
577	695
577	651
577	635
577	689
577	699
577	655
577	641
577	678
577	651
577	711
577	702
577	696
577	660
577	658
577	653
577	709
577	668
577	655
577	653
577	640
577	653
577	652
577	646
577	659
577	656
577	645
577	655
577	643
577	671
577	650

melhor e media
617	1093
577	885
577	805
577	829
577	765
577	753
577	721
577	654
577	649
577	718
577	700
577	689
577	658
577	662
577	676
577	665
577	689
577	671
577	653
577	697
577	660
577	679
577	675
577	691
577	726
577	692
577	662
577	640
577	644
577	684
577	737
577	678
577	678
577	684
577	657
577	728
577	683
577	663
577	652
577	686
577	644
577	645
577	641
577	639
577	679
577	723
577	689
577	685
577	698
577	682

melhor e media
635	1054
583	805
583	730
583	661
583	699
583	648
583	622
583	635
583	661
583	625
583	636
583	633
583	612
583	607
583	670
583	645
583	636
583	631
583	613
583	645
583	639
583	651
583	626
583	634
583	619
583	619
583	633
583	643
583	656
583	700
583	642
583	664
583	633
583	654
583	682
583	701
583	634
583	664
583	651
583	648
583	667
583	609
583	653
583	643
583	659
583	630
583	666
583	740
583	679
583	638

melhor e media
601	1062
583	950
583	711
583	666
583	625
583	628
583	610
583	630
583	623
583	625
583	628
583	645
583	623
583	614
583	619
583	628
583	693
583	676
583	633
583	630
583	645
583	712
583	638
583	698
583	686
583	643
583	630
583	620
583	703
583	704
583	671
583	643
583	621
583	630
583	617
583	641
583	646
583	628
583	615
583	641
583	642
583	631
583	665
583	671
583	678
583	633
583	667
583	674
583	705
583	665

