melhor e media

2975	5207
2549	3932
2549	3845
2271	3330
2169	3930
2148	3206
2137	3175
2075	2973
2033	3193
2033	3208
2027	2821
2024	3242
2021	2910
2021	2978
2021	2781
2003	2964
2002	3167
2002	3157
2002	3160
2002	3190
2002	3314
2002	3043
2002	3041
2002	2830
2002	3446
2002	3494
2002	3044
1940	3258
1940	4286
1940	4338
1940	3735
1940	3736
1940	3942
1940	3556
1940	3646
1940	3422
1940	3231
1940	3855
1940	3595
1940	3001
1940	3535
1940	3259
1940	2944
1940	3229
1940	3417
1940	3598
1940	3447
1940	3705
1940	3230
1940	3429
1940	3677
1940	3850
1940	4355
1940	4373
1940	3937
1940	3356
1940	3377
1940	3545
1940	3606
1940	3538
1940	3308
1940	4176
1940	3994
1940	3982
1940	3970
1940	4303
1940	3783
1940	3612
1940	3589
1940	3951
1940	3996
1940	4476
1940	3969
1940	4193
1940	3915
1940	3588
1940	3936
1940	3962
1940	4401
1940	3615
1940	3799
1940	4002
1940	3718
1940	3927
1940	3500
1940	3723
1940	3921
1940	3660
1940	3700
1940	3470
1940	4046
1940	3168
1940	3429
1940	3714
1940	3495
1940	3094
1940	3281
1940	3329
1940	3621
1940	3333

melhor e media

2416	5157
2051	5099
2050	3805
2041	3613
2027	3084
2023	3238
2023	3192
2023	3402
2003	2991
2003	3342
2003	3223
2003	3508
2003	3121
2003	3001
2003	3112
2003	2827
2003	2902
2003	2622
2003	3078
2003	3250
1940	3171
1940	3737
1940	4398
1940	4222
1940	3753
1940	3200
1940	3449
1940	3332
1940	3459
1940	4017
1940	3705
1940	3356
1940	3540
1940	3990
1940	3143
1940	2958
1940	3136
1940	3160
1940	3398
1940	3238
1940	3543
1940	3503
1940	3416
1940	3989
1940	4013
1940	3661
1940	3580
1940	3403
1940	3749
1940	3802
1940	3742
1940	4254
1940	3982
1940	4032
1940	3697
1940	4252
1940	3935
1940	3480
1940	3675
1940	4043
1940	3727
1940	3640
1940	3750
1940	3666
1940	3337
1940	3337
1940	3448
1940	3523
1940	3572
1940	3284
1940	3254
1940	3652
1940	3756
1940	4073
1940	3554
1940	4025
1940	3830
1940	3841
1940	3602
1940	3731
1940	3398
1940	3394
1940	3547
1940	4088
1940	4284
1940	4005
1940	4002
1940	4308
1939	3836
1939	3633
1939	4404
1939	3721
1939	3195
1939	3502
1939	3488
1939	3495
1939	3362
1939	3522
1939	3197
1939	3962

melhor e media

2957	5556
2711	3943
2607	3837
2559	3363
2406	3903
2052	5161
2051	4584
1969	4012
1969	3137
1949	3039
1947	3226
1936	3196
1936	3534
1936	3155
1936	3366
1936	3378
1936	2854
1936	3274
1936	2968
1936	3280
1936	3576
1936	3005
1936	3536
1927	2985
1927	3719
1927	3275
1927	2995
1927	3629
1927	3608
1927	3293
1927	3926
1927	3378
1927	3077
1927	3317
1927	3045
1927	3156
1927	3659
1927	3246
1927	3326
1927	3403
1927	3266
1927	3322
1927	2813
1927	3209
1927	3250
1927	2994
1927	2966
1927	3223
1927	3507
1927	2920
1927	3088
1927	3038
1927	3029
1927	3134
1927	3530
1927	3408
1927	3159
1927	3229
1905	3091
1905	2953
1900	2729
1900	3146
1894	2940
1894	3462
1894	3528
1894	3523
1894	3025
1894	3103
1894	3461
1894	3547
1894	3139
1894	3118
1894	3068
1894	3509
1894	3156
1894	3138
1894	3110
1894	3333
1894	3013
1894	2770
1894	3265
1894	3584
1894	3199
1894	3780
1894	3308
1894	3079
1894	2704
1894	3404
1894	3408
1894	3399
1894	3536
1894	3574
1894	3316
1894	3135
1894	3279
1894	3610
1894	3185
1894	3510
1894	3541
1894	3284

melhor e media

2862	5103
2179	4078
2138	3491
2059	3438
2030	3463
2003	3086
1960	3272
1940	3305
1938	3649
1938	7309
1938	8188
1938	7381
1912	6930
1912	5860
1910	4884
1910	5147
1910	4891
1910	4525
1910	4165
1910	4976
1910	4391
1910	3735
1910	4102
1910	4427
1910	3912
1910	3347
1910	3983
1910	3544
1910	3311
1910	3729
1910	3576
1910	3719
1910	4272
1910	4177
1910	3708
1910	3182
1910	3409
1910	3365
1910	3697
1910	3588
1910	3615
1910	3626
1905	3706
1896	3012
1896	3953
1896	3127
1896	3618
1896	3174
1896	3513
1896	3895
1896	3238
1896	3356
1896	3763
1896	3493
1896	3606
1896	2862
1896	3390
1896	3831
1896	3506
1896	3574
1896	3798
1896	3553
1896	3384
1896	3290
1896	2770
1896	3131
1896	3519
1896	3306
1896	3426
1896	3625
1896	3523
1896	3397
1896	4020
1896	3235
1896	2571
1896	3619
1896	3422
1896	3456
1896	3397
1896	3444
1896	3325
1896	2797
1896	3667
1896	3552
1896	3534
1896	3433
1896	3501
1896	3393
1896	3347
1896	3563
1896	3712
1896	3714
1896	3992
1896	3646
1896	3630
1896	3661
1896	3528
1896	3411
1896	2783
1896	3404

melhor e media

2404	5332
2150	4804
2145	4203
1964	3052
1964	4714
1964	4691
1940	4480
1940	4319
1940	4335
1940	4427
1940	4313
1940	4196
1940	3846
1940	3818
1940	3444
1940	3984
1940	4270
1940	3812
1940	4600
1940	4236
1940	4005
1940	4505
1940	3981
1940	3255
1940	3620
1940	3388
1940	3035
1940	3241
1940	3822
1940	4244
1940	3902
1940	4403
1940	4138
1940	3580
1940	3542
1940	3757
1940	3660
1940	3560
1940	3352
1940	3680
1940	3686
1940	3493
1940	3247
1940	3286
1940	3347
1940	3741
1940	3860
1940	3440
1940	3468
1940	3357
1940	3114
1940	2840
1940	3756
1940	3672
1940	3299
1940	3456
1940	3324
1940	3865
1940	4430
1940	3984
1940	3105
1940	2999
1940	2474
1940	2609
1940	3290
1940	3210
1940	2907
1940	2977
1940	3312
1940	3438
1940	3333
1940	4011
1940	3426
1940	3763
1940	3548
1940	4005
1940	3857
1940	3371
1940	3374
1940	3279
1940	2969
1940	3146
1940	3576
1940	3568
1940	3564
1940	3532
1940	3513
1940	3557
1940	3950
1940	4014
1940	3779
1940	3941
1940	3153
1940	3645
1940	4137
1940	4263
1940	3806
1940	3571
1940	3963
1940	3436

melhor e media

2828	4943
2721	4831
2565	4131
2394	3544
2035	4411
2027	4119
2019	3630
1960	3094
1960	3594
1960	4274
1960	4305
1960	3965
1940	3951
1940	3629
1940	3285
1940	3323
1940	3931
1940	3796
1940	3644
1940	4099
1940	3694
1940	4088
1940	3552
1940	4170
1940	3720
1940	4047
1940	3444
1940	3101
1940	3425
1940	4114
1940	4088
1940	3991
1940	3557
1940	3418
1940	3704
1940	3739
1940	3606
1940	3702
1940	3281
1940	3187
1940	3192
1940	3724
1940	3387
1940	3567
1940	3351
1940	3066
1940	3093
1940	3778
1940	4198
1940	4037
1940	3931
1940	3611
1940	3962
1940	3747
1940	3330
1940	3555
1940	3718
1940	3493
1940	3547
1940	3785
1940	3664
1940	3150
1940	3217
1940	3342
1940	3880
1940	4248
1940	3644
1940	4044
1940	4152
1940	4190
1940	4141
1940	3989
1940	3551
1940	3857
1940	4144
1940	3527
1939	3400
1939	3725
1939	3038
1939	3136
1939	3581
1939	3587
1939	3137
1910	3562
1910	3588
1910	4090
1910	3715
1910	4232
1910	4149
1910	4336
1910	4148
1910	4425
1910	4133
1910	3772
1905	3999
1903	3630
1895	3909
1895	4036
1895	4534
1895	4159

melhor e media

2212	4904
2189	4468
2040	3545
2028	3947
2021	3363
2021	3086
2013	2682
2013	2689
2013	2828
2013	3601
2013	3814
2013	2880
2013	3030
2013	3121
2013	2975
2013	2884
2003	3183
2003	3394
2003	3383
2003	3800
2003	3206
2003	3445
2003	3117
2003	2875
2003	3214
2003	3054
2003	3176
2002	3239
1940	3041
1940	4639
1940	4704
1940	4151
1940	3572
1940	3832
1940	4124
1939	4350
1939	4248
1939	4272
1939	4117
1939	3543
1939	2760
1939	2527
1939	3419
1939	3345
1939	3007
1939	3129
1939	3136
1939	3152
1939	3316
1939	3457
1939	3720
1939	3181
1939	2929
1939	3407
1939	3140
1939	3068
1939	3141
1939	3194
1939	3296
1939	3280
1939	3613
1939	3874
1939	3881
1939	3450
1939	3367
1939	3199
1939	3491
1939	3518
1939	3276
1939	3469
1939	3969
1939	3177
1939	2905
1939	3418
1939	3815
1939	4059
1939	3381
1939	3472
1939	3194
1939	3632
1939	3408
1939	3411
1939	3934
1939	3889
1939	3567
1939	4443
1939	3580
1939	3666
1939	3406
1939	3830
1939	3669
1939	3510
1939	3126
1939	3655
1939	3557
1939	3070
1939	3060
1939	3721
1939	3188
1939	4324

melhor e media

2184	5213
2146	4905
2024	4983
2021	4491
2021	3920
2021	3801
2013	3874
2013	3445
2013	3549
2013	3138
2002	2992
1940	3320
1940	4163
1940	3973
1940	4075
1940	4065
1940	4292
1940	3810
1940	3831
1940	4171
1940	3703
1940	3626
1940	4231
1940	3810
1940	3617
1940	3727
1940	3907
1940	3901
1940	3921
1940	3307
1940	3786
1940	3793
1940	4296
1940	4384
1940	4066
1940	4157
1940	3834
1940	4295
1940	3930
1940	3903
1940	3767
1940	3929
1940	4073
1940	3700
1940	3492
1940	3815
1940	3873
1940	4145
1940	3845
1940	4443
1940	3919
1940	3750
1940	3724
1940	4017
1940	4176
1940	3758
1940	3961
1940	3505
1940	4085
1940	3943
1940	3486
1940	4200
1940	4116
1940	3770
1940	3013
1940	3001
1940	3238
1940	3790
1940	3548
1940	3176
1940	3665
1940	3886
1940	4220
1940	4179
1940	4104
1940	3891
1940	3588
1940	4076
1940	3266
1940	3386
1940	4179
1940	4361
1940	4201
1940	4334
1910	4370
1910	4499
1910	3788
1910	3774
1910	3176
1910	3534
1910	3401
1910	3253
1910	3204
1910	4094
1910	3722
1910	4330
1910	3997
1910	3860
1910	4020
1910	3999

melhor e media

2965	4978
2235	4370
2090	4078
2090	3484
2090	4084
2023	3450
2023	4959
2013	4368
2013	4040
2006	3390
1914	5241
1914	4237
1914	3619
1914	3770
1914	3341
1898	3061
1898	3477
1898	3542
1898	3280
1898	3556
1898	3334
1898	3807
1898	3674
1898	3173
1898	3488
1898	3419
1894	3355
1894	3133
1894	2986
1894	3523
1894	3355
1894	3605
1894	3353
1894	3712
1894	3287
1894	3416
1894	3585
1894	3533
1894	3605
1894	3657
1894	3010
1894	3212
1894	3060
1894	3163
1894	3614
1894	3389
1894	3766
1894	3694
1894	3452
1894	3390
1894	3582
1894	3579
1894	3373
1894	3557
1894	3402
1894	3606
1894	3488
1894	3201
1894	2834
1894	3101
1894	3514
1894	3185
1894	3580
1894	3423
1894	2537
1894	3130
1894	3511
1894	3382
1894	3078
1894	2830
1894	3637
1894	3415
1894	3276
1894	2886
1894	2946
1894	3382
1894	3523
1894	3278
1894	3105
1894	3135
1894	3088
1894	2953
1894	3035
1894	3280
1894	2868
1894	3014
1894	3300
1894	3281
1894	3124
1894	2814
1894	3593
1894	3558
1894	3721
1894	3652
1894	3662
1894	3426
1894	2995
1894	3340
1894	3394
1894	2935

melhor e media

2929	5234
2929	3481
2896	3689
2805	3101
2775	3565
2775	3609
2775	3549
2775	3263
2775	3334
2775	3406
2775	3257
2775	3410
2775	3761
2775	3428
2775	3177
2775	3257
2775	3511
2775	3457
2775	3496
2775	3193
2775	3126
2775	3677
2775	3447
2775	3253
2775	3293
2775	3442
2775	3232
2775	3444
2775	3224
2775	3295
2775	3265
2775	3317
2775	3420
2775	3146
2770	3222
2734	3573
2367	3572
2367	3450
2278	4003
2262	3502
2262	3341
2187	3202
2093	4374
2093	3391
2093	3389
2093	3481
2057	3431
2057	3266
2057	3742
2057	3606
2057	3816
2057	3762
2057	3518
2057	3374
2057	3046
2057	3509
2057	3528
2057	3290
2057	3484
2057	3581
2050	3537
2047	4211
2047	4090
2032	4620
2032	3303
2027	3117
2027	3521
2027	2980
2027	3120
2027	3758
2027	3998
2023	3538
2023	3499
1965	2781
1963	3046
1963	3241
1963	2533
1963	2826
1963	3258
1963	3375
1963	3289
1963	3816
1900	2880
1900	3380
1900	3086
1900	3257
1900	3389
1900	3760
1900	3533
1900	3495
1900	3680
1894	3299
1894	3365
1894	3476
1894	3458
1894	3733
1894	3296
1894	3519
1894	3191
1894	3117

melhor e media

2407	5129
2021	4546
2021	4289
1998	3254
1964	4586
1960	4955
1960	4781
1960	4425
1960	4386
1960	4058
1960	3464
1940	3942
1940	4207
1940	3863
1940	3941
1940	3290
1940	3785
1940	4398
1940	4495
1940	4434
1940	3885
1940	3373
1910	3394
1910	3819
1910	4009
1910	4026
1910	3925
1905	3596
1905	3420
1899	3313
1895	3015
1895	4257
1895	4396
1895	4613
1895	4034
1895	5137
1895	4193
1895	4452
1895	4366
1895	4128
1895	4656
1895	3815
1895	4652
1895	4331
1895	4735
1895	4014
1895	4443
1895	3934
1895	3891
1895	4218
1895	4442
1895	3738
1895	4941
1895	4282
1895	4745
1895	4625
1895	4326
1895	4978
1895	5204
1895	4447
1895	4214
1895	4956
1895	4606
1895	4187
1895	4589
1895	4434
1895	3851
1895	3996
1895	4107
1895	3959
1895	4466
1895	4437
1895	5393
1895	5540
1895	4559
1895	4497
1895	4541
1895	4324
1895	3686
1895	4356
1895	4350
1895	4468
1895	4197
1895	4026
1895	3814
1895	4868
1895	4117
1895	4723
1895	4463
1895	4184
1895	4262
1895	3860
1895	4083
1895	4004
1895	4185
1895	4294
1895	5072
1895	5096
1895	3745
1895	4156

melhor e media

2157	5156
2033	6351
2033	4528
2029	4147
2021	3799
2021	3172
2021	3137
2021	3209
2021	3194
2021	3667
2021	3220
2021	3087
2021	2973
2021	2811
2021	2784
2021	3310
2013	3145
2013	3332
2003	3520
2002	3569
2002	3639
2002	3191
2002	3212
2002	3304
2002	3111
2002	3193
2002	3095
2002	3041
2002	3325
2002	3576
2002	4171
2002	3297
2002	3544
2002	3361
2002	3547
1989	3936
1960	3880
1940	3988
1940	4470
1940	3792
1940	4010
1940	4169
1940	4216
1940	3973
1940	3770
1940	3642
1940	3917
1940	3366
1940	3499
1940	4042
1940	3820
1940	3702
1940	4170
1940	4454
1940	4076
1940	4022
1940	3832
1940	3608
1940	3880
1940	3536
1940	3707
1940	4125
1940	4195
1940	4062
1940	4309
1940	4109
1940	3457
1940	2930
1940	2981
1940	3042
1940	3887
1940	3996
1940	3942
1940	3562
1940	4086
1940	3849
1940	3907
1940	3999
1940	3609
1940	3461
1940	3915
1940	3937
1940	4014
1940	4305
1940	3416
1940	3699
1940	3663
1940	3184
1940	3466
1940	3418
1940	3637
1940	3350
1940	4380
1940	4399
1940	4561
1940	3896
1940	3787
1940	4115
1940	3140
1940	3321

melhor e media

2965	5639
2913	4936
2785	4526
2617	3777
2387	3835
2031	4517
2030	4120
2021	3796
2013	3217
2013	3728
2013	3076
2013	3145
2013	3535
2013	3419
2013	3450
2013	2893
2013	3296
2013	3160
2013	2929
2013	3846
2013	3527
2013	3458
2013	3175
2013	3221
2013	2981
2013	3160
2013	3085
2013	3018
2013	3203
2013	2768
2013	3610
2013	2847
2013	3005
2013	2888
2013	2917
2013	3126
2013	3584
2013	2945
2013	3566
2013	3386
2013	3243
2013	3026
2013	2608
2013	3409
2013	3298
2013	3171
2013	2775
2013	3461
2013	3668
2013	3844
2013	3180
2013	3123
2013	3124
2013	3094
2013	3205
2013	2964
2013	3029
2013	3213
2013	2757
2013	3458
2013	3147
2013	3053
2013	3083
2013	3298
2013	3274
2013	3367
2013	3479
2013	3228
2013	3120
2013	3043
2013	3039
2013	2941
2013	3691
2013	2907
2013	3281
2013	3241
2013	2974
2013	3240
2013	3336
2013	3384
2013	3286
2013	3294
2013	2925
2013	2745
2013	3537
2013	3514
2013	3239
2013	3376
2013	3009
2013	3001
2013	2877
2013	2748
2013	3012
2003	3169
2002	3464
2002	3303
1960	3012
1960	3562
1940	4492
1940	3920

melhor e media

2679	4615
2062	3628
2062	5053
2054	3735
2042	3087
2038	3350
2021	3689
2002	2960
1940	3997
1940	4601
1940	4695
1940	4835
1940	4971
1940	4410
1940	4308
1940	4502
1940	3839
1940	3911
1940	3821
1940	3475
1940	3690
1940	3371
1940	3941
1940	4379
1940	3233
1940	3438
1940	4091
1940	4297
1940	3661
1940	3632
1940	3710
1940	3814
1940	3627
1940	3428
1940	4017
1940	3360
1940	3661
1940	3218
1940	3569
1940	3542
1940	3207
1940	3457
1940	3897
1940	3739
1940	3719
1940	3679
1940	3594
1940	3614
1940	3952
1940	3532
1940	3460
1940	3602
1940	3527
1940	3224
1940	3177
1940	3141
1940	3831
1940	3585
1940	3222
1940	3274
1940	3451
1940	3628
1940	3534
1940	3431
1939	3837
1939	3737
1939	3316
1939	2688
1939	3375
1939	3390
1939	3812
1939	3592
1939	3840
1939	3164
1939	3685
1939	2916
1939	3940
1939	3987
1939	3080
1939	2923
1939	3242
1939	3033
1939	2953
1939	2903
1939	3397
1939	3492
1939	3974
1939	3624
1939	3309
1939	2880
1939	3388
1939	3465
1939	3139
1939	3594
1939	3663
1939	3140
1939	3237
1939	3404
1939	3590
1939	3566

melhor e media

2939	5733
2878	4604
2198	3604
2026	3136
2021	3298
2021	3183
2021	3187
2002	3554
1940	3582
1940	4327
1940	4736
1912	4387
1912	3755
1912	3467
1910	3309
1910	3446
1910	3662
1910	3166
1905	3932
1895	3624
1895	4841
1895	4720
1895	3968
1895	3648
1886	3716
1886	3816
1886	3628
1886	4246
1886	4391
1886	4233
1886	3927
1886	4035
1886	4611
1886	4105
1886	3865
1886	3769
1886	4510
1886	4091
1886	4383
1886	4539
1886	4207
1886	4296
1886	3912
1886	3887
1886	3888
1886	5354
1886	4801
1886	4602
1886	4808
1886	4594
1886	5067
1886	3919
1886	4551
1886	4604
1886	4246
1886	4659
1886	4915
1886	4183
1886	4562
1886	4734
1886	3984
1886	4266
1886	4233
1886	4594
1886	4113
1886	4756
1886	5037
1886	5156
1886	4109
1886	3638
1886	4530
1886	4545
1886	4510
1886	4520
1886	4523
1886	4935
1886	4906
1886	5377
1886	4291
1886	3583
1886	3441
1886	3614
1886	4027
1886	4847
1886	4314
1886	4445
1886	4433
1886	4023
1886	3931
1886	4087
1886	4659
1886	3938
1886	4096
1886	4436
1886	4726
1886	4387
1886	4479
1886	4468
1886	3412
1886	3784

melhor e media

2950	5276
2843	3478
2805	3612
2805	3737
2805	3450
2787	3159
2717	3544
2679	3594
2048	3788
2024	3942
2021	3237
2021	3163
2021	3137
2021	2998
2021	3542
2021	4041
2021	3497
2021	3143
1940	3094
1940	4641
1940	4521
1940	4594
1940	4083
1940	3834
1940	3833
1940	4127
1940	3622
1940	3665
1940	3488
1940	4100
1940	3936
1940	3948
1940	3704
1940	3696
1940	3578
1940	3718
1940	3677
1940	3075
1940	3179
1940	3276
1940	3728
1940	4359
1940	3411
1940	3519
1940	4170
1940	4043
1940	3606
1940	3925
1940	3273
1940	3916
1940	4197
1940	3606
1940	4082
1940	3968
1939	4138
1939	3515
1939	3415
1939	3314
1939	3667
1939	3754
1939	3999
1939	4069
1939	3459
1939	3565
1939	4006
1939	3907
1939	3582
1939	3414
1939	3816
1939	3447
1939	3452
1939	3261
1939	3246
1939	3607
1939	3847
1939	3487
1939	3817
1939	2986
1912	3106
1912	3198
1912	3488
1912	3764
1912	3711
1912	3874
1912	3022
1912	3322
1912	4069
1912	4050
1912	3805
1912	2884
1912	3294
1912	3670
1912	3554
1912	3614
1912	3502
1910	3531
1910	3873
1910	3455
1910	3549
1910	3774

melhor e media

2314	5142
2040	4984
2036	4357
2021	3371
2013	3307
2013	3885
2013	3545
2013	3503
2013	4399
2013	3837
2003	3070
1940	3092
1940	4020
1940	4249
1940	4407
1940	3658
1940	3725
1940	3381
1940	3885
1940	3988
1940	4018
1940	3585
1940	3480
1940	3523
1940	3530
1940	3288
1940	3323
1940	3604
1940	3795
1940	4495
1940	3300
1940	4311
1940	3386
1940	3195
1940	3860
1940	3995
1940	3898
1940	4009
1940	3725
1940	3499
1940	3448
1940	4038
1940	3879
1940	3866
1940	3576
1940	3231
1940	4063
1940	3775
1940	4358
1940	5138
1940	4362
1940	4116
1940	3581
1940	4001
1940	4227
1940	3769
1940	4084
1940	3615
1940	3039
1940	3183
1940	3409
1940	4112
1940	4314
1940	4521
1940	4321
1940	4709
1940	4451
1940	3877
1940	4215
1940	3864
1940	3144
1940	3983
1940	3460
1940	3450
1940	3325
1940	3643
1940	3365
1940	3488
1940	3510
1940	3056
1940	3511
1940	3602
1940	3180
1940	3712
1940	3902
1940	3663
1940	4372
1940	4133
1940	3756
1940	3689
1940	3598
1940	3596
1940	4182
1940	3918
1940	3840
1940	3712
1940	3868
1940	4151
1940	4016
1940	3870

melhor e media

2289	5165
2075	4966
2035	4437
2021	4186
2021	3113
2021	3211
2021	3038
2021	2984
2013	3059
2013	3510
2013	2764
2013	3258
2013	3177
2013	2802
2013	2834
2013	2952
2013	3194
2013	3270
2013	3179
2013	3373
2013	2782
2013	2762
2013	3095
2013	3123
2013	3444
2013	3058
2013	3017
2013	3232
2013	3221
2013	3409
2013	3058
2013	3119
2013	2983
2013	3206
2013	3323
2013	2837
2013	3100
2013	2585
2013	3218
2013	3126
2013	3507
2013	2763
2013	2705
2013	2851
2013	3062
2013	2656
2013	2737
2013	2864
2013	2876
2013	3316
2013	3167
2013	3355
2013	3583
2013	3359
2013	3184
2013	3160
2013	3159
2013	2938
2013	3138
2013	3161
2013	3511
2013	3640
2013	3264
2013	3219
2013	3256
2013	3148
2013	3236
2013	2733
2013	2580
2013	3016
2013	2907
2013	2810
2013	2909
2013	2897
2013	2840
2013	2864
2013	3205
2013	3555
2013	3400
2013	3420
2013	3028
2013	2862
2013	3029
2013	3171
2013	3756
2013	3416
2013	3169
2013	3043
2013	3464
2013	3439
2013	3064
2013	2782
2013	3095
2013	3092
2013	2693
2013	2993
2013	3315
2013	3461
2013	3124
2013	3101

melhor e media

2401	5541
2045	4965
2043	3852
2040	3885
2037	3042
2036	3083
2033	2850
2026	3166
1991	3068
1991	4265
1921	3559
1921	3587
1921	3317
1921	3032
1921	3126
1921	3076
1921	3837
1921	3687
1921	3131
1921	3424
1921	3714
1921	3481
1921	3146
1921	3755
1921	3325
1921	3367
1921	3261
1921	3241
1921	3831
1921	3831
1921	3201
1921	3344
1921	3062
1921	3075
1921	3428
1921	3322
1921	4027
1921	3342
1921	3185
1921	3448
1921	3613
1921	3876
1921	3385
1921	2952
1921	3155
1921	3066
1921	3345
1921	3330
1921	3199
1921	3372
1921	3392
1921	3452
1921	2968
1921	3480
1921	3308
1921	3268
1921	3525
1921	3191
1921	3407
1921	3483
1921	3638
1921	3484
1921	2918
1921	3586
1921	4046
1921	4510
1921	3285
1921	3544
1921	3249
1921	2878
1921	3370
1921	4053
1921	3646
1921	3738
1921	3577
1921	3637
1921	3391
1921	3456
1921	3572
1921	3748
1921	3267
1921	3428
1921	3142
1921	3495
1921	3697
1921	3066
1921	3665
1921	3055
1921	3537
1921	3437
1921	3165
1921	2954
1921	2783
1921	3066
1921	3491
1921	3429
1921	3561
1921	3195
1921	3683
1921	3636

melhor e media

2030	5360
2024	5114
1940	4081
1940	3983
1940	4235
1940	4849
1940	4248
1940	3935
1940	3964
1940	3884
1940	4462
1940	4535
1940	4394
1940	4008
1940	3604
1940	3549
1940	3982
1940	3723
1940	3528
1940	3287
1940	3175
1940	3210
1940	3394
1940	3444
1940	3773
1940	4356
1940	4090
1940	3102
1940	3622
1940	3859
1940	3271
1940	3885
1940	3852
1940	3210
1940	3064
1940	3255
1940	3190
1940	2938
1940	3281
1940	3247
1940	3536
1940	3884
1940	3132
1940	3473
1940	4223
1940	4172
1940	4881
1940	4122
1940	4029
1940	3662
1940	4007
1940	3501
1940	3636
1940	4424
1940	3616
1940	3690
1940	4019
1940	3249
1940	3442
1940	3166
1940	2859
1940	3323
1940	3133
1940	3718
1940	3746
1940	3772
1940	3607
1940	3636
1940	4330
1940	4400
1940	3776
1940	3647
1940	4234
1940	3589
1940	3528
1940	3499
1940	3793
1940	3203
1939	3333
1939	2502
1939	2821
1939	3119
1939	3231
1939	3651
1939	3626
1939	3704
1939	3821
1939	3779
1939	3460
1939	3327
1939	3284
1939	3371
1939	3148
1939	3389
1939	3893
1939	4014
1939	3481
1939	3223
1939	3365
1939	3660

melhor e media

2955	5265
2885	3846
2862	4021
2862	3481
2862	3383
2827	3122
2401	4620
2206	3365
2048	3911
2031	3312
2027	3311
2024	3375
2021	3001
2021	3008
2013	2796
2013	2997
2003	3188
2002	3306
2002	3558
2002	3434
2002	3006
2002	3078
2002	2882
2002	3217
1940	3029
1940	4341
1940	3489
1940	3363
1940	3958
1940	3453
1940	3634
1940	3720
1940	3487
1940	3527
1940	3312
1940	3864
1940	3345
1940	3223
1940	3940
1940	3991
1940	4049
1940	3677
1940	3482
1940	2953
1940	3165
1940	3501
1940	2947
1940	2911
1940	2945
1940	3615
1940	3476
1940	3292
1940	4063
1940	4063
1940	3858
1940	4051
1940	4112
1940	4188
1940	3383
1940	3501
1940	3736
1940	4130
1940	4580
1940	4035
1940	4338
1940	3708
1940	4331
1940	4512
1940	4097
1940	4280
1940	4022
1940	4497
1940	4162
1940	3467
1940	3416
1940	3382
1940	4031
1940	3477
1940	3479
1940	2889
1940	3599
1940	3207
1940	3129
1940	3182
1940	3482
1940	3355
1940	3947
1940	3663
1940	4040
1940	3791
1940	3994
1940	3238
1940	3519
1940	3385
1940	3512
1940	3289
1940	3535
1940	3862
1940	3719
1940	3271

melhor e media

2720	4826
2126	5930
2059	5050
2053	3810
2042	3579
1986	3559
1981	3563
1981	3438
1981	4023
1981	4091
1966	3680
1965	3328
1965	3515
1963	3413
1963	3555
1963	3156
1963	3353
1963	3580
1963	3761
1963	3285
1963	3795
1963	3477
1963	3171
1963	3716
1963	3655
1963	3285
1963	3701
1952	4181
1929	3522
1929	3820
1929	3129
1929	3257
1929	3813
1929	3515
1929	3388
1929	2910
1929	3294
1929	3392
1929	3302
1929	3292
1929	3219
1929	2961
1929	2982
1929	2763
1929	3045
1929	3045
1929	3252
1929	3546
1929	3020
1920	3262
1920	3585
1920	4035
1920	3551
1920	3433
1894	3034
1894	2689
1894	3385
1894	3127
1894	3212
1894	3147
1894	3160
1894	3731
1894	3121
1894	3385
1894	3605
1894	3178
1894	3498
1894	3713
1894	4054
1894	3107
1894	3094
1894	3625
1894	3514
1894	2991
1894	2993
1894	3479
1894	3723
1894	3913
1894	3952
1894	2984
1894	3978
1894	3391
1894	3821
1894	3046
1894	3990
1894	3563
1894	3155
1894	3248
1894	3408
1894	3500
1894	3365
1894	3906
1894	3556
1894	3159
1894	3559
1894	3613
1894	3615
1894	2986
1894	3236
1894	3288

melhor e media

2794	4951
2522	4588
2055	4023
2021	4538
2013	3962
2013	3433
2013	3570
2013	3332
2013	3549
2013	3390
2013	2774
2013	3367
2013	3330
2013	3440
2013	3776
2013	3135
2013	2969
2013	3178
2013	2934
2013	3045
2013	3205
2013	3101
2013	3052
2013	3065
2013	3087
2013	3500
2013	3053
2013	3543
2013	3265
2013	3670
2013	3408
2013	3134
2013	3492
2013	3248
2013	3475
2013	3268
2013	3226
2013	3412
2013	4041
2013	3179
2013	3459
2013	3773
2013	3210
2013	2641
2013	3629
2013	2920
2013	3725
2013	3497
2013	2965
2013	3279
2013	3547
2013	3269
2013	2896
2013	3118
2013	3310
2013	3364
2013	2779
2013	3108
2013	3001
2013	3281
2013	3580
2013	2962
2013	3041
2013	3388
2013	3054
2013	3250
2013	3547
2013	3354
2013	3060
2013	3111
2013	3424
2013	3315
2013	3049
2013	2703
2013	2846
2013	3078
2013	3266
2013	3006
2013	2975
2013	3073
2013	3127
2013	3245
2013	3187
2013	3446
2013	3045
2013	3415
2013	4086
2013	3223
2013	3124
2013	3575
2013	2948
2013	3265
2013	3576
2013	3742
2013	3897
2013	3365
2013	3503
2013	3140
2013	3218
2013	2825

melhor e media

2641	4867
2281	5128
2064	5546
2033	3743
2033	3716
2027	3815
2021	3443
2021	3265
2021	2994
2013	3315
2013	3248
2013	2997
2013	3200
2013	2830
2002	2916
1940	2967
1940	3809
1940	4517
1940	4524
1940	4474
1940	4061
1940	3411
1940	3278
1940	3696
1940	4414
1940	4316
1940	4446
1940	3884
1940	4069
1940	4005
1940	3304
1940	3744
1940	4076
1940	4086
1940	3556
1940	2919
1940	3111
1940	3229
1940	3110
1940	3176
1940	3087
1940	3380
1940	3362
1912	3285
1912	3256
1912	3530
1910	4026
1910	3966
1910	4030
1910	3845
1910	3722
1910	3990
1910	3659
1910	3935
1910	3972
1910	4166
1910	3951
1910	3710
1905	4056
1905	3584
1903	3113
1895	3475
1895	4289
1895	4272
1895	4715
1895	5023
1895	4651
1895	4722
1895	4099
1895	4505
1895	4150
1895	4089
1895	4667
1895	4199
1895	5134
1895	4515
1895	4837
1895	4140
1895	4191
1895	4589
1895	4273
1895	3952
1895	4229
1895	4348
1895	4449
1895	3887
1895	4849
1895	4824
1895	4247
1895	4089
1895	3931
1895	4303
1895	4508
1895	4157
1895	4429
1895	4796
1895	3975
1895	3849
1895	3262
1895	3557

melhor e media

2035	4663
2035	5423
2013	4973
2013	4507
2013	4561
2013	3933
2013	3905
2013	3963
2013	3241
2001	3416
1940	3875
1940	4060
1940	4670
1940	4648
1940	4453
1940	3557
1940	3346
1940	3843
1940	3916
1940	3760
1940	3770
1940	3698
1940	3443
1940	3408
1940	4166
1940	3641
1940	3566
1940	3181
1940	2905
1940	3074
1940	3362
1940	3186
1940	3058
1940	3223
1940	3434
1940	3752
1940	4139
1940	4000
1940	3824
1940	4284
1940	3934
1940	3745
1940	3547
1940	3807
1940	3774
1940	2992
1940	3224
1940	3677
1940	4187
1940	3714
1940	3469
1940	3294
1940	3741
1940	3938
1940	3892
1940	3927
1940	3698
1940	3355
1940	3507
1940	3733
1940	3725
1940	3895
1940	3739
1940	3745
1940	4530
1940	3638
1940	3453
1940	3877
1940	3552
1940	3190
1940	3381
1940	3362
1940	4039
1939	4463
1939	4205
1939	3672
1939	3629
1939	3806
1939	3586
1939	3816
1939	3225
1939	3576
1939	4125
1939	3876
1939	3619
1939	3144
1939	3599
1939	3624
1939	3391
1939	3829
1939	3637
1939	3394
1939	2845
1939	2996
1939	3253
1939	3208
1939	3382
1939	2914
1939	3190
1939	3040

melhor e media

2377	5372
2193	4699
2033	3794
2032	3287
2027	3127
2021	3016
2021	3475
2013	3253
2013	4166
2013	3746
2013	3044
2013	3630
2013	3968
2013	3226
2013	3038
2013	3261
2013	3502
2013	3607
2013	3883
2013	3690
2013	3692
2013	3717
2013	3420
2013	3287
2013	3217
2013	3345
2013	3290
2013	3935
2013	3968
2003	3858
2002	3644
2002	3149
2002	3427
2002	3072
2002	3453
2002	3092
2002	2667
2002	3517
2002	4088
2002	3014
2002	2832
2002	2788
2002	3107
2002	3339
2002	2948
2002	3175
2002	3205
1940	2942
1940	4077
1940	4239
1940	4344
1940	4010
1940	3522
1940	3757
1940	4146
1940	3636
1940	3822
1940	4329
1940	4205
1940	4213
1940	4201
1940	3700
1940	4329
1940	4458
1940	4543
1940	4213
1940	4103
1940	3820
1940	3648
1940	4089
1940	3921
1940	3466
1940	3319
1940	3754
1940	3885
1910	3677
1910	3616
1910	3474
1910	3818
1910	3398
1910	3768
1910	3595
1910	3405
1910	3732
1910	3766
1910	3540
1910	3879
1910	4410
1910	4213
1910	3829
1910	3439
1910	3635
1905	4247
1895	3506
1895	4599
1895	4789
1895	4395
1895	4373
1895	4694
1895	4078

melhor e media

2275	5513
2133	4754
2129	3879
2110	3354
1998	3134
1998	3999
1998	5068
1998	4747
1998	4119
1998	4294
1998	4311
1964	4003
1964	4513
1964	3903
1964	4173
1964	3686
1964	3823
1964	4012
1964	4176
1964	3625
1964	3569
1964	3552
1964	4010
1964	3751
1964	3964
1964	3615
1964	3896
1964	3870
1964	3552
1964	3902
1964	4003
1964	4393
1964	4219
1964	3753
1964	3924
1964	3455
1964	4634
1964	4069
1964	3723
1964	3484
1964	3534
1964	3873
1964	4043
1964	3878
1964	3652
1964	3746
1964	4337
1964	4311
1964	3820
1964	3779
1964	3898
1964	3260
1964	3787
1964	4099
1964	3914
1964	4037
1964	4486
1940	3997
1940	3931
1940	3765
1940	3603
1940	3611
1940	4236
1940	3947
1940	3286
1910	3525
1910	3588
1910	4111
1905	3656
1903	3319
1895	4334
1895	4107
1895	3877
1895	3814
1895	4382
1895	4254
1895	5143
1895	3509
1895	3780
1895	4004
1895	4076
1895	4451
1895	4537
1895	4473
1895	5063
1895	4877
1895	4693
1895	5327
1895	4250
1895	3465
1895	4104
1895	4413
1895	4909
1895	4457
1895	3859
1895	4434
1895	4688
1895	4630
1895	4911
1895	4551

melhor e media

2878	5511
2188	5247
2033	3602
2033	3042
2033	3909
2027	2982
2021	3093
2021	2698
2013	3050
2013	3398
2003	2705
2002	3152
2002	3138
2002	3229
2002	3295
1940	3259
1940	4694
1940	4065
1940	3785
1940	3785
1940	3848
1940	4062
1940	3232
1940	3499
1940	4108
1940	4355
1940	3899
1940	3694
1940	3736
1940	4270
1940	3917
1940	3917
1940	3697
1940	3547
1940	3712
1940	3245
1940	3190
1940	3007
1940	2960
1940	3333
1940	3143
1940	3388
1940	3731
1940	3531
1940	3767
1940	4494
1940	4264
1940	3901
1940	3696
1940	3610
1940	4308
1940	4118
1940	4035
1940	4457
1940	3706
1940	3676
1940	3700
1940	3402
1940	3546
1940	3377
1940	4942
1940	4814
1940	4374
1940	4472
1940	3769
1940	4028
1940	3958
1940	4086
1940	3898
1940	2898
1940	3379
1940	3420
1940	3434
1940	3727
1940	3508
1940	3559
1940	3341
1940	3508
1940	3244
1940	3569
1940	3256
1940	3369
1940	3410
1940	3801
1940	4308
1940	4563
1940	4370
1940	3878
1940	4011
1940	3916
1940	3513
1940	4009
1940	3529
1940	4358
1939	3860
1939	4194
1939	3751
1939	3071
1939	4139
1939	4046

melhor e media

2990	5916
2771	3811
2694	4055
2694	3318
2694	3494
2694	3439
2694	3443
2694	3377
2694	3302
2684	3217
2684	3888
2684	3496
2593	3415
2593	3370
2593	3196
2593	3871
2593	3360
2593	3436
2593	3352
2593	3405
2593	3341
2378	3291
2110	5029
2031	4157
2031	4084
2029	3581
2028	3595
2027	4002
2002	3292
2002	3706
2002	3256
1940	3377
1940	4207
1940	3710
1940	4176
1940	4459
1940	4093
1940	3651
1940	3874
1940	3991
1940	3352
1940	3343
1940	3774
1940	3414
1940	3829
1940	3868
1940	3680
1940	3525
1940	3841
1940	3393
1940	3742
1940	3394
1940	3818
1940	3941
1940	3575
1940	3581
1940	3569
1940	3678
1940	3741
1940	3112
1940	3030
1940	3928
1940	3241
1940	3754
1940	3275
1940	3443
1940	3506
1940	3845
1940	3334
1940	3562
1940	3608
1940	3764
1940	3395
1940	3577
1940	3711
1940	3731
1940	3643
1940	3119
1940	3461
1940	4108
1940	3277
1940	3786
1940	3542
1940	3817
1940	3129
1940	3649
1940	3392
1940	3679
1940	3773
1940	3922
1940	3972
1940	4130
1940	4017
1940	3569
1940	3498
1940	3792
1940	3884
1940	3868
1940	3738
1940	4016

melhor e media

2144	5119
2125	4533
2119	3932
2114	3241
2112	3216
2032	3146
2021	3229
2003	3495
2003	3210
2003	3488
2003	4080
2003	3432
2003	2985
2003	3294
2003	3039
2003	3072
2003	3251
2003	3715
2003	3230
2003	2953
2003	2612
2003	2962
2003	3412
2003	3289
2003	2918
2003	3123
2003	2944
2003	3274
2003	3339
2003	3277
2003	3444
2003	3177
2003	2943
2003	2940
2003	3636
2003	3447
2003	3325
2003	2970
2003	2967
1940	2769
1940	4095
1940	3997
1940	3869
1940	3864
1940	3592
1940	3311
1940	3648
1940	3307
1940	3717
1940	3444
1940	3438
1940	4006
1940	4116
1940	3742
1940	3530
1940	2962
1940	2895
1940	2951
1940	2958
1940	3114
1940	3702
1940	3473
1940	3899
1940	3856
1940	3964
1940	3658
1940	3678
1940	3801
1940	4706
1940	3824
1940	3807
1940	3240
1940	4461
1940	4131
1940	3737
1940	3568
1940	3703
1940	3822
1940	3717
1940	4509
1940	4188
1940	4136
1940	3954
1940	3501
1940	3545
1940	3620
1940	3149
1940	3045
1940	3241
1940	3486
1940	3466
1940	3690
1940	3890
1940	3690
1940	3656
1940	4072
1940	3476
1940	3959
1940	3608
1940	3584

