melhor e media
1385	2976
1270	1976
1172	1522
1172	1783
1172	1587
1172	1494
1172	1437
1172	1444
1172	1409
1172	1466
1172	1478
1172	1469
1172	1466
1172	1516
1172	1434
1172	1476
1172	1696
1172	1556
1172	1566
1172	1691
1172	1617
1172	1409
1172	1555
1172	1482
1172	1407
1172	1445
1172	1423
1172	1434
1172	1450
1172	1545
1172	1463
1172	1403
1172	1506
1172	1490
1172	1468
1147	1306
1147	1486
1147	1585
1147	1662
1147	1620
1147	1564
1147	1633
1147	1649
1147	1546
1147	1560
1147	1478
1147	1484
1147	1533
1147	1452
1147	1427
1147	1454
1147	1510
1147	1457
1147	1738
1147	1552
1147	1596
1147	1496
1147	1432
1147	1422
1147	1440
1147	1446
1147	1434
1147	1550
1147	1572
1147	1584
1147	1582
1147	1479
1147	1782
1147	1541
1147	1670
1147	1464
1147	1414
1147	1417
1147	1508
1147	1499
1147	1569
1147	1532
1147	1549
1147	1637
1147	1656
1147	1548
1147	1586
1147	1508
1147	1464
1147	1569
1147	1628
1147	1501
1147	1300
1147	1496
1147	1544
1147	1612
1147	1471
1147	1406
1147	1491
1147	1550
1147	1495
1147	1530
1147	1519
1147	1648
1147	1451

melhor e media
1326	2631
1323	1926
1259	1836
1259	1771
1214	1694
1193	1526
1193	1481
1193	1486
1193	1478
1193	1470
1193	1509
1193	1596
1193	1735
1190	1458
1189	1424
1189	1467
1189	1533
1189	1489
1189	1565
1189	1541
1189	1544
1189	1577
1189	1600
1189	1475
1189	1555
1189	1550
1189	1598
1189	1495
1189	1621
1189	1671
1189	1534
1189	1548
1189	1447
1184	1453
1184	1637
1184	1545
1184	1555
1184	1514
1184	1617
1184	1658
1184	1568
1184	1576
1184	1554
1184	1528
1184	1561
1184	1561
1184	1497
1163	1416
1163	1604
1163	1503
1163	1525
1163	1657
1163	1686
1163	1560
1163	1694
1163	1582
1163	1597
1163	1620
1163	1733
1163	1624
1163	1672
1163	1668
1163	1595
1163	1475
1163	1616
1163	1728
1163	1546
1163	1507
1163	1567
1163	1715
1163	1644
1163	1560
1163	1554
1159	1389
1159	1563
1159	1600
1159	1556
1159	1712
1159	1568
1159	1652
1159	1640
1159	1565
1159	1604
1159	1595
1159	1422
1159	1572
1159	1472
1159	1520
1159	1525
1159	1496
1159	1420
1159	1432
1159	1494
1159	1454
1159	1555
1159	1429
1159	1631
1159	1718
1159	1575
1159	1460

melhor e media
1207	2879
1207	2037
1204	1794
1204	1704
1204	1644
1202	1569
1199	1761
1199	1827
1199	1653
1199	1636
1199	1675
1199	1674
1199	1582
1199	1638
1199	1602
1199	1640
1199	1579
1199	1712
1199	1715
1199	1833
1199	1570
1199	1762
1199	1675
1199	1655
1199	1653
1199	1794
1197	1653
1197	1619
1194	1799
1188	1625
1188	1650
1188	1915
1188	1673
1188	1775
1188	1666
1188	1850
1188	1790
1188	1842
1188	1706
1188	1733
1188	1789
1188	1660
1187	1845
1187	1767
1187	1748
1187	1726
1187	1677
1187	1454
1187	1776
1187	1837
1187	1768
1187	1589
1187	1866
1187	1755
1187	1970
1187	1750
1187	1720
1187	1475
1187	1693
1187	1645
1187	1527
1187	1626
1187	1659
1187	1660
1187	1841
1187	1768
1187	1701
1187	1560
1187	1875
1187	1812
1187	2012
1187	1748
1187	1690
1187	1933
1187	1542
1187	1614
1187	1663
1187	1680
1187	1687
1187	1562
1187	1787
1187	1865
1187	1728
1187	1613
1187	1681
1187	1843
1187	1728
1187	1598
1187	1729
1187	1554
1187	1699
1187	1546
1187	1737
1187	1857
1187	1708
1187	1689
1187	1960
1187	1722
1187	1925
1187	1645

melhor e media
1430	2991
1307	2178
1251	1947
1248	1726
1248	1782
1248	1659
1248	1761
1248	1794
1248	1612
1237	1540
1237	1761
1237	1672
1237	1784
1237	1720
1237	1788
1237	1815
1237	1650
1237	1913
1237	1723
1237	1729
1237	1637
1237	1714
1237	1682
1237	1645
1237	1591
1237	1520
1237	1835
1237	1622
1237	1680
1237	1738
1237	1591
1237	1575
1237	1738
1237	1931
1237	1678
1237	1570
1237	1700
1237	2010
1237	1741
1237	1639
1237	1783
1237	1666
1237	1849
1237	1603
1237	1537
1215	1443
1215	1590
1215	1528
1215	1531
1215	1705
1215	1747
1215	1732
1215	1646
1215	1525
1215	1532
1215	1576
1215	1635
1215	1488
1215	1614
1215	1705
1215	1836
1215	1633
1215	1763
1215	1677
1215	1731
1215	1796
1215	1915
1215	1654
1215	1544
1215	1578
1215	1645
1215	1657
1215	1618
1215	1648
1215	1604
1215	1751
1215	1609
1215	1685
1215	1596
1215	1604
1215	1708
1215	1822
1215	1760
1215	1958
1215	1797
1215	1776
1215	1753
1215	1650
1215	1840
1211	1446
1211	1722
1211	1922
1211	1790
1211	1687
1211	1628
1211	1704
1211	1718
1211	1667
1211	1674
1211	1729

melhor e media
1336	2754
1302	1806
1280	1709
1212	1690
1212	1637
1212	1546
1212	1540
1212	1573
1212	1589
1211	1713
1202	1505
1202	1842
1202	1826
1202	1778
1202	2007
1202	1860
1202	2039
1202	1848
1202	1994
1202	1823
1202	1864
1202	2004
1202	1700
1202	1720
1202	1764
1202	1733
1202	1711
1197	1776
1197	1929
1193	1941
1187	2026
1187	1906
1187	1808
1187	1630
1187	1775
1187	1695
1187	1942
1187	1764
1187	1642
1187	1702
1187	1613
1187	1861
1187	1761
1187	1732
1187	1854
1187	1636
1187	1885
1187	2018
1187	1874
1187	1584
1187	1776
1187	1675
1185	1784
1185	2173
1185	2121
1182	1924
1148	1832
1148	1888
1148	1715
1148	1768
1148	1694
1148	1799
1148	1536
1148	1929
1148	1919
1148	1731
1148	1665
1148	1721
1148	1585
1148	1640
1148	1826
1148	1895
1148	1830
1148	1853
1148	1969
1148	1735
1148	1755
1148	1730
1148	1680
1148	1722
1148	1679
1148	1580
1148	1451
1148	1738
1148	1871
1148	1727
1148	1668
1148	1748
1148	1744
1148	1680
1148	1711
1148	1660
1148	1788
1148	1654
1148	1709
1148	1832
1148	1669
1148	1826
1148	1788
1148	1891

melhor e media
1255	2772
1217	1877
1212	1650
1211	1786
1200	1784
1200	1861
1200	1866
1200	1775
1199	1589
1199	1515
1199	1766
1199	1645
1199	1844
1199	1675
1199	1873
1199	1998
1198	1823
1198	1726
1198	1933
1198	2007
1198	2057
1198	1928
1198	2012
1198	2028
1198	2023
1198	1677
1198	1730
1198	1946
1198	2022
1198	1950
1198	2116
1198	1968
1198	1971
1198	2233
1198	1852
1198	1861
1198	2054
1198	1833
1198	1961
1198	1807
1198	2005
1198	2000
1198	1931
1198	1793
1198	1974
1198	2269
1198	1882
1198	2081
1198	1664
1198	1894
1198	1791
1198	1785
1193	1722
1193	1784
1193	1565
1193	1655
1193	1720
1193	1628
1193	1488
1193	1733
1193	1725
1193	1799
1193	1786
1193	1729
1193	1781
1193	1860
1193	1696
1193	1805
1193	1735
1193	1562
1193	1559
1193	1752
1193	1792
1193	1817
1193	1751
1193	1799
1193	1670
1193	1649
1193	1607
1193	1702
1193	1536
1193	1671
1193	1669
1193	1622
1193	1609
1193	1654
1193	1761
1193	1603
1193	1685
1193	1658
1193	1731
1193	1786
1193	1906
1193	1928
1193	1889
1193	1553
1193	1736
1193	1703
1193	1754
1193	1686

melhor e media
1456	2713
1268	1844
1268	1759
1244	1706
1244	1667
1233	1713
1233	1558
1233	1624
1233	1599
1233	1655
1232	1605
1228	1535
1228	1536
1220	1544
1220	1578
1175	1445
1175	1544
1175	1612
1175	1514
1175	1606
1175	1629
1175	1676
1175	1583
1175	1597
1175	1617
1175	1735
1175	1603
1175	1586
1175	1610
1175	1447
1175	1643
1175	1674
1175	1495
1175	1498
1175	1545
1175	1578
1175	1580
1175	1632
1175	1557
1175	1482
1175	1489
1175	1526
1175	1613
1175	1592
1175	1494
1175	1571
1175	1583
1175	1493
1175	1549
1175	1547
1175	1551
1175	1492
1175	1592
1175	1721
1175	1591
1175	1477
1175	1590
1175	1769
1175	1622
1175	1573
1175	1455
1175	1557
1175	1713
1175	1543
1175	1666
1175	1690
1175	1645
1175	1562
1175	1699
1175	1568
1175	1435
1175	1572
1175	1533
1175	1733
1175	1594
1175	1657
1175	1636
1175	1466
1175	1592
1175	1571
1175	1657
1175	1637
1175	1539
1175	1675
1175	1750
1175	1590
1175	1637
1175	1634
1175	1578
1175	1581
1175	1594
1175	1480
1175	1674
1175	1524
1175	1533
1175	1484
1175	1547
1175	1474
1175	1476
1175	1460

melhor e media
1338	2742
1316	1845
1266	1719
1197	1635
1197	1660
1197	1663
1197	1700
1197	1693
1197	1598
1197	1471
1197	1651
1197	1570
1197	1475
1197	1428
1197	1615
1197	1501
1197	1488
1197	1484
1197	1551
1197	1810
1197	1687
1197	1684
1197	1606
1197	1523
1197	1630
1197	1609
1197	1639
1197	1572
1197	1557
1197	1612
1197	1494
1197	1573
1197	1664
1197	1668
1197	1587
1197	1555
1197	1655
1197	1593
1197	1699
1197	1668
1197	1621
1197	1537
1190	1413
1190	1789
1190	1798
1190	1745
1190	1747
1190	1860
1190	1664
1190	1687
1190	1715
1190	1681
1190	1750
1190	1662
1190	1723
1190	1695
1190	1608
1190	1751
1190	1595
1190	1672
1190	1523
1190	1660
1190	1709
1190	1739
1190	1656
1190	1563
1190	1699
1190	1558
1190	1788
1190	1759
1190	1571
1190	1656
1190	1655
1190	1675
1190	1630
1190	1591
1190	1650
1190	1739
1190	1791
1190	1700
1190	1705
1190	1764
1190	1708
1190	1611
1190	1715
1190	1790
1190	1616
1190	1785
1190	1891
1190	1693
1190	1646
1190	1657
1190	1653
1190	1797
1190	1730
1190	1812
1190	1896
1190	2017
1190	1571
1190	1705

melhor e media
1456	2756
1330	2067
1314	2308
1295	2269
1273	2231
1261	1892
1256	1915
1256	1964
1256	1863
1256	2076
1256	2029
1216	1934
1216	2103
1216	2114
1216	1937
1216	1926
1216	1853
1216	1810
1216	1853
1216	1954
1216	2022
1216	1975
1216	1890
1216	1769
1216	1991
1216	1876
1216	2069
1216	2042
1216	2136
1216	2024
1216	2016
1216	1861
1216	2052
1216	1930
1216	1709
1216	1767
1216	1766
1216	1690
1216	1869
1216	1791
1216	1721
1216	1881
1216	1836
1216	1683
1216	1867
1216	1981
1216	1711
1216	2035
1216	2000
1216	1979
1216	1944
1216	1899
1216	1984
1216	2044
1216	1873
1216	1870
1216	2012
1216	2001
1216	1881
1216	1882
1216	1907
1216	1851
1216	2000
1216	1952
1216	1830
1216	1882
1216	1991
1216	2018
1216	1723
1216	1897
1216	1920
1216	2040
1216	1875
1216	1862
1216	1749
1216	1730
1216	1820
1216	1912
1216	1818
1216	1904
1216	1802
1216	1919
1216	2023
1216	1844
1216	1777
1216	1822
1216	1946
1216	1880
1216	1791
1216	1786
1216	1832
1216	2021
1216	1918
1216	1800
1216	1977
1216	1835
1216	1980
1216	1988
1216	1763
1216	2088

melhor e media
1315	2761
1304	2156
1263	1816
1234	1690
1234	1747
1230	1643
1222	1676
1214	1530
1214	1573
1214	1537
1214	1576
1214	1538
1214	1510
1211	1510
1205	1462
1205	1612
1202	1725
1202	1613
1202	1650
1201	1726
1201	1834
1201	1731
1201	1564
1201	1672
1201	1891
1201	1747
1201	1689
1201	1649
1200	1746
1200	1777
1199	1577
1199	1760
1199	1617
1199	1895
1199	1834
1199	1834
1199	1871
1199	1864
1199	1830
1199	1776
1199	1931
1199	1846
1199	1815
1199	1780
1199	1836
1199	1753
1199	1706
1199	1785
1199	1576
1199	1585
1199	1685
1199	1655
1199	1757
1199	1933
1199	1754
1199	2001
1199	1789
1199	1698
1199	1879
1199	1598
1199	1723
1199	1659
1199	1810
1199	1847
1199	1640
1199	1725
1199	1686
1199	1678
1199	1828
1199	1789
1199	1759
1199	1682
1199	1788
1199	1542
1199	1845
1199	1776
1199	1852
1199	1706
1199	1767
1199	1694
1199	1553
1199	1788
1199	1626
1199	1730
1199	1706
1199	1643
1199	1821
1199	1737
1199	1614
1199	1771
1199	1801
1199	1888
1199	1683
1199	1898
1199	1798
1199	1761
1199	1660
1199	1712
1199	1674
1199	1746

melhor e media
1431	2856
1289	2024
1266	1868
1243	1735
1243	1818
1236	1734
1236	1687
1236	1645
1236	1527
1236	1656
1226	1760
1226	1756
1226	1778
1226	1739
1226	1734
1226	1675
1226	1516
1226	1724
1226	1688
1226	1697
1226	1853
1226	1762
1226	1653
1216	1613
1201	1685
1200	1703
1200	1762
1200	1722
1200	1729
1200	1681
1200	1718
1200	1692
1200	1640
1200	1583
1200	1578
1200	1704
1200	1761
1200	1689
1200	1673
1200	1567
1200	1683
1200	1691
1200	1629
1200	1544
1200	1526
1200	1656
1200	1760
1200	1766
1200	1677
1200	1801
1200	1746
1200	1678
1200	1641
1200	1597
1192	1562
1192	1746
1192	1726
1192	1670
1192	1744
1192	1574
1171	1511
1171	1475
1171	1630
1171	1653
1171	1752
1171	1598
1171	1703
1171	1603
1171	1745
1171	1710
1171	1770
1171	1514
1171	1564
1171	1595
1171	1830
1171	1762
1171	1796
1171	1717
1171	1746
1171	1808
1171	1724
1171	1762
1171	1680
1171	1676
1171	1653
1171	1854
1171	1750
1171	1674
1171	1703
1171	1728
1171	1555
1171	1744
1171	1548
1171	1623
1171	1769
1171	1827
1171	1560
1171	1637
1171	1797
1171	1459

melhor e media
1487	2802
1258	2007
1251	1784
1251	1608
1251	1547
1228	1651
1224	1658
1214	1753
1199	1601
1199	1712
1184	1484
1184	1566
1184	1537
1184	1529
1184	1606
1184	1697
1184	1778
1184	1572
1184	1525
1184	1573
1184	1502
1184	1518
1184	1476
1184	1449
1184	1510
1184	1475
1184	1556
1184	1649
1184	1645
1184	1609
1184	1670
1184	1548
1184	1575
1184	1676
1184	1734
1184	1674
1184	1624
1184	1802
1184	1556
1184	1563
1184	1513
1184	1545
1184	1602
1184	1733
1184	1740
1184	1533
1184	1508
1184	1511
1184	1525
1184	1657
1184	1728
1184	1737
1184	1574
1184	1549
1184	1864
1184	1616
1184	1696
1184	1597
1184	1640
1184	1630
1158	1374
1158	1477
1158	1605
1158	1559
1158	1581
1158	1521
1158	1613
1158	1820
1158	1616
1158	1691
1158	1534
1158	1566
1158	1740
1158	1590
1158	1552
1158	1622
1158	1658
1158	1574
1158	1639
1158	1580
1158	1627
1158	1704
1158	1785
1158	1713
1158	1706
1158	1698
1158	1585
1158	1566
1158	1621
1158	1553
1158	1524
1158	1564
1158	1645
1158	1607
1158	1597
1158	1518
1158	1503
1158	1577
1158	1586
1158	1646

melhor e media
1415	3011
1312	2741
1262	2263
1252	1750
1250	1868
1248	1761
1248	1700
1248	1682
1248	1701
1248	1735
1248	1709
1248	1772
1248	1645
1248	1725
1248	1790
1248	1582
1239	1538
1239	1689
1239	1630
1239	1590
1239	1741
1239	1828
1239	1573
1239	1513
1238	1690
1238	1616
1238	1648
1235	1592
1210	1485
1210	1601
1210	1535
1209	1556
1209	1518
1209	1589
1206	1482
1206	1620
1206	1487
1206	1547
1206	1485
1206	1675
1206	1569
1206	1587
1206	1546
1206	1500
1206	1466
1206	1541
1206	1646
1206	1531
1206	1468
1206	1550
1206	1592
1206	1589
1206	1675
1206	1817
1206	1569
1206	1522
1206	1534
1206	1764
1206	1588
1204	1624
1195	1539
1195	1590
1195	1693
1195	1667
1195	1698
1195	1545
1195	1653
1190	1643
1190	1654
1190	1673
1148	1736
1148	1680
1148	1675
1148	1677
1148	1616
1148	1608
1148	2004
1148	1958
1148	1945
1148	1881
1148	1806
1148	1836
1148	1762
1148	1682
1148	1734
1148	1705
1148	1754
1148	1798
1148	1822
1148	1791
1148	1834
1148	1822
1148	1696
1148	1692
1148	1848
1148	1632
1148	1729
1148	1437
1148	1760
1148	1919

melhor e media
1230	2621
1210	1938
1210	1614
1210	1506
1210	1591
1210	1612
1210	1603
1204	1500
1204	1555
1204	1585
1204	1570
1204	1521
1202	1555
1202	1711
1202	1880
1202	1929
1202	1974
1202	2007
1202	1609
1202	1685
1202	1647
1202	1902
1202	1913
1202	1925
1202	1671
1202	1718
1202	1700
1202	1858
1202	1877
1202	1649
1202	1726
1202	1704
1202	1659
1202	1772
1202	1662
1202	1831
1202	1831
1202	1795
1202	1880
1202	1930
1200	1713
1200	1726
1200	1839
1200	1754
1200	1796
1200	1907
1200	1911
1200	1853
1200	1644
1200	1746
1200	1769
1200	1648
1200	1678
1200	1787
1200	1855
1200	1833
1200	1799
1200	1784
1200	1851
1200	1824
1200	1854
1200	1807
1200	1795
1200	1782
1200	1803
1200	1756
1200	1723
1200	1815
1200	1811
1200	2031
1200	2054
1200	1837
1200	1753
1200	1849
1200	2020
1200	1946
1200	2144
1200	1879
1200	1789
1200	1635
1200	1763
1200	2003
1200	1821
1200	1883
1200	1850
1200	1881
1200	1727
1200	1747
1200	1655
1200	1722
1200	1598
1200	1934
1200	1714
1200	1885
1200	1826
1200	1881
1200	1628
1200	1736
1200	1926
1200	1795

melhor e media
1309	2794
1267	2007
1267	1789
1267	1796
1243	1671
1227	1605
1227	1782
1221	1631
1215	1609
1215	1852
1215	1909
1215	1768
1215	1703
1215	1871
1215	1993
1215	1953
1215	1887
1215	1784
1215	2053
1215	1786
1215	1891
1215	1908
1215	1908
1215	1759
1215	1919
1215	1805
1215	2017
1215	1860
1215	1968
1215	1754
1215	2044
1215	1730
1215	1849
1215	1941
1215	2002
1215	1821
1215	1814
1215	1792
1215	1947
1215	1788
1215	1827
1215	1973
1215	1844
1215	1795
1215	1849
1215	1958
1215	1913
1215	2189
1215	1906
1215	1979
1215	2128
1215	1822
1215	1851
1215	1685
1215	1908
1215	1927
1215	1618
1215	1819
1215	1648
1215	1826
1215	1914
1215	1882
1215	1829
1215	2008
1215	1970
1215	1850
1215	1671
1215	1804
1215	1695
1215	1866
1215	1808
1215	1697
1215	1732
1215	1562
1215	1652
1215	1695
1215	1709
1215	1812
1215	1649
1215	1614
1215	1809
1215	1822
1215	1707
1215	1708
1215	1801
1215	1850
1215	1786
1215	1894
1215	1790
1215	1880
1215	2021
1215	1917
1215	1693
1215	2068
1215	1706
1215	1825
1215	1716
1215	1889
1215	1771
1215	1838

melhor e media
1404	2660
1302	1896
1252	1630
1210	1553
1202	1466
1197	1491
1159	1420
1159	1647
1159	1514
1159	1564
1159	1515
1159	1689
1159	1540
1159	1485
1159	1423
1159	1564
1159	1548
1159	1592
1159	1643
1159	1604
1159	1602
1159	1448
1159	1591
1159	1445
1159	1534
1159	1587
1159	1696
1159	1629
1159	1550
1159	1607
1159	1564
1159	1759
1159	1653
1159	1492
1159	1576
1159	1561
1159	1613
1159	1559
1159	1402
1159	1398
1159	1431
1159	1489
1159	1525
1159	1508
1159	1516
1159	1565
1159	1577
1159	1653
1159	1476
1159	1483
1159	1481
1159	1427
1159	1694
1159	1694
1159	1355
1159	1581
1159	1537
1159	1565
1159	1705
1159	1572
1159	1500
1159	1647
1159	1693
1159	1371
1159	1390
1159	1478
1159	1590
1159	1476
1159	1449
1159	1482
1159	1620
1159	1599
1159	1502
1159	1415
1159	1758
1159	1618
1159	1630
1159	1496
1159	1520
1153	1324
1153	1569
1153	1520
1153	1627
1153	1587
1153	1817
1153	1680
1153	1659
1153	1665
1153	1686
1153	1634
1153	1608
1153	1555
1153	1514
1153	1652
1153	1501
1153	1463
1153	1550
1153	1509
1153	1543
1153	1400

melhor e media
1316	2669
1246	2041
1246	1772
1246	1760
1221	1643
1211	1621
1211	1700
1211	1813
1211	1663
1211	1573
1211	1662
1211	1698
1211	1724
1211	1615
1211	1597
1211	1714
1211	1660
1211	1723
1211	1747
1200	1581
1199	1578
1198	1608
1198	1562
1197	1587
1197	1521
1152	1311
1152	1568
1152	1492
1152	1487
1152	1703
1152	1709
1152	1672
1152	1859
1152	1786
1152	1848
1152	1739
1152	1516
1152	1481
1152	1656
1152	1666
1152	1437
1152	1650
1152	1506
1152	1568
1152	1665
1152	1832
1152	1588
1152	1647
1152	1607
1152	1784
1152	1758
1152	1537
1152	1512
1152	1795
1152	1586
1152	1762
1152	1427
1152	1593
1152	1583
1152	1670
1152	1585
1152	1451
1152	1631
1152	1521
1146	1363
1146	1618
1146	1560
1146	1519
1146	1564
1146	1501
1146	1416
1146	1390
1146	1450
1146	1686
1146	1839
1146	1662
1146	1743
1146	1553
1146	1524
1146	1548
1146	1614
1146	1751
1146	1614
1146	1789
1146	1624
1146	1699
1146	1582
1146	1514
1146	1508
1146	1604
1146	1545
1146	1673
1146	1595
1146	1576
1146	1641
1146	1546
1146	1523
1146	1573
1146	1783
1146	1684

melhor e media
1451	3179
1302	2217
1302	1891
1260	1727
1210	1529
1203	1493
1201	1638
1201	1761
1198	1521
1198	1586
1198	1550
1198	1552
1163	1416
1163	1588
1163	1656
1163	1526
1163	1486
1163	1499
1163	1523
1163	1534
1163	1474
1163	1562
1163	1663
1163	1526
1163	1521
1163	1463
1163	1751
1163	1561
1163	1586
1163	1564
1163	1526
1163	1590
1163	1545
1163	1504
1163	1419
1163	1477
1163	1684
1163	1588
1158	1442
1158	1564
1158	1477
1158	1746
1158	1586
1158	1630
1158	1798
1158	1579
1158	1737
1158	1909
1158	1841
1158	1851
1158	1710
1158	1660
1158	1769
1158	1598
1158	1727
1158	1605
1158	1576
1158	1819
1158	1580
1158	1516
1158	1727
1158	1677
1158	1577
1158	1698
1158	1919
1158	1814
1158	1647
1158	1824
1158	1679
1158	1572
1158	1646
1158	1579
1158	1621
1158	1550
1158	1695
1158	1522
1158	1648
1158	1565
1158	1697
1158	1815
1158	1759
1158	1796
1158	1738
1158	1866
1158	1847
1158	1600
1158	1644
1158	1642
1158	1629
1158	1770
1158	1705
1158	1884
1158	1893
1158	1754
1158	1753
1158	1692
1158	1769
1158	1639
1158	1809
1158	1775

melhor e media
1417	2907
1326	1946
1308	1808
1280	1627
1276	1687
1239	1744
1237	1604
1233	1714
1233	1613
1233	1634
1233	1569
1233	1649
1230	1749
1217	1479
1217	1725
1217	1698
1217	1663
1217	1895
1217	1755
1217	1658
1217	1646
1217	1896
1217	1699
1217	1717
1217	1698
1217	1622
1217	1788
1217	1773
1217	1697
1217	1733
1217	1707
1217	1826
1217	1684
1217	1655
1217	1761
1217	1846
1217	1662
1206	1835
1206	1840
1206	1732
1197	1576
1197	1673
1197	1517
1197	1610
1197	1734
1197	1623
1197	1627
1197	1636
1197	1621
1197	1552
1197	1624
1197	1745
1197	1714
1197	1764
1197	1571
1197	1470
1197	1689
1197	1521
1155	1411
1155	1706
1155	1652
1155	1571
1155	1645
1155	1598
1155	1541
1155	1617
1155	1542
1155	1633
1155	1771
1155	1689
1155	1574
1155	1595
1155	1665
1155	1652
1155	1723
1155	1712
1155	1656
1155	1607
1155	1605
1155	1680
1155	1663
1155	1779
1155	1514
1155	1564
1155	1652
1155	1586
1155	1554
1155	1550
1155	1624
1155	1683
1155	1860
1155	1507
1155	1587
1155	1826
1155	1675
1155	1651
1155	1628
1155	1564
1155	1764
1155	1789

melhor e media
1313	2748
1203	2087
1203	1685
1196	1687
1191	1582
1191	1768
1187	1918
1187	1622
1187	1909
1187	1637
1187	1815
1187	1687
1187	1852
1187	1838
1187	1799
1187	1690
1187	1714
1172	1670
1172	1685
1148	1636
1148	1722
1148	1590
1148	1631
1148	1569
1148	1924
1148	1579
1148	1741
1148	1810
1148	1588
1148	1628
1148	1750
1148	1884
1148	1670
1148	1898
1148	1850
1148	1754
1148	1669
1148	1634
1148	1649
1148	1671
1148	1741
1148	1688
1148	1743
1148	1680
1148	1602
1148	1685
1148	1614
1148	1901
1148	1842
1148	1937
1148	1876
1148	1740
1148	1875
1148	1600
1148	1599
1148	1766
1148	1889
1148	1668
1148	1866
1148	1863
1148	1671
1148	1864
1148	1653
1148	1956
1148	1737
1148	1857
1148	1900
1148	1724
1148	1816
1148	1774
1148	1568
1148	1988
1148	1657
1148	1888
1148	1863
1148	1722
1148	2015
1148	1960
1148	1805
1148	1761
1148	1631
1148	1708
1148	1735
1148	1634
1148	1867
1148	1679
1148	1632
1148	1682
1148	1721
1148	1651
1148	1566
1148	1606
1148	1765
1148	1766
1148	1593
1148	1624
1148	1679
1148	1881
1148	1909
1148	1849

melhor e media
1470	2823
1390	2100
1275	1795
1275	1928
1273	1805
1273	1783
1260	1943
1224	1820
1221	1595
1220	1598
1215	1668
1215	1657
1215	1602
1211	1707
1211	1662
1211	1794
1205	1791
1203	1704
1201	1698
1201	1665
1201	1575
1201	1716
1201	1746
1201	1614
1200	1736
1200	1556
1146	1363
1146	1474
1146	1683
1146	1583
1146	1568
1146	1543
1146	1608
1146	1590
1146	1417
1146	1437
1146	1523
1146	1545
1144	1250
1144	1403
1144	1424
1144	1405
1144	1514
1144	1559
1144	1598
1144	1579
1144	1466
1144	1380
1144	1484
1144	1550
1144	1539
1144	1436
1144	1394
1144	1651
1144	1492
1144	1648
1144	1648
1144	1727
1144	1600
1144	1517
1144	1573
1144	1448
1144	1593
1144	1605
1144	1512
1144	1495
1144	1455
1144	1519
1144	1548
1144	1384
1144	1669
1144	1639
1144	1586
1144	1437
1144	1510
1144	1578
1144	1624
1144	1562
1144	1454
1144	1578
1144	1555
1144	1647
1144	1605
1144	1614
1144	1751
1144	1631
1144	1526
1144	1490
1144	1514
1144	1654
1144	1716
1144	1551
1144	1514
1144	1582
1144	1548
1144	1572
1144	1465
1144	1414
1144	1574
1144	1560

melhor e media
1554	2977
1349	2078
1300	1764
1291	1718
1233	1666
1233	1716
1226	1677
1226	1592
1226	1653
1226	1708
1226	1535
1226	1729
1226	1583
1226	1741
1226	1715
1226	1870
1226	1647
1226	1693
1226	1649
1226	1581
1223	1531
1213	1590
1213	1564
1208	1477
1208	1462
1208	1453
1208	1580
1208	1554
1208	1647
1208	1590
1208	1560
1208	1555
1208	1747
1208	1617
1206	1495
1206	1581
1206	1553
1160	1337
1160	1450
1160	1531
1160	1480
1160	1353
1160	1499
1160	1557
1160	1451
1160	1507
1160	1506
1160	1559
1160	1360
1160	1554
1160	1627
1160	1661
1160	1474
1160	1684
1160	1676
1160	1495
1160	1508
1160	1558
1160	1579
1160	1445
1160	1623
1160	1730
1160	1749
1160	1655
1160	1560
1160	1606
1160	1532
1160	1551
1160	1639
1160	1639
1160	1535
1160	1524
1160	1505
1160	1594
1160	1547
1160	1568
1160	1681
1160	1626
1160	1450
1160	1469
1160	1659
1160	1628
1160	1597
1160	1522
1160	1660
1160	1503
1160	1613
1160	1650
1160	1596
1160	1641
1160	1496
1160	1465
1160	1473
1160	1513
1160	1638
1160	1770
1160	1498
1160	1467
1160	1552
1160	1371

melhor e media
1424	2670
1318	1892
1317	1762
1293	1832
1291	1784
1291	1647
1288	1603
1212	1580
1206	1513
1206	1568
1206	1643
1206	1576
1164	1443
1164	1607
1164	1554
1164	1524
1164	1618
1164	1581
1164	1746
1164	1461
1164	1501
1164	1450
1164	1657
1164	1541
1164	1501
1164	1492
1164	1577
1164	1656
1164	1594
1164	1550
1164	1670
1164	1671
1164	1561
1164	1520
1164	1552
1164	1579
1164	1468
1164	1515
1164	1546
1164	1430
1164	1386
1164	1512
1164	1427
1164	1403
1164	1591
1164	1608
1164	1518
1164	1586
1164	1642
1164	1563
1164	1465
1164	1568
1164	1481
1164	1563
1164	1541
1164	1461
1164	1479
1164	1596
1164	1575
1164	1536
1164	1494
1164	1484
1164	1593
1164	1557
1164	1583
1164	1679
1164	1580
1164	1603
1164	1577
1164	1520
1164	1433
1164	1550
1164	1602
1164	1513
1155	1399
1155	1745
1155	1603
1155	1669
1155	1731
1155	1461
1155	1564
1155	1547
1155	1476
1155	1559
1155	1651
1155	1543
1155	1651
1155	1526
1155	1531
1155	1569
1155	1537
1155	1567
1155	1519
1155	1539
1155	1422
1155	1473
1155	1461
1155	1595
1155	1527
1155	1502

melhor e media
1466	2582
1283	1792
1210	1739
1210	1699
1207	1712
1145	1407
1145	1607
1145	1586
1145	1505
1145	1478
1145	1642
1145	1558
1145	1620
1145	1612
1145	1630
1145	1558
1145	1584
1145	1662
1145	1641
1145	1808
1145	1528
1145	1611
1145	1603
1145	1745
1145	1690
1145	1661
1145	1621
1145	1545
1145	1477
1145	1500
1145	1582
1145	1705
1145	1589
1145	1503
1145	1602
1145	1609
1145	1675
1145	1538
1145	1535
1145	1769
1145	1643
1145	1554
1145	1545
1145	1577
1145	1727
1145	1703
1145	1526
1145	1663
1145	1733
1145	1624
1145	1561
1145	1447
1145	1578
1145	1679
1145	1500
1145	1555
1145	1675
1145	1600
1145	1416
1145	1495
1145	1497
1145	1585
1145	1574
1145	1584
1145	1601
1145	1624
1145	1537
1145	1515
1145	1750
1145	1618
1145	1538
1145	1533
1145	1413
1145	1704
1145	1475
1145	1463
1145	1396
1145	1582
1145	1599
1145	1701
1145	1555
1145	1580
1145	1633
1145	1639
1145	1605
1145	1592
1145	1512
1145	1632
1145	1604
1145	1648
1145	1545
1145	1618
1145	1537
1145	1636
1145	1546
1145	1675
1145	1740
1145	1567
1145	1619
1145	1738

melhor e media
1303	2670
1204	2025
1200	1882
1200	1646
1200	1680
1200	1519
1200	1790
1200	1627
1200	1519
1200	1538
1200	1608
1200	1758
1200	1652
1200	1603
1200	1467
1200	1598
1200	1638
1193	1742
1193	1728
1193	1781
1193	1735
1192	1686
1192	1716
1192	1571
1192	1599
1192	1421
1192	1488
1192	1766
1192	1743
1192	1888
1192	1852
1192	1731
1192	1687
1192	1608
1192	1688
1192	1731
1192	1676
1192	1687
1192	1677
1192	1688
1192	1572
1192	1525
1192	1632
1192	1649
1192	1714
1192	1511
1192	1504
1188	1534
1188	1533
1188	1542
1188	1820
1188	1841
1188	1649
1188	1731
1188	1680
1188	1739
1188	1678
1188	1579
1188	1622
1188	1722
1188	1633
1188	1671
1188	1509
1188	1559
1188	1833
1188	1693
1188	1479
1188	1634
1188	1571
1188	1560
1188	1598
1188	1521
1188	1723
1188	1482
1188	1632
1188	1579
1188	1635
1188	1700
1188	1709
1188	1674
1154	1471
1154	1501
1154	1543
1154	1677
1154	1701
1154	1639
1154	1658
1154	1650
1154	1639
1154	1759
1154	1588
1146	1351
1146	1690
1146	1628
1146	1663
1146	1686
1146	1579
1146	1547
1146	1714
1146	1796

melhor e media
1374	2773
1225	2191
1221	1838
1221	1872
1221	1682
1220	1766
1220	1548
1206	1721
1205	1770
1205	1626
1205	1638
1205	1576
1205	1586
1193	1583
1193	1884
1193	2038
1193	2163
1193	2014
1193	2020
1193	1889
1193	2121
1193	1750
1193	1867
1193	1815
1193	2161
1193	1995
1193	1835
1193	1954
1193	1817
1193	2071
1193	1646
1193	1814
1193	1833
1193	1800
1193	1804
1193	1864
1193	1999
1193	1773
1193	1920
1193	1830
1193	2179
1193	1966
1193	2062
1193	2055
1193	1917
1193	2199
1193	2068
1193	2171
1193	2047
1193	2070
1193	1947
1193	1954
1193	2231
1193	1732
1193	1769
1193	1940
1193	1785
1193	2020
1193	1763
1193	1957
1193	2029
1193	2006
1193	1902
1193	1865
1193	1799
1193	2033
1193	1997
1193	2059
1193	1929
1193	1940
1193	1883
1193	1854
1193	1735
1193	1858
1193	1965
1193	2050
1193	1898
1193	1716
1193	1747
1193	1934
1193	1809
1193	1981
1193	2055
1193	1768
1193	1910
1193	1896
1193	2022
1193	1730
1193	2081
1193	2061
1193	1975
1193	1733
1193	1629
1193	2091
1193	1755
1193	2018
1193	1907
1193	1969
1193	2127
1193	2129

melhor e media
1379	2722
1316	1970
1312	1863
1291	1823
1291	2112
1283	1785
1283	1754
1269	1747
1269	1698
1269	1655
1269	1749
1269	1750
1269	1853
1269	1778
1269	1699
1269	1774
1269	1870
1269	1776
1269	1648
1269	1702
1269	1711
1269	1785
1269	1796
1269	1682
1266	1744
1266	2320
1266	2501
1266	2391
1266	2224
1266	2188
1266	2221
1266	2103
1266	2150
1266	2289
1266	2074
1266	2150
1266	2142
1266	2203
1266	2206
1266	2263
1266	2349
1266	2188
1266	2206
1266	1823
1266	2531
1266	2363
1266	2397
1266	1984
1266	2028
1266	1997
1266	2244
1266	2067
1266	2529
1266	2320
1266	2156
1266	2017
1266	2085
1266	2196
1266	2276
1266	2198
1266	2054
1266	2053
1266	2284
1266	2302
1266	2165
1266	2208
1266	2249
1266	2395
1266	2260
1266	2212
1266	2125
1266	2156
1266	2076
1266	2061
1266	2215
1266	2053
1266	2190
1266	2305
1266	2014
1266	1989
1266	2018
1266	2226
1266	2091
1266	2211
1266	2113
1266	2165
1266	1996
1266	2066
1266	2069
1266	2277
1266	2202
1266	1946
1266	2167
1266	2361
1266	2044
1266	2129
1266	2190
1266	2206
1266	2341
1266	2462

melhor e media
1364	2795
1254	1949
1253	1795
1249	1887
1249	1629
1249	1669
1247	1569
1246	1578
1245	1859
1245	1684
1244	1565
1244	1502
1244	1532
1244	1473
1244	1607
1244	1701
1244	1498
1244	1586
1244	1783
1242	1622
1242	1687
1240	1696
1240	1667
1240	1769
1240	1809
1240	1739
1240	1647
1240	1617
1222	1638
1218	1685
1218	1669
1218	1733
1218	1734
1218	1860
1217	1609
1217	1565
1217	1736
1217	1705
1217	1758
1217	1628
1217	1706
1217	1705
1217	1631
1217	1546
1217	1598
1217	1722
1217	1680
1217	1765
1217	1897
1212	1674
1212	1516
1212	1571
1212	1482
1208	1528
1204	1625
1196	1682
1196	1589
1196	1557
1196	1715
1193	1563
1192	1641
1192	1662
1192	1708
1192	1713
1192	1718
1192	1794
1192	1680
1192	1654
1192	1878
1192	1681
1192	1904
1192	1868
1192	1642
1192	1752
1192	1774
1192	1874
1192	1804
1192	1722
1192	1686
1192	1766
1192	1501
1192	1705
1192	1903
1192	1789
1192	1777
1192	1882
1192	1829
1192	1825
1192	1601
1192	1680
1192	1626
1192	1868
1192	1599
1192	1672
1192	1705
1191	1673
1191	1642
1191	1648
1191	1706
1191	1743

melhor e media
1358	2896
1307	2155
1256	2075
1245	1763
1244	1773
1244	1644
1244	1642
1244	1669
1244	1804
1244	1715
1244	1711
1244	1758
1244	1630
1244	1734
1244	1727
1244	1837
1244	1658
1244	1719
1244	1565
1244	1659
1244	1703
1244	1594
1244	1709
1244	1663
1244	1817
1244	1643
1244	1668
1244	1653
1244	1725
1244	1865
1244	1676
1244	1673
1244	1732
1244	1766
1244	1701
1244	1762
1244	1807
1244	1627
1244	1651
1241	1708
1241	1765
1241	1892
1241	1789
1241	1901
1241	1769
1241	1854
1238	1929
1234	1946
1234	1842
1234	1635
1234	1776
1234	1753
1234	1865
1234	1729
1234	1647
1234	1664
1234	1757
1234	1797
1234	2062
1234	2090
1234	1946
1234	1767
1234	1686
1234	1568
1234	1670
1234	1871
1234	1891
1234	1767
1234	1983
1234	1736
1234	1854
1234	1898
1234	1705
1234	1859
1234	1781
1234	1924
1234	1861
1234	1694
1234	1822
1234	1669
1234	1707
1234	1739
1234	1628
1234	1816
1234	1699
1234	1656
1234	1838
1234	1725
1234	1610
1234	1750
1234	1874
1234	1776
1234	1970
1234	1911
1234	1907
1234	1812
1234	1812
1234	1951
1234	1894
1234	1922

melhor e media
1333	2701
1298	2128
1247	1703
1247	2018
1212	2172
1208	2232
1208	1778
1208	1855
1207	1937
1207	1953
1203	1723
1203	1983
1203	1699
1203	1733
1203	1670
1203	1748
1203	1752
1203	1795
1203	1759
1203	1664
1203	1882
1203	1923
1203	1778
1203	1942
1203	1885
1203	1915
1203	1567
1203	1631
1203	1692
1203	1911
1203	1695
1203	1809
1203	1759
1203	1766
1203	1650
1200	1763
1200	1775
1200	1872
1199	1803
1199	1749
1199	1776
1199	1786
1199	1722
1199	1654
1199	1877
1199	1817
1199	1997
1199	1940
1199	1751
1199	1886
1199	1697
1199	1587
1199	1729
1199	1832
1199	1890
1199	1704
1199	1716
1199	1805
1199	1779
1199	1783
1199	1965
1199	1627
1199	1803
1199	1788
1199	1880
1199	1572
1199	1551
1199	1868
1199	1732
1199	1764
1199	1855
1199	1597
1199	1850
1199	1850
1199	1971
1199	1862
1199	1898
1199	1902
1199	2024
1199	1897
1199	1956
1199	1864
1199	1810
1199	1728
1199	1819
1199	1876
1199	1874
1199	1783
1199	1862
1199	1917
1199	1749
1199	1776
1199	1592
1199	1745
1199	1582
1199	1790
1199	1986
1199	1773
1199	1807
1199	1762

