melhor e media

1907	2583
1907	2850
1779	2376
1762	2424
1762	2180
1762	2202
1762	2205
1762	2159
1696	2147
1696	2103
1696	2286
1696	2248
1696	2274
1696	2290
1696	2195
1696	2246
1696	2299
1696	2284
1696	2130
1696	2320
1696	2355
1696	2060
1696	2142
1696	2101
1696	2203
1696	2321
1696	2378
1696	2472
1696	2144
1696	2031
1696	2140
1696	2270
1696	2150
1696	2462
1696	2285
1696	2351
1696	2173
1696	2306
1696	2058
1696	2306
1696	2156
1696	2198
1696	2325
1696	2233
1696	2397
1696	2283
1696	2306
1696	2290
1696	2284
1696	2245

melhor e media

1953	2818
1825	2430
1825	2820
1825	2509
1825	2286
1825	2459
1825	2611
1825	2479
1825	2407
1825	2358
1766	2385
1766	2412
1766	2466
1766	2653
1766	2589
1766	2819
1766	2795
1766	2694
1766	2523
1766	2393
1766	2568
1766	2678
1766	2549
1766	2393
1766	2585
1766	2629
1766	2561
1766	2663
1766	2467
1766	2604
1766	2729
1766	2571
1766	2586
1766	2937
1766	2439
1766	2624
1751	2667
1751	3079
1751	2735
1751	2989
1751	3275
1751	3358
1751	3330
1751	3170
1751	3219
1751	3240
1751	3300
1751	3112
1751	3107
1751	2983

melhor e media

1898	2884
1667	2609
1667	2781
1667	2922
1667	2919
1667	3034
1667	2971
1667	2810
1667	3002
1655	3042
1655	3133
1655	2997
1655	3088
1655	3171
1655	2901
1655	2967
1655	2942
1655	2912
1655	3014
1655	3053
1655	3031
1655	3006
1655	3132
1655	3081
1655	3009
1655	3015
1655	3099
1655	2861
1655	2913
1655	2954
1655	3029
1655	3079
1655	2983
1655	3045
1655	2915
1655	2979
1642	2937
1642	2858
1641	2777
1641	2728
1641	2838
1641	2749
1641	3035
1641	2969
1641	2952
1641	2838
1641	2762
1641	2887
1641	2980
1641	3016

melhor e media

1822	2869
1782	2767
1740	2713
1740	2375
1740	2275
1740	2337
1740	2242
1740	2369
1740	2471
1740	2325
1740	2290
1740	2423
1740	2569
1740	2740
1740	2475
1740	2360
1740	2524
1740	2406
1728	2307
1728	3001
1728	2953
1728	2914
1728	2863
1728	2722
1728	2751
1728	2703
1728	2621
1728	2605
1728	2674
1728	2714
1728	2812
1728	2946
1728	2789
1728	2782
1721	2707
1721	2891
1721	2597
1721	2847
1721	3003
1721	2908
1721	2952
1721	2860
1721	3024
1721	2968
1721	2898
1721	2956
1721	2995
1675	2958
1675	2962
1675	3278

melhor e media

1803	2853
1756	2531
1756	2709
1756	3031
1756	3154
1756	2990
1756	3088
1756	3137
1756	3063
1756	3126
1756	3134
1756	3101
1756	3204
1756	2867
1756	2945
1756	3082
1756	3095
1756	3178
1756	3062
1756	2837
1756	2952
1756	2824
1756	3064
1756	3142
1756	3088
1756	3012
1756	3110
1756	3229
1756	3168
1756	3222
1756	3041
1756	2941
1756	2926
1756	3045
1756	2974
1756	2940
1756	3100
1756	3092
1642	3141
1642	2851
1642	2921
1642	2748
1642	3054
1642	2976
1642	3014
1642	3037
1642	2940
1642	2890
1642	3055
1642	2867

melhor e media

1920	2937
1815	2635
1740	2521
1740	2764
1740	2505
1740	1966
1728	2184
1728	2817
1728	3065
1728	2994
1728	3005
1728	3029
1728	3063
1728	3141
1728	3130
1728	3132
1728	2806
1728	2768
1728	3011
1728	3049
1728	2918
1728	2980
1728	2966
1728	2901
1728	2891
1728	2913
1728	2895
1728	2968
1728	2958
1728	3006
1728	3192
1728	3035
1728	2966
1728	3189
1728	3161
1728	3053
1728	2823
1728	2918
1728	2816
1728	2886
1728	3003
1728	2939
1728	2867
1728	2815
1728	2816
1728	2968
1728	2801
1728	2752
1728	2744
1728	2722

melhor e media

1809	2804
1781	2765
1781	2790
1752	3060
1752	2660
1752	2711
1752	2816
1752	2824
1752	2650
1752	2777
1752	2541
1752	2897
1752	2882
1752	2797
1707	2823
1707	2354
1675	2143
1675	2368
1675	2276
1675	2403
1675	2336
1675	2337
1675	2411
1675	2364
1675	2357
1675	2694
1675	2606
1661	2687
1661	2839
1661	2824
1661	2701
1661	2752
1661	2622
1642	2839
1641	2913
1641	2863
1641	2738
1641	2822
1641	3076
1641	2942
1641	3083
1641	2870
1641	2956
1641	2862
1641	2879
1641	2924
1641	2883
1641	2834
1641	2963
1641	2917

melhor e media

1677	2833
1677	2721
1677	2894
1677	2892
1677	2822
1677	2675
1677	2746
1677	2768
1677	2771
1677	2880
1677	2668
1677	2948
1677	2936
1677	2973
1677	2919
1677	2715
1677	2876
1677	2912
1677	2799
1677	2893
1677	2985
1677	2818
1677	2891
1677	2767
1677	2816
1677	2729
1677	2833
1677	2860
1677	2748
1677	2710
1677	2713
1677	2936
1677	2635
1677	2805
1677	2774
1677	2677
1677	2853
1677	2859
1677	2780
1677	2862
1677	2779
1677	2779
1677	2895
1677	2835
1677	2804
1677	2818
1677	2826
1677	2889
1677	2727
1677	2881

melhor e media

1962	2780
1772	2601
1740	2778
1740	2501
1740	2256
1740	2264
1740	2213
1740	2259
1740	2116
1740	2207
1740	2180
1740	2228
1740	2406
1740	2236
1740	2247
1740	2259
1740	2133
1740	2174
1740	2238
1740	2434
1740	2324
1740	2364
1740	2231
1740	2291
1740	2301
1740	2181
1740	2235
1740	2161
1740	2047
1740	2102
1740	2383
1740	2174
1740	2183
1740	2612
1740	2212
1696	2251
1696	2350
1696	2304
1696	2466
1696	2443
1696	2337
1696	2335
1696	2303
1696	2314
1696	2109
1696	2281
1696	2143
1696	2433
1696	2580
1696	2156

melhor e media

1664	2934
1664	2833
1655	2808
1655	2897
1655	2812
1655	2786
1655	2908
1655	2678
1655	2833
1655	2938
1655	2881
1655	2746
1655	2703
1655	2647
1655	2723
1655	2863
1655	2784
1642	2726
1642	2911
1642	2907
1642	3102
1642	3129
1642	3035
1642	3136
1642	2877
1642	3087
1642	3136
1642	2995
1642	3081
1642	3119
1641	3131
1641	3162
1641	3061
1641	3198
1641	3077
1641	3087
1641	2970
1641	3105
1641	3198
1641	3069
1641	3280
1641	2968
1641	2865
1641	3093
1641	2922
1641	2939
1641	2995
1641	3012
1641	3025
1641	3086

melhor e media

1733	2996
1733	2875
1733	3196
1733	3240
1733	3138
1655	3141
1655	2896
1655	2875
1655	2868
1655	2889
1655	3092
1655	3046
1655	2887
1655	2941
1655	3082
1655	2945
1655	3038
1655	3089
1655	2935
1655	2757
1655	2730
1655	2656
1655	2720
1655	2912
1655	3015
1655	2872
1655	2874
1655	2860
1655	2855
1655	2952
1655	2968
1655	3211
1655	3017
1655	3010
1655	2910
1655	2977
1655	3008
1655	2956
1655	3006
1655	2897
1655	2791
1655	3004
1655	3056
1655	3033
1655	2775
1655	2869
1655	2799
1655	2867
1655	2789
1655	2767

melhor e media

1906	2871
1906	2767
1788	2338
1788	2390
1788	2321
1788	2092
1788	2220
1788	2205
1788	2323
1788	2362
1788	2420
1788	2470
1779	2281
1779	2312
1779	2491
1779	2172
1779	2334
1779	2342
1779	2125
1779	2143
1753	2272
1753	2349
1753	2574
1753	2501
1753	2208
1740	2284
1740	2304
1696	2169
1696	2317
1696	2132
1696	2342
1696	2316
1696	2518
1696	2278
1696	2179
1696	2190
1696	2287
1696	2275
1696	2236
1696	2272
1696	2272
1696	2322
1696	2113
1696	2305
1696	2313
1696	2254
1696	2333
1696	2205
1696	2424
1696	2412

melhor e media

1979	2863
1856	2473
1825	2608
1825	2723
1825	2389
1737	2232
1737	2603
1737	2621
1737	2879
1737	2884
1737	2950
1737	2876
1737	2932
1737	3046
1737	2874
1737	2826
1737	2808
1737	2882
1737	2939
1737	3045
1737	2950
1737	2858
1737	2934
1737	2895
1737	2768
1737	2756
1737	2750
1737	2846
1737	3021
1737	3056
1737	3004
1737	3016
1737	2858
1737	2664
1737	2664
1737	2780
1737	2860
1737	2911
1737	2836
1737	2898
1733	3111
1733	3027
1733	2942
1733	3176
1733	3056
1733	2932
1733	3041
1733	3136
1733	3031
1733	3143

melhor e media

1838	2760
1838	2900
1781	2746
1776	2491
1728	2611
1728	2764
1728	2705
1728	2762
1728	2703
1728	2854
1728	2752
1728	2776
1728	2604
1728	2625
1686	2566
1686	2132
1686	2068
1677	2294
1677	2229
1677	2297
1677	2470
1677	2456
1677	2435
1675	2392
1642	2602
1642	2675
1642	2813
1641	2857
1641	2908
1641	2845
1641	3034
1641	2758
1641	2999
1641	2907
1641	2966
1641	2855
1641	2746
1641	3007
1641	2961
1641	3100
1641	2900
1641	2958
1641	2759
1641	2977
1641	2943
1641	2913
1641	3090
1641	3014
1641	2934
1641	2682

melhor e media

1930	3004
1871	2722
1871	2587
1856	2517
1856	2839
1825	2780
1825	2436
1825	2380
1825	2304
1825	2579
1818	2463
1815	2532
1815	3015
1815	2827
1815	3013
1815	2964
1815	3153
1815	2971
1815	2895
1781	2741
1781	2941
1781	3006
1781	2902
1776	2934
1776	2893
1776	2741
1776	2808
1776	2903
1776	2832
1776	2981
1776	2921
1675	2830
1666	2377
1655	2563
1655	2360
1655	2431
1655	2505
1655	2663
1655	2672
1655	2799
1655	2823
1655	2789
1655	2709
1655	2831
1655	2854
1655	2834
1655	2928
1655	3056
1655	2985
1655	2954

melhor e media

1868	3014
1781	2613
1781	2567
1781	2655
1740	2684
1740	2665
1740	2259
1740	2085
1740	2253
1740	2130
1740	2022
1740	2358
1740	2066
1740	2118
1740	2182
1740	2129
1740	2450
1740	2418
1728	2338
1728	2709
1728	3169
1728	2859
1728	2829
1728	2701
1728	2583
1728	2634
1728	2686
1728	2742
1728	2831
1728	2867
1728	3048
1728	2856
1728	2963
1728	2854
1728	2844
1728	2770
1728	2827
1728	2809
1728	2877
1728	2885
1728	2845
1642	2910
1642	2538
1642	2577
1642	2613
1642	2750
1642	2751
1642	2725
1642	2875
1642	2711

melhor e media

1810	2967
1776	2514
1776	2783
1776	2990
1696	2928
1696	2531
1696	2312
1696	2154
1696	2272
1696	2216
1696	2176
1696	2311
1696	2262
1696	2204
1696	2098
1696	2288
1696	2127
1696	2176
1696	2235
1696	2419
1696	2290
1696	2212
1696	2397
1696	2442
1696	2183
1696	2351
1696	2221
1696	2170
1696	2224
1696	2247
1696	2179
1696	2177
1696	2139
1696	2149
1696	2186
1696	2177
1696	2247
1696	2108
1696	2359
1696	2355
1696	2139
1696	2137
1696	2135
1696	2257
1696	2442
1696	2442
1696	2375
1696	2355
1696	2127
1696	2081

melhor e media

1872	2916
1803	2542
1728	2606
1728	2835
1728	2964
1728	2931
1728	2930
1728	2828
1728	2931
1661	2731
1661	2299
1661	2285
1661	2686
1661	2492
1661	2623
1661	2755
1642	2872
1641	2555
1641	2537
1641	2855
1641	2684
1641	2781
1641	2679
1641	2656
1641	2705
1641	2708
1641	2842
1641	2767
1641	2904
1641	2879
1641	2947
1641	2922
1641	3058
1641	3097
1641	2868
1641	2949
1641	2791
1641	2857
1641	2999
1641	2871
1641	2907
1641	3046
1641	3049
1641	3130
1641	3038
1641	2736
1641	2696
1641	2683
1641	2637
1641	2629

melhor e media

1861	2791
1648	2324
1648	2765
1642	2869
1642	3047
1641	2850
1641	2936
1641	2783
1641	2838
1641	2773
1641	2877
1641	2954
1641	2837
1641	2929
1641	2961
1641	2992
1641	2844
1641	2722
1641	2828
1641	2930
1641	2763
1641	3018
1641	2898
1641	2746
1641	2807
1641	2948
1641	3008
1641	3059
1641	2991
1641	3068
1641	2857
1641	3087
1641	2992
1641	2991
1641	3047
1641	2963
1641	2955
1641	2990
1641	3138
1641	3077
1641	3136
1641	3100
1641	3098
1641	3022
1641	2997
1641	2931
1641	3031
1641	3047
1641	2993
1641	3038

melhor e media

1825	2843
1803	2654
1803	2864
1728	2945
1686	2861
1686	2348
1686	2520
1686	2296
1677	2514
1677	2657
1677	2611
1677	2684
1677	2636
1677	2615
1677	2719
1677	2689
1677	2706
1677	2723
1677	2936
1677	2839
1677	2893
1677	3084
1677	2797
1677	2850
1677	2825
1677	2745
1677	2763
1677	2686
1677	2636
1677	2800
1677	2876
1677	3002
1677	2957
1677	2937
1677	2802
1677	2534
1677	2510
1677	2651
1677	2787
1675	2553
1641	2945
1641	3115
1641	3075
1641	3110
1641	2897
1641	3106
1641	3073
1641	3052
1641	3213
1641	3101

melhor e media

1842	2922
1741	2468
1641	2503
1641	2571
1641	2687
1641	2693
1641	2699
1641	2821
1641	2753
1641	2857
1641	2833
1641	2893
1641	2881
1641	2848
1641	2995
1641	2979
1641	3060
1641	3228
1641	3153
1641	2898
1641	2981
1641	2925
1641	2886
1641	2882
1641	3029
1641	2841
1641	2876
1641	2828
1641	2879
1641	2915
1641	3029
1641	3006
1641	3031
1641	3026
1641	2951
1641	2985
1641	2851
1641	3016
1641	3039
1641	2953
1641	3042
1641	2839
1641	2974
1641	2978
1641	3021
1641	2960
1641	3062
1641	2850
1641	2855
1641	3000

melhor e media

1798	2931
1728	2455
1728	2863
1728	2827
1728	2804
1728	2768
1728	2875
1728	3020
1728	2708
1728	2758
1728	2934
1728	3021
1728	3063
1728	3120
1728	3024
1728	2910
1642	2794
1642	3121
1642	3106
1642	3202
1642	3148
1642	3171
1642	3200
1642	3143
1642	3010
1642	3011
1642	3040
1642	3014
1642	3012
1642	2947
1642	3005
1642	3022
1642	3038
1642	2986
1642	3073
1642	2932
1642	2980
1642	3090
1642	3028
1642	3082
1642	2898
1642	2920
1642	2923
1642	3137
1642	3156
1642	3150
1642	2844
1642	3104
1642	3034
1642	2866

melhor e media

1905	2877
1831	2565
1825	2909
1825	2398
1766	2424
1766	2275
1766	2331
1766	2576
1766	2255
1766	2393
1766	2483
1766	2556
1766	2196
1766	2249
1766	2264
1766	2316
1766	2409
1766	2432
1766	2522
1766	2439
1766	2535
1766	2415
1766	2659
1766	2635
1766	2733
1766	2423
1766	2538
1766	2489
1766	2514
1766	2363
1766	2186
1766	2354
1766	2424
1766	2453
1766	2368
1766	2276
1766	2485
1766	2438
1766	2550
1766	2437
1766	2508
1766	2633
1766	2524
1766	2504
1766	2593
1766	2589
1766	2568
1766	2572
1766	2608
1766	2733

melhor e media

1968	2834
1935	2574
1912	2573
1901	2754
1889	2552
1860	2577
1860	2371
1860	2275
1860	2352
1860	2473
1860	2494
1729	2637
1729	3030
1729	3149
1729	3171
1729	3134
1729	3040
1729	3040
1729	2838
1729	2847
1655	2799
1655	2669
1655	2862
1655	2711
1655	2597
1655	2645
1655	2868
1655	2735
1655	2802
1655	2589
1655	2678
1655	2579
1655	2585
1655	2537
1655	2598
1655	2609
1655	2817
1655	2733
1655	2674
1655	2760
1655	2696
1655	2844
1655	2838
1655	2924
1655	3002
1655	2858
1655	2808
1655	2876
1655	2955
1655	2950

melhor e media

1867	2825
1809	2740
1809	2864
1779	2693
1779	3086
1779	2575
1762	2064
1740	2101
1696	2211
1696	2206
1696	2039
1696	2057
1696	2065
1696	2273
1696	2253
1696	2102
1696	2248
1696	2292
1696	2159
1696	2084
1696	2162
1696	2261
1696	2325
1696	2378
1696	2059
1696	2180
1696	2131
1696	2108
1696	2198
1696	2033
1696	2317
1696	2371
1696	2136
1696	2293
1696	2318
1696	2161
1696	2167
1696	2099
1696	2236
1696	2201
1696	2301
1696	2456
1696	2264
1696	2302
1696	2231
1696	2374
1696	2331
1696	2279
1696	2091
1696	2224

melhor e media

1794	2923
1664	2640
1664	3095
1664	2932
1664	2921
1664	2976
1664	2788
1664	2975
1664	2729
1664	2820
1664	2886
1664	3050
1664	2965
1664	2933
1664	2979
1664	2897
1664	2852
1664	2981
1664	2806
1661	2877
1661	2944
1655	3110
1655	3073
1655	3095
1655	3215
1655	3254
1655	3122
1655	3099
1655	2941
1655	2958
1655	2941
1655	3033
1655	3060
1655	3049
1655	3018
1655	2927
1655	3079
1655	3095
1655	3037
1655	3045
1655	3130
1655	3204
1655	3099
1655	3227
1655	3013
1655	2984
1655	2735
1655	2997
1655	2996
1655	3144

melhor e media

1764	2833
1764	2546
1762	2357
1696	2159
1696	2037
1696	2064
1696	2002
1696	2044
1696	2278
1696	2358
1696	2306
1696	2309
1696	2355
1696	2438
1696	2299
1696	2361
1696	2205
1696	2359
1696	2270
1696	2407
1696	2168
1696	2287
1696	2215
1696	2303
1696	2314
1696	2305
1696	2321
1696	2354
1696	2263
1696	2365
1696	2229
1696	2332
1696	2206
1696	2081
1696	2287
1696	2319
1696	2409
1696	2505
1696	2287
1696	2120
1696	2099
1696	2066
1696	2202
1696	2340
1696	2201
1696	2303
1696	2076
1696	2222
1696	2346
1696	2329

melhor e media

1905	2908
1885	2843
1756	2559
1756	2647
1756	2845
1756	2937
1756	3151
1756	2854
1756	2888
1756	2798
1756	2675
1756	3032
1756	3090
1721	2965
1721	2254
1721	2559
1721	2454
1721	2445
1721	2572
1721	2671
1721	2380
1721	2447
1721	2492
1721	2660
1721	2748
1721	2714
1721	2610
1721	2472
1721	2688
1721	2733
1721	2657
1721	2852
1721	2855
1721	2921
1721	2823
1721	2918
1721	2807
1721	2975
1721	2831
1721	2847
1721	2760
1721	2734
1721	2710
1721	2703
1721	2802
1721	2770
1721	2640
1721	2819
1721	2729
1721	2841

melhor e media

2039	3006
1951	2796
1871	2711
1862	2443
1753	2638
1753	2412
1753	2137
1753	2246
1753	2307
1753	2247
1753	2306
1753	2294
1753	2385
1753	2238
1753	2215
1753	2297
1753	2226
1753	2234
1753	2094
1753	2211
1753	2233
1753	2204
1753	2331
1753	2260
1753	2379
1753	2314
1753	2208
1753	2225
1753	2361
1753	2072
1740	2257
1740	2328
1696	2325
1696	2241
1696	2195
1696	2229
1696	2206
1696	2159
1696	2210
1696	2398
1696	2283
1696	2210
1696	2212
1696	2320
1696	2247
1696	2103
1696	2208
1696	2283
1696	2229
1696	2226

melhor e media

1919	2993
1831	2758
1831	2699
1756	2714
1756	2753
1740	2912
1740	2601
1696	2344
1696	2088
1696	2193
1696	2132
1696	2200
1696	2189
1696	2179
1696	2172
1696	2118
1696	2054
1696	2125
1696	2226
1696	2373
1696	2264
1696	2227
1696	2387
1696	2177
1696	2056
1696	2162
1696	2030
1696	2001
1696	2092
1696	2080
1696	2062
1696	2137
1696	2303
1696	2176
1696	2286
1696	2344
1696	2296
1696	2223
1696	2273
1696	2128
1696	2311
1696	2237
1696	2264
1696	2254
1696	2198
1696	2136
1696	2104
1696	2203
1696	2469
1696	2419

