melhor e media
1158	2207
1158	1756
1158	1664
1158	1498
1158	1433
1158	1465
1158	1470
1158	1429
1158	1382
1158	1425
1158	1460
1158	1372
1158	1290
1158	1367
1158	1324
1158	1363
1158	1351
1158	1364
1158	1390
1158	1362
1158	1495
1158	1516
1158	1425
1158	1406
1158	1274
1158	1282
1158	1436
1158	1462
1158	1362
1158	1386
1158	1421
1158	1383
1158	1420
1158	1316
1158	1349
1158	1375
1158	1385
1158	1294
1158	1434
1158	1523
1158	1580
1158	1466
1158	1389
1158	1437
1158	1377
1158	1341
1158	1378
1158	1410
1158	1314
1158	1299
1158	1319
1158	1448
1158	1453
1158	1376
1158	1398
1158	1475
1158	1546
1158	1420
1158	1442
1158	1496
1158	1329
1158	1356
1158	1380
1158	1348
1158	1457
1158	1308
1158	1384
1158	1349
1158	1417
1158	1342
1158	1367
1158	1434
1158	1293
1158	1344
1158	1390
1158	1405
1158	1290
1158	1354
1158	1250
1158	1340
1158	1324
1158	1413
1158	1307
1158	1349
1158	1359
1158	1370
1158	1336
1158	1395
1158	1440
1158	1387
1158	1442
1158	1388
1158	1381
1158	1398
1158	1308
1158	1331
1158	1341
1158	1439
1158	1388
1158	1468

melhor e media
1224	2064
1174	1692
1158	1547
1158	1370
1158	1383
1158	1244
1158	1375
1158	1435
1158	1327
1158	1262
1158	1320
1158	1370
1158	1362
1158	1481
1158	1416
1158	1474
1158	1560
1158	1386
1158	1463
1158	1400
1158	1273
1158	1339
1158	1463
1158	1342
1158	1459
1158	1576
1158	1433
1158	1403
1158	1458
1158	1362
1158	1398
1158	1308
1158	1326
1158	1366
1158	1476
1158	1477
1158	1295
1158	1388
1158	1411
1158	1445
1158	1304
1158	1489
1158	1263
1158	1442
1158	1377
1158	1280
1158	1288
1158	1395
1158	1315
1158	1344
1158	1519
1158	1367
1158	1305
1158	1344
1158	1434
1158	1340
1158	1404
1158	1378
1158	1381
1158	1455
1158	1478
1158	1366
1158	1395
1158	1278
1158	1318
1158	1338
1158	1438
1158	1370
1158	1413
1158	1492
1158	1432
1158	1390
1158	1378
1158	1467
1158	1447
1158	1419
1158	1252
1158	1459
1158	1362
1158	1334
1158	1397
1158	1513
1158	1484
1158	1464
1158	1558
1158	1512
1158	1502
1158	1343
1158	1295
1158	1343
1158	1460
1158	1509
1158	1449
1158	1439
1158	1306
1158	1348
1158	1367
1158	1388
1158	1421
1158	1277

melhor e media
1274	2159
1158	1549
1158	1445
1158	1417
1158	1450
1158	1364
1158	1439
1158	1357
1158	1339
1158	1383
1158	1374
1158	1497
1158	1304
1158	1299
1158	1364
1158	1333
1158	1345
1158	1419
1158	1422
1158	1322
1158	1288
1158	1344
1158	1391
1158	1321
1158	1337
1158	1382
1158	1345
1158	1367
1158	1297
1158	1345
1158	1431
1158	1379
1158	1348
1158	1423
1158	1432
1158	1328
1158	1259
1158	1304
1158	1438
1158	1370
1158	1377
1158	1305
1158	1264
1158	1342
1158	1320
1158	1341
1158	1348
1158	1409
1158	1434
1158	1461
1158	1418
1158	1368
1158	1389
1158	1365
1158	1388
1158	1373
1158	1341
1158	1351
1158	1357
1158	1297
1158	1270
1158	1286
1158	1292
1158	1288
1158	1330
1158	1373
1158	1354
1158	1319
1158	1342
1158	1389
1158	1462
1158	1410
1158	1478
1158	1338
1158	1297
1158	1342
1158	1340
1158	1435
1158	1546
1158	1552
1158	1356
1158	1283
1158	1385
1158	1387
1158	1362
1158	1335
1158	1426
1158	1356
1158	1398
1158	1392
1158	1374
1158	1343
1158	1357
1158	1268
1158	1246
1158	1399
1158	1341
1158	1359
1158	1272
1158	1397

melhor e media
1206	2031
1120	1649
1120	1451
1120	1434
1120	1374
1120	1379
1120	1310
1120	1405
1120	1369
1120	1386
1120	1310
1120	1350
1120	1274
1120	1357
1120	1315
1120	1291
1120	1343
1120	1320
1120	1362
1120	1437
1120	1321
1120	1417
1120	1354
1120	1238
1120	1243
1120	1310
1120	1415
1120	1389
1120	1348
1120	1308
1120	1270
1120	1285
1120	1267
1120	1410
1120	1251
1120	1287
1120	1388
1120	1542
1120	1331
1120	1362
1120	1339
1120	1424
1120	1315
1120	1364
1120	1418
1120	1295
1120	1439
1120	1320
1120	1348
1120	1288
1120	1330
1120	1344
1120	1349
1120	1273
1120	1359
1120	1265
1120	1253
1120	1294
1120	1371
1120	1336
1120	1329
1120	1473
1120	1437
1120	1458
1120	1323
1120	1399
1120	1293
1120	1273
1120	1263
1120	1370
1120	1391
1120	1420
1120	1313
1120	1383
1120	1289
1120	1381
1120	1334
1120	1313
1120	1426
1120	1354
1120	1287
1120	1371
1120	1226
1120	1338
1120	1416
1120	1411
1120	1313
1120	1376
1120	1401
1120	1364
1120	1331
1120	1357
1120	1333
1120	1298
1120	1274
1120	1441
1120	1356
1120	1327
1120	1334
1120	1400

melhor e media
1158	2074
1158	1625
1158	1648
1158	1440
1158	1363
1158	1430
1158	1352
1158	1391
1158	1278
1158	1266
1158	1312
1158	1329
1158	1317
1158	1349
1158	1292
1158	1332
1158	1258
1158	1332
1158	1302
1158	1386
1158	1379
1158	1310
1158	1300
1158	1261
1158	1385
1158	1348
1158	1394
1158	1409
1158	1390
1158	1380
1158	1366
1158	1321
1158	1292
1158	1276
1158	1414
1158	1351
1158	1387
1158	1352
1158	1278
1158	1334
1158	1349
1158	1293
1158	1289
1158	1292
1158	1435
1158	1372
1158	1405
1158	1584
1158	1509
1158	1383
1158	1315
1158	1477
1158	1457
1158	1379
1158	1369
1158	1330
1158	1327
1158	1258
1158	1308
1158	1326
1158	1420
1158	1333
1158	1329
1158	1527
1158	1337
1158	1356
1158	1454
1158	1352
1158	1272
1158	1359
1158	1469
1158	1575
1158	1391
1158	1324
1158	1283
1158	1285
1158	1433
1158	1446
1158	1427
1158	1323
1158	1475
1158	1406
1158	1411
1158	1274
1158	1325
1158	1362
1158	1452
1158	1425
1158	1393
1158	1351
1158	1397
1158	1237
1158	1382
1158	1306
1158	1287
1158	1294
1158	1263
1158	1252
1158	1339
1158	1191

melhor e media
1240	2281
1120	1788
1120	1530
1120	1487
1120	1359
1120	1264
1120	1497
1120	1331
1120	1410
1120	1301
1120	1261
1120	1222
1120	1276
1120	1351
1120	1317
1120	1296
1120	1268
1120	1403
1120	1354
1120	1454
1120	1326
1120	1363
1120	1365
1120	1305
1120	1301
1120	1297
1120	1251
1120	1286
1120	1294
1120	1261
1120	1374
1120	1259
1120	1362
1120	1494
1120	1475
1120	1403
1120	1376
1120	1390
1120	1323
1120	1258
1120	1322
1120	1463
1120	1338
1120	1414
1120	1292
1120	1259
1120	1276
1120	1252
1120	1324
1120	1344
1120	1506
1120	1410
1120	1383
1120	1343
1120	1306
1120	1435
1120	1272
1120	1388
1120	1441
1120	1336
1120	1407
1120	1306
1120	1272
1120	1381
1120	1274
1120	1416
1120	1379
1120	1248
1120	1327
1120	1351
1120	1354
1120	1270
1120	1285
1120	1244
1120	1279
1120	1330
1120	1449
1120	1461
1120	1361
1120	1382
1120	1325
1120	1442
1120	1381
1120	1315
1120	1241
1120	1205
1120	1300
1120	1333
1120	1262
1120	1378
1120	1351
1120	1348
1120	1370
1120	1325
1120	1344
1120	1321
1120	1398
1120	1359
1120	1339
1120	1421

melhor e media
1240	2033
1158	1743
1158	1490
1158	1401
1158	1284
1158	1435
1158	1315
1158	1387
1158	1430
1158	1382
1158	1353
1158	1333
1158	1502
1158	1366
1158	1450
1158	1400
1158	1340
1158	1323
1158	1444
1158	1379
1158	1315
1158	1256
1158	1350
1158	1392
1158	1550
1158	1397
1158	1431
1158	1394
1158	1271
1158	1277
1158	1315
1158	1298
1158	1429
1158	1420
1158	1419
1158	1436
1158	1423
1158	1492
1158	1526
1158	1350
1158	1314
1158	1475
1158	1312
1158	1413
1158	1433
1158	1390
1158	1372
1158	1327
1158	1435
1158	1403
1158	1411
1158	1315
1158	1410
1158	1443
1158	1534
1158	1299
1158	1398
1158	1365
1158	1407
1158	1333
1158	1407
1158	1360
1158	1233
1158	1509
1158	1349
1158	1489
1158	1326
1158	1301
1158	1400
1158	1357
1158	1265
1158	1283
1158	1528
1158	1473
1158	1398
1158	1364
1158	1363
1158	1297
1158	1275
1158	1308
1158	1322
1158	1451
1158	1391
1158	1435
1158	1580
1158	1395
1158	1346
1158	1301
1158	1263
1158	1334
1158	1411
1158	1402
1158	1451
1158	1432
1158	1413
1158	1461
1158	1341
1158	1437
1158	1352
1158	1281

melhor e media
1269	2304
1171	1589
1158	1364
1158	1389
1158	1615
1158	1496
1158	1341
1158	1357
1158	1300
1158	1373
1158	1286
1158	1348
1158	1398
1158	1468
1158	1423
1158	1340
1158	1390
1158	1379
1158	1333
1158	1307
1158	1476
1158	1363
1158	1440
1158	1360
1158	1370
1158	1375
1158	1304
1158	1366
1158	1380
1158	1382
1158	1337
1158	1331
1158	1441
1158	1322
1158	1289
1158	1289
1158	1394
1158	1392
1158	1403
1158	1338
1158	1310
1158	1300
1158	1400
1158	1411
1158	1318
1158	1447
1158	1422
1158	1386
1158	1270
1158	1260
1158	1388
1158	1353
1158	1273
1158	1265
1158	1296
1158	1365
1158	1381
1158	1377
1158	1496
1158	1418
1158	1373
1158	1527
1158	1604
1158	1483
1158	1337
1158	1274
1158	1340
1158	1347
1158	1344
1158	1351
1158	1273
1158	1458
1158	1372
1158	1393
1158	1547
1158	1394
1158	1424
1158	1348
1158	1322
1158	1351
1158	1289
1158	1448
1158	1343
1158	1371
1158	1342
1158	1444
1158	1357
1158	1387
1158	1354
1158	1511
1158	1385
1158	1499
1158	1465
1158	1326
1158	1359
1158	1382
1158	1379
1158	1366
1158	1398
1158	1446

melhor e media
1257	2187
1214	1767
1201	1471
1195	1470
1158	1416
1158	1489
1158	1372
1158	1366
1158	1340
1158	1388
1158	1439
1158	1359
1158	1397
1158	1318
1158	1401
1158	1365
1158	1305
1158	1386
1158	1389
1158	1436
1158	1447
1158	1480
1158	1426
1158	1338
1158	1307
1158	1359
1158	1462
1158	1587
1158	1360
1158	1460
1158	1293
1158	1250
1158	1373
1158	1425
1158	1469
1158	1534
1158	1323
1158	1409
1158	1498
1158	1483
1158	1369
1158	1359
1158	1474
1158	1492
1158	1337
1158	1421
1158	1410
1158	1471
1158	1401
1158	1326
1158	1294
1158	1280
1158	1375
1158	1393
1158	1418
1158	1404
1158	1386
1158	1372
1158	1389
1158	1319
1158	1532
1158	1366
1158	1292
1158	1359
1158	1402
1158	1309
1158	1453
1158	1407
1158	1295
1158	1249
1158	1345
1158	1287
1158	1304
1158	1355
1158	1403
1158	1487
1158	1482
1158	1442
1158	1438
1158	1469
1158	1517
1158	1475
1158	1392
1158	1338
1158	1391
1158	1295
1158	1427
1158	1344
1158	1325
1158	1313
1158	1398
1158	1306
1158	1343
1158	1307
1158	1371
1158	1346
1158	1296
1158	1327
1158	1295
1158	1287

melhor e media
1220	2102
1180	1519
1120	1355
1120	1279
1120	1360
1120	1379
1120	1279
1120	1284
1120	1439
1120	1484
1120	1361
1120	1357
1120	1341
1120	1289
1120	1252
1120	1505
1120	1349
1120	1376
1120	1314
1120	1357
1120	1274
1120	1293
1120	1292
1120	1304
1120	1330
1120	1301
1120	1433
1120	1404
1120	1329
1120	1409
1120	1279
1120	1281
1120	1285
1120	1252
1120	1319
1120	1272
1120	1267
1120	1446
1120	1340
1120	1304
1120	1250
1120	1445
1120	1423
1120	1379
1120	1294
1120	1586
1120	1421
1120	1352
1120	1343
1120	1337
1120	1364
1120	1409
1120	1441
1120	1396
1120	1374
1120	1356
1120	1355
1120	1253
1120	1409
1120	1365
1120	1331
1120	1324
1120	1284
1120	1426
1120	1357
1120	1324
1120	1369
1120	1278
1120	1336
1120	1281
1120	1272
1120	1373
1120	1313
1120	1355
1120	1430
1120	1381
1120	1348
1120	1385
1120	1314
1120	1230
1120	1365
1120	1348
1120	1391
1120	1412
1120	1430
1120	1271
1120	1275
1120	1331
1120	1338
1120	1337
1120	1427
1120	1278
1120	1283
1120	1355
1120	1402
1120	1348
1120	1344
1120	1336
1120	1381
1120	1448

melhor e media
1158	2382
1158	1866
1158	1636
1158	1377
1158	1337
1158	1221
1158	1286
1158	1447
1158	1356
1158	1306
1158	1246
1158	1292
1158	1316
1158	1384
1158	1345
1158	1381
1158	1341
1158	1361
1158	1294
1158	1341
1158	1247
1158	1299
1158	1491
1158	1514
1158	1578
1158	1477
1158	1412
1158	1387
1158	1436
1158	1362
1158	1361
1158	1321
1158	1266
1158	1421
1158	1289
1158	1278
1158	1345
1158	1352
1158	1347
1158	1278
1158	1413
1158	1343
1158	1431
1158	1351
1158	1301
1158	1365
1158	1329
1158	1307
1158	1396
1158	1311
1158	1240
1158	1331
1158	1427
1158	1287
1158	1398
1158	1384
1158	1323
1158	1219
1158	1316
1158	1226
1158	1328
1158	1338
1158	1378
1158	1418
1158	1464
1158	1474
1158	1461
1158	1496
1158	1380
1158	1448
1158	1387
1158	1454
1158	1351
1158	1377
1158	1316
1158	1339
1158	1460
1158	1358
1158	1253
1158	1325
1158	1316
1158	1352
1158	1435
1158	1318
1158	1400
1158	1405
1158	1349
1158	1288
1158	1362
1158	1337
1158	1400
1158	1498
1158	1379
1158	1433
1158	1335
1158	1302
1158	1400
1158	1383
1158	1368
1158	1332

melhor e media
1176	2151
1158	1768
1158	1648
1158	1374
1158	1295
1158	1258
1158	1394
1158	1355
1158	1270
1158	1365
1158	1349
1158	1449
1158	1273
1158	1390
1158	1316
1158	1337
1158	1278
1158	1307
1158	1307
1158	1320
1158	1339
1158	1362
1158	1382
1158	1353
1158	1422
1158	1334
1158	1450
1158	1465
1158	1379
1158	1343
1158	1399
1158	1524
1158	1420
1158	1351
1158	1244
1158	1423
1158	1332
1158	1350
1158	1378
1158	1349
1158	1378
1158	1395
1158	1412
1158	1357
1158	1425
1158	1441
1158	1398
1158	1438
1158	1512
1158	1430
1158	1353
1158	1385
1158	1318
1158	1360
1158	1441
1158	1469
1158	1549
1158	1474
1158	1366
1158	1425
1158	1460
1158	1553
1158	1399
1158	1377
1158	1346
1158	1382
1158	1406
1158	1358
1158	1351
1158	1346
1158	1295
1158	1409
1158	1380
1158	1484
1158	1427
1158	1320
1158	1387
1158	1292
1158	1391
1158	1499
1158	1518
1158	1359
1158	1332
1158	1370
1158	1392
1158	1283
1158	1437
1158	1454
1158	1325
1158	1254
1158	1257
1158	1323
1158	1329
1158	1420
1158	1445
1158	1524
1158	1468
1158	1348
1158	1413
1158	1393

melhor e media
1201	2155
1201	1735
1201	1593
1201	1486
1201	1514
1201	1484
1201	1453
1201	1418
1120	1464
1120	1545
1120	1527
1120	1327
1120	1275
1120	1305
1120	1367
1120	1405
1120	1376
1120	1393
1120	1309
1120	1351
1120	1307
1120	1329
1120	1254
1120	1289
1120	1319
1120	1454
1120	1382
1120	1239
1120	1290
1120	1325
1120	1353
1120	1373
1120	1268
1120	1293
1120	1286
1120	1339
1120	1395
1120	1451
1120	1310
1120	1299
1120	1318
1120	1402
1120	1419
1120	1371
1120	1402
1120	1334
1120	1322
1120	1329
1120	1275
1120	1402
1120	1351
1120	1315
1120	1390
1120	1443
1120	1324
1120	1340
1120	1330
1120	1378
1120	1253
1120	1327
1120	1241
1120	1238
1120	1378
1120	1318
1120	1302
1120	1307
1120	1325
1120	1281
1120	1282
1120	1361
1120	1394
1120	1340
1120	1365
1120	1376
1120	1320
1120	1358
1120	1319
1120	1249
1120	1436
1120	1414
1120	1365
1120	1379
1120	1375
1120	1286
1120	1349
1120	1310
1120	1364
1120	1235
1120	1305
1120	1364
1120	1382
1120	1377
1120	1352
1120	1345
1120	1415
1120	1267
1120	1413
1120	1237
1120	1294
1120	1248

melhor e media
1223	2074
1158	1582
1158	1296
1158	1305
1158	1474
1158	1328
1158	1410
1158	1329
1158	1383
1158	1365
1158	1372
1158	1265
1158	1377
1158	1337
1158	1419
1158	1409
1158	1383
1158	1416
1158	1432
1158	1446
1158	1438
1158	1432
1158	1472
1158	1291
1158	1362
1158	1292
1158	1295
1158	1322
1158	1433
1158	1421
1158	1405
1158	1441
1158	1465
1158	1456
1158	1278
1158	1368
1158	1332
1158	1243
1158	1412
1158	1403
1158	1434
1158	1359
1158	1392
1158	1439
1158	1539
1158	1472
1158	1488
1158	1383
1158	1431
1158	1433
1158	1372
1158	1415
1158	1333
1158	1407
1158	1332
1158	1404
1158	1385
1158	1350
1158	1286
1158	1409
1158	1391
1158	1446
1158	1414
1158	1296
1158	1307
1158	1387
1158	1361
1158	1416
1158	1364
1158	1320
1158	1344
1158	1371
1158	1257
1158	1331
1158	1357
1158	1470
1158	1349
1158	1381
1158	1507
1158	1472
1158	1387
1158	1353
1158	1280
1158	1262
1158	1405
1158	1367
1158	1336
1158	1363
1158	1295
1158	1413
1158	1329
1158	1324
1158	1381
1158	1403
1158	1523
1158	1324
1158	1217
1158	1259
1158	1343
1158	1275

melhor e media
1232	1916
1158	1614
1158	1559
1158	1363
1158	1420
1158	1306
1158	1282
1158	1332
1158	1381
1158	1478
1158	1570
1158	1443
1158	1477
1158	1416
1158	1365
1158	1399
1158	1449
1158	1413
1158	1335
1158	1428
1158	1490
1158	1360
1158	1354
1158	1508
1158	1362
1158	1561
1158	1432
1158	1537
1158	1379
1158	1331
1158	1315
1158	1301
1158	1376
1158	1477
1158	1344
1158	1488
1158	1443
1158	1469
1158	1514
1158	1503
1158	1458
1158	1382
1158	1368
1158	1421
1158	1350
1158	1378
1158	1353
1158	1489
1158	1353
1158	1371
1158	1333
1158	1264
1158	1361
1158	1369
1158	1422
1158	1517
1158	1523
1158	1342
1158	1479
1158	1373
1158	1357
1158	1410
1158	1405
1158	1332
1158	1311
1158	1427
1158	1410
1158	1334
1158	1355
1158	1301
1158	1481
1158	1311
1158	1329
1158	1362
1158	1391
1158	1486
1158	1292
1158	1355
1158	1379
1158	1398
1158	1494
1158	1321
1158	1342
1158	1443
1158	1441
1158	1348
1158	1389
1158	1370
1158	1420
1158	1433
1158	1448
1158	1359
1158	1325
1158	1397
1158	1526
1158	1429
1158	1406
1158	1443
1158	1429
1158	1446

melhor e media
1235	2235
1175	1616
1175	1446
1175	1365
1174	1355
1158	1306
1158	1532
1158	1489
1158	1290
1158	1505
1158	1357
1158	1310
1158	1346
1158	1400
1158	1317
1158	1393
1158	1497
1158	1389
1158	1345
1158	1309
1158	1263
1158	1377
1158	1342
1158	1322
1158	1441
1158	1331
1158	1353
1158	1466
1158	1467
1158	1443
1158	1419
1158	1459
1158	1393
1158	1567
1158	1595
1158	1422
1158	1408
1158	1305
1158	1543
1158	1409
1158	1381
1158	1389
1158	1434
1158	1452
1158	1317
1158	1418
1158	1371
1158	1366
1158	1290
1158	1417
1158	1499
1158	1429
1158	1462
1158	1306
1158	1324
1158	1361
1158	1278
1158	1315
1158	1354
1158	1435
1158	1424
1158	1335
1158	1357
1158	1426
1158	1328
1158	1498
1158	1327
1158	1269
1158	1331
1158	1321
1158	1335
1158	1395
1158	1333
1158	1298
1158	1501
1158	1407
1158	1362
1158	1304
1158	1329
1158	1517
1158	1389
1158	1327
1158	1344
1158	1575
1158	1360
1158	1336
1158	1441
1158	1324
1158	1326
1158	1366
1158	1395
1158	1312
1158	1265
1158	1270
1158	1400
1158	1310
1158	1336
1158	1342
1158	1319
1158	1270

melhor e media
1158	2142
1158	1657
1158	1497
1158	1419
1158	1320
1158	1263
1158	1400
1158	1305
1158	1341
1158	1317
1158	1374
1158	1525
1158	1393
1158	1403
1158	1364
1158	1419
1158	1525
1158	1376
1158	1311
1158	1331
1158	1322
1158	1290
1158	1391
1158	1383
1158	1446
1158	1435
1158	1442
1158	1471
1158	1499
1158	1628
1158	1559
1158	1401
1158	1339
1158	1330
1158	1315
1158	1450
1158	1469
1158	1476
1158	1488
1158	1398
1158	1307
1158	1287
1158	1433
1158	1333
1158	1396
1158	1335
1158	1365
1158	1406
1158	1388
1158	1367
1158	1325
1158	1324
1158	1376
1158	1383
1158	1421
1158	1320
1158	1284
1158	1297
1158	1357
1158	1330
1158	1322
1158	1342
1158	1349
1158	1496
1158	1355
1158	1309
1158	1287
1158	1275
1158	1265
1158	1307
1158	1375
1158	1434
1158	1366
1158	1503
1158	1481
1158	1493
1158	1361
1158	1231
1158	1380
1158	1412
1158	1389
1158	1265
1158	1425
1158	1359
1158	1506
1158	1393
1158	1255
1158	1364
1158	1340
1158	1516
1158	1364
1158	1475
1158	1454
1158	1475
1158	1607
1158	1459
1158	1376
1158	1281
1158	1376
1158	1404

melhor e media
1256	2097
1158	1720
1158	1399
1158	1253
1158	1369
1158	1320
1158	1399
1158	1526
1158	1499
1158	1342
1158	1258
1158	1298
1158	1292
1158	1317
1158	1363
1158	1470
1158	1482
1158	1394
1158	1332
1158	1382
1158	1257
1158	1264
1158	1207
1158	1234
1158	1452
1158	1411
1158	1354
1158	1411
1158	1460
1158	1492
1158	1435
1158	1458
1158	1389
1158	1403
1158	1388
1158	1382
1158	1475
1158	1346
1158	1283
1158	1391
1158	1315
1158	1276
1158	1274
1158	1296
1158	1338
1158	1334
1158	1387
1158	1398
1158	1466
1158	1486
1158	1400
1158	1367
1158	1306
1158	1438
1158	1328
1158	1330
1158	1266
1158	1371
1158	1398
1158	1370
1158	1425
1158	1409
1158	1403
1158	1293
1158	1359
1158	1286
1158	1324
1158	1321
1158	1375
1158	1330
1158	1295
1158	1296
1158	1368
1158	1378
1158	1319
1158	1435
1158	1380
1158	1467
1158	1271
1158	1319
1158	1263
1158	1395
1158	1318
1158	1268
1158	1258
1158	1237
1158	1390
1158	1485
1158	1443
1158	1622
1158	1596
1158	1350
1158	1527
1158	1337
1158	1371
1158	1504
1158	1478
1158	1450
1158	1364
1158	1297

melhor e media
1214	2237
1158	1705
1158	1488
1158	1370
1158	1401
1158	1333
1158	1467
1158	1391
1158	1279
1158	1471
1158	1309
1158	1314
1158	1233
1158	1374
1158	1412
1158	1327
1158	1379
1158	1401
1158	1394
1158	1444
1158	1574
1158	1385
1158	1315
1158	1442
1158	1466
1158	1379
1158	1405
1158	1479
1158	1503
1158	1417
1158	1346
1158	1398
1158	1416
1158	1423
1158	1440
1158	1293
1158	1376
1158	1310
1158	1284
1158	1399
1158	1335
1158	1316
1158	1396
1158	1412
1158	1269
1158	1214
1158	1317
1158	1303
1158	1278
1158	1232
1158	1295
1158	1310
1158	1250
1158	1329
1158	1304
1158	1328
1158	1399
1158	1262
1158	1357
1158	1304
1158	1400
1158	1314
1158	1380
1158	1392
1158	1276
1158	1287
1158	1338
1158	1460
1158	1371
1158	1513
1158	1389
1158	1395
1158	1532
1158	1446
1158	1399
1158	1584
1158	1418
1158	1449
1158	1380
1158	1378
1158	1352
1158	1407
1158	1389
1158	1277
1158	1364
1158	1470
1158	1338
1158	1232
1158	1411
1158	1416
1158	1439
1158	1226
1158	1268
1158	1303
1158	1282
1158	1440
1158	1391
1158	1404
1158	1506
1158	1291

melhor e media
1244	2162
1244	1675
1158	1531
1158	1482
1158	1471
1158	1379
1158	1331
1158	1378
1158	1288
1158	1282
1158	1389
1158	1427
1158	1458
1158	1432
1158	1378
1158	1352
1158	1321
1158	1348
1158	1384
1158	1349
1158	1337
1158	1333
1158	1441
1158	1311
1158	1305
1158	1416
1158	1548
1158	1512
1158	1411
1158	1479
1158	1494
1158	1386
1158	1420
1158	1534
1158	1281
1158	1404
1158	1422
1158	1444
1158	1406
1158	1340
1158	1339
1158	1343
1158	1251
1158	1330
1158	1301
1158	1359
1158	1272
1158	1338
1158	1371
1158	1373
1158	1300
1158	1440
1158	1316
1158	1335
1158	1331
1158	1418
1158	1303
1158	1372
1158	1221
1158	1386
1158	1339
1158	1433
1158	1456
1158	1387
1158	1381
1158	1346
1158	1351
1158	1341
1158	1365
1158	1377
1158	1427
1158	1435
1158	1379
1158	1426
1158	1408
1158	1496
1158	1501
1158	1399
1158	1345
1158	1404
1158	1468
1158	1415
1158	1378
1158	1341
1158	1339
1158	1276
1158	1379
1158	1267
1158	1263
1158	1377
1158	1395
1158	1424
1158	1294
1158	1331
1158	1457
1158	1391
1158	1344
1158	1461
1158	1408
1158	1413

melhor e media
1179	2128
1158	1597
1158	1685
1158	1353
1158	1496
1158	1391
1158	1432
1158	1399
1158	1498
1158	1341
1158	1324
1158	1464
1158	1428
1158	1417
1158	1390
1158	1285
1158	1264
1158	1322
1158	1357
1158	1357
1158	1380
1158	1468
1158	1464
1158	1451
1158	1369
1158	1335
1158	1356
1158	1326
1158	1339
1158	1244
1158	1305
1158	1276
1158	1366
1158	1323
1158	1297
1158	1369
1158	1258
1158	1211
1158	1308
1158	1420
1158	1269
1158	1340
1158	1299
1158	1383
1158	1323
1158	1320
1158	1366
1158	1329
1158	1384
1158	1344
1158	1380
1158	1373
1158	1363
1158	1236
1158	1291
1158	1362
1158	1293
1158	1387
1158	1336
1158	1420
1158	1484
1158	1283
1158	1377
1158	1510
1158	1421
1158	1248
1158	1356
1158	1268
1158	1417
1158	1346
1158	1318
1158	1273
1158	1459
1158	1418
1158	1317
1158	1392
1158	1405
1158	1328
1158	1331
1158	1404
1158	1382
1158	1301
1158	1319
1158	1350
1158	1287
1158	1241
1158	1292
1158	1276
1158	1392
1158	1379
1158	1419
1158	1373
1158	1548
1158	1443
1158	1414
1158	1362
1158	1379
1158	1328
1158	1408
1158	1446

melhor e media
1283	2157
1217	1700
1217	1684
1217	1594
1211	1526
1120	1311
1120	1415
1120	1283
1120	1356
1120	1373
1120	1404
1120	1354
1120	1408
1120	1337
1120	1349
1120	1304
1120	1341
1120	1258
1120	1418
1120	1385
1120	1449
1120	1345
1120	1305
1120	1331
1120	1238
1120	1311
1120	1330
1120	1400
1120	1314
1120	1360
1120	1364
1120	1401
1120	1292
1120	1250
1120	1349
1120	1344
1120	1351
1120	1435
1120	1358
1120	1336
1120	1256
1120	1291
1120	1380
1120	1314
1120	1394
1120	1403
1120	1354
1120	1378
1120	1412
1120	1310
1120	1288
1120	1388
1120	1338
1120	1398
1120	1409
1120	1272
1120	1293
1120	1447
1120	1488
1120	1357
1120	1325
1120	1370
1120	1349
1120	1277
1120	1299
1120	1338
1120	1394
1120	1306
1120	1274
1120	1309
1120	1502
1120	1333
1120	1369
1120	1334
1120	1411
1120	1375
1120	1400
1120	1513
1120	1324
1120	1272
1120	1324
1120	1358
1120	1313
1120	1374
1120	1392
1120	1315
1120	1332
1120	1434
1120	1364
1120	1403
1120	1418
1120	1421
1120	1445
1120	1364
1120	1329
1120	1363
1120	1289
1120	1377
1120	1373
1120	1326

melhor e media
1176	2193
1158	1753
1158	1552
1158	1402
1158	1288
1158	1351
1158	1298
1158	1277
1158	1311
1158	1340
1158	1370
1158	1368
1158	1249
1158	1338
1158	1456
1158	1378
1158	1383
1158	1404
1158	1501
1158	1410
1158	1366
1158	1366
1158	1480
1158	1329
1158	1347
1158	1415
1158	1472
1158	1324
1158	1426
1158	1454
1158	1389
1158	1296
1158	1352
1158	1350
1158	1370
1158	1420
1158	1462
1158	1388
1158	1256
1158	1392
1158	1359
1158	1321
1158	1274
1158	1368
1158	1369
1158	1332
1158	1353
1158	1351
1158	1331
1158	1309
1158	1338
1158	1330
1158	1398
1158	1393
1158	1368
1158	1422
1158	1392
1158	1451
1158	1402
1158	1395
1158	1398
1158	1300
1158	1390
1158	1430
1158	1331
1158	1358
1158	1238
1158	1360
1158	1383
1158	1393
1158	1279
1158	1322
1158	1383
1158	1280
1158	1317
1158	1397
1158	1271
1158	1407
1158	1429
1158	1454
1158	1421
1158	1346
1158	1349
1158	1421
1158	1337
1158	1430
1158	1362
1158	1353
1158	1366
1158	1354
1158	1350
1158	1366
1158	1283
1158	1390
1158	1353
1158	1446
1158	1317
1158	1387
1158	1450
1158	1485

melhor e media
1158	1916
1158	1672
1158	1364
1158	1361
1158	1245
1158	1356
1158	1369
1158	1442
1158	1366
1158	1389
1158	1408
1158	1404
1158	1417
1158	1290
1158	1353
1158	1421
1158	1377
1158	1417
1158	1368
1158	1292
1158	1427
1158	1391
1158	1287
1158	1231
1158	1227
1158	1304
1158	1377
1158	1413
1158	1395
1158	1347
1158	1346
1158	1368
1158	1373
1158	1337
1158	1330
1158	1286
1158	1276
1158	1268
1158	1292
1158	1359
1158	1384
1158	1436
1158	1388
1158	1474
1158	1444
1158	1368
1158	1351
1158	1392
1158	1424
1158	1304
1158	1355
1158	1449
1158	1470
1158	1259
1158	1319
1158	1416
1158	1407
1158	1374
1158	1463
1158	1355
1158	1437
1158	1335
1158	1415
1158	1391
1158	1408
1158	1410
1158	1399
1158	1384
1158	1430
1158	1338
1158	1493
1158	1371
1158	1336
1158	1315
1158	1402
1158	1442
1158	1318
1158	1235
1158	1243
1158	1368
1158	1249
1158	1305
1158	1284
1158	1355
1158	1334
1158	1325
1158	1367
1158	1457
1158	1410
1158	1447
1158	1505
1158	1407
1158	1407
1158	1400
1158	1514
1158	1439
1158	1348
1158	1405
1158	1297
1158	1305

melhor e media
1158	2371
1158	1819
1158	1380
1158	1449
1158	1429
1158	1378
1158	1352
1158	1382
1158	1446
1158	1353
1158	1371
1158	1265
1158	1318
1158	1294
1158	1462
1158	1432
1158	1464
1158	1441
1158	1389
1158	1401
1158	1488
1158	1378
1158	1347
1158	1300
1158	1360
1158	1345
1158	1289
1158	1414
1158	1382
1158	1302
1158	1315
1158	1335
1158	1350
1158	1250
1158	1371
1158	1338
1158	1404
1158	1225
1158	1367
1158	1286
1158	1388
1158	1406
1158	1357
1158	1495
1158	1529
1158	1523
1158	1436
1158	1423
1158	1497
1158	1430
1158	1434
1158	1281
1158	1295
1158	1324
1158	1304
1158	1292
1158	1392
1158	1278
1158	1313
1158	1296
1158	1320
1158	1387
1158	1318
1158	1285
1158	1458
1158	1391
1158	1338
1158	1459
1158	1403
1158	1488
1158	1348
1158	1447
1158	1549
1158	1467
1158	1473
1158	1388
1158	1277
1158	1407
1158	1491
1158	1476
1158	1409
1158	1531
1158	1499
1158	1367
1158	1484
1158	1534
1158	1465
1158	1313
1158	1279
1158	1290
1158	1302
1158	1380
1158	1384
1158	1319
1158	1355
1158	1425
1158	1392
1158	1452
1158	1414
1158	1364

melhor e media
1179	2210
1158	1588
1158	1432
1158	1551
1158	1567
1158	1517
1158	1311
1158	1330
1158	1473
1158	1392
1158	1355
1158	1392
1158	1426
1158	1397
1158	1357
1158	1322
1158	1395
1158	1306
1158	1428
1158	1428
1158	1364
1158	1342
1158	1429
1158	1488
1158	1555
1158	1420
1158	1490
1158	1446
1158	1461
1158	1334
1158	1457
1158	1365
1158	1362
1158	1433
1158	1377
1158	1354
1158	1338
1158	1272
1158	1247
1158	1297
1158	1435
1158	1538
1158	1480
1158	1416
1158	1530
1158	1405
1158	1463
1158	1478
1158	1424
1158	1349
1158	1359
1158	1360
1158	1360
1158	1408
1158	1274
1158	1381
1158	1362
1158	1377
1158	1316
1158	1283
1158	1361
1158	1375
1158	1399
1158	1409
1158	1365
1158	1374
1158	1317
1158	1489
1158	1382
1158	1415
1158	1501
1158	1428
1158	1468
1158	1470
1158	1489
1158	1368
1158	1425
1158	1522
1158	1492
1158	1533
1158	1398
1158	1518
1158	1461
1158	1360
1158	1375
1158	1399
1158	1407
1158	1370
1158	1402
1158	1399
1158	1327
1158	1360
1158	1378
1158	1310
1158	1289
1158	1368
1158	1325
1158	1431
1158	1532
1158	1363

melhor e media
1179	2326
1158	1756
1158	1547
1158	1475
1158	1451
1158	1411
1158	1418
1158	1370
1158	1435
1158	1401
1158	1382
1158	1303
1158	1297
1158	1290
1158	1414
1158	1478
1158	1321
1158	1391
1158	1397
1158	1535
1158	1366
1158	1289
1158	1367
1158	1430
1158	1455
1158	1322
1158	1314
1158	1422
1158	1393
1158	1412
1158	1294
1158	1396
1158	1349
1158	1454
1158	1295
1158	1333
1158	1424
1158	1342
1158	1337
1158	1377
1158	1409
1158	1272
1158	1340
1158	1341
1158	1474
1158	1564
1158	1484
1158	1504
1158	1405
1158	1403
1158	1439
1158	1384
1158	1357
1158	1319
1158	1290
1158	1436
1158	1327
1158	1317
1158	1356
1158	1317
1158	1263
1158	1340
1158	1385
1158	1456
1158	1343
1158	1356
1158	1295
1158	1358
1158	1477
1158	1336
1158	1358
1158	1370
1158	1464
1158	1492
1158	1356
1158	1332
1158	1486
1158	1357
1158	1507
1158	1464
1158	1426
1158	1441
1158	1464
1158	1281
1158	1326
1158	1448
1158	1525
1158	1399
1158	1382
1158	1399
1158	1416
1158	1420
1158	1426
1158	1302
1158	1337
1158	1377
1158	1345
1158	1298
1158	1343
1158	1379

melhor e media
1252	2070
1158	1630
1158	1464
1158	1339
1158	1479
1158	1401
1158	1488
1158	1510
1158	1421
1158	1261
1158	1312
1158	1328
1158	1350
1158	1382
1158	1322
1158	1224
1158	1340
1158	1435
1158	1568
1158	1445
1158	1309
1158	1336
1158	1429
1158	1327
1158	1288
1158	1288
1158	1385
1158	1369
1158	1385
1158	1366
1158	1328
1158	1360
1158	1457
1158	1375
1158	1310
1158	1290
1158	1249
1158	1361
1158	1299
1158	1436
1158	1316
1158	1408
1158	1431
1158	1475
1158	1387
1158	1365
1158	1418
1158	1460
1158	1358
1158	1326
1158	1328
1158	1287
1158	1285
1158	1346
1158	1332
1158	1348
1158	1387
1158	1325
1158	1394
1158	1343
1158	1502
1158	1281
1158	1293
1158	1366
1158	1313
1158	1340
1158	1398
1158	1293
1158	1331
1158	1267
1158	1419
1158	1458
1158	1460
1158	1319
1158	1344
1158	1258
1158	1270
1158	1274
1158	1365
1158	1440
1158	1357
1158	1451
1158	1449
1158	1403
1158	1415
1158	1364
1158	1285
1158	1384
1158	1303
1158	1267
1158	1359
1158	1353
1158	1302
1158	1368
1158	1329
1158	1453
1158	1417
1158	1295
1158	1421
1158	1476

melhor e media
1158	2144
1158	1732
1158	1439
1158	1419
1158	1398
1158	1545
1158	1353
1158	1437
1158	1317
1158	1399
1158	1391
1158	1366
1158	1335
1158	1378
1158	1374
1158	1329
1158	1423
1158	1396
1158	1334
1158	1380
1158	1486
1158	1387
1158	1363
1158	1474
1158	1493
1158	1397
1158	1391
1158	1299
1158	1319
1158	1345
1158	1268
1158	1313
1158	1422
1158	1444
1158	1393
1158	1404
1158	1305
1158	1285
1158	1338
1158	1415
1158	1438
1158	1417
1158	1282
1158	1288
1158	1415
1158	1401
1158	1339
1158	1434
1158	1468
1158	1438
1158	1331
1158	1369
1158	1314
1158	1318
1158	1360
1158	1251
1158	1255
1158	1426
1158	1348
1158	1429
1158	1319
1158	1447
1158	1460
1158	1472
1158	1374
1158	1352
1158	1439
1158	1421
1158	1454
1158	1371
1158	1286
1158	1289
1158	1321
1158	1287
1158	1312
1158	1397
1158	1381
1158	1414
1158	1428
1158	1334
1158	1408
1158	1376
1158	1374
1158	1392
1158	1333
1158	1352
1158	1420
1158	1347
1158	1346
1158	1346
1158	1359
1158	1402
1158	1435
1158	1366
1158	1286
1158	1354
1158	1305
1158	1442
1158	1334
1158	1348

melhor e media
1219	2163
1169	1640
1169	1645
1169	1301
1169	1317
1169	1383
1158	1468
1158	1464
1158	1360
1158	1285
1158	1492
1158	1432
1158	1281
1158	1329
1158	1346
1158	1320
1158	1297
1158	1438
1158	1344
1158	1311
1158	1281
1158	1361
1158	1413
1158	1407
1158	1352
1158	1401
1158	1482
1158	1396
1158	1335
1158	1503
1158	1384
1158	1268
1158	1318
1158	1371
1158	1373
1158	1252
1158	1295
1158	1338
1158	1342
1158	1334
1158	1303
1158	1359
1158	1320
1158	1323
1158	1354
1158	1372
1158	1326
1158	1313
1158	1425
1158	1436
1158	1377
1158	1348
1158	1342
1158	1364
1158	1433
1158	1442
1158	1483
1158	1360
1158	1287
1158	1292
1158	1401
1158	1304
1158	1399
1158	1433
1158	1442
1158	1402
1158	1419
1158	1416
1158	1356
1158	1294
1158	1289
1158	1391
1158	1310
1158	1294
1158	1393
1158	1416
1158	1412
1158	1299
1158	1360
1158	1309
1158	1360
1158	1361
1158	1394
1158	1312
1158	1302
1158	1386
1158	1459
1158	1349
1158	1381
1158	1337
1158	1324
1158	1403
1158	1465
1158	1433
1158	1376
1158	1425
1158	1447
1158	1430
1158	1426
1158	1377

