melhor e media
1174	2449
1174	1730
1158	1427
1158	1331
1158	1363
1158	1355
1158	1424
1158	1243
1158	1341
1158	1261
1158	1222
1158	1379
1158	1466
1158	1355
1158	1453
1158	1291
1158	1298
1158	1405
1158	1363
1158	1554
1158	1357
1158	1321
1158	1231
1158	1380
1158	1405
1158	1583
1158	1452
1158	1312
1158	1366
1158	1280
1158	1313
1158	1221
1158	1240
1158	1205
1158	1334
1158	1414
1158	1472
1158	1447
1158	1412
1158	1483
1158	1357
1158	1341
1158	1370
1158	1503
1158	1515
1158	1283
1158	1577
1158	1475
1158	1396
1158	1382

melhor e media
1265	1908
1158	1671
1158	1422
1158	1298
1158	1263
1158	1234
1158	1241
1158	1261
1158	1462
1158	1302
1158	1372
1158	1249
1158	1287
1158	1435
1158	1214
1158	1213
1158	1199
1158	1381
1158	1411
1158	1399
1158	1334
1158	1206
1158	1191
1158	1213
1158	1520
1158	1384
1158	1382
1158	1402
1158	1394
1158	1394
1158	1286
1158	1305
1158	1301
1158	1391
1158	1213
1158	1223
1158	1204
1158	1343
1158	1286
1158	1281
1158	1294
1158	1302
1158	1450
1158	1285
1158	1293
1158	1297
1158	1406
1158	1340
1158	1474
1158	1280

melhor e media
1241	2100
1190	1419
1158	1430
1158	1326
1158	1507
1158	1410
1158	1499
1158	1428
1158	1539
1158	1578
1158	1583
1158	1496
1158	1403
1158	1437
1158	1386
1158	1238
1158	1277
1158	1253
1158	1422
1158	1358
1158	1261
1158	1346
1158	1392
1158	1331
1158	1432
1158	1406
1158	1306
1158	1255
1158	1228
1158	1244
1158	1380
1158	1315
1158	1479
1158	1321
1158	1308
1158	1190
1158	1404
1158	1308
1158	1440
1158	1426
1158	1605
1158	1297
1158	1500
1158	1412
1158	1262
1158	1217
1158	1348
1158	1307
1158	1524
1158	1450

melhor e media
1246	2254
1237	1543
1235	1421
1235	1412
1201	1323
1201	1470
1201	1435
1201	1472
1201	1477
1201	1371
1201	1299
1201	1298
1201	1347
1201	1284
1201	1274
1201	1512
1201	1523
1201	1415
1201	1523
1201	1540
1169	1333
1158	1437
1158	1258
1158	1331
1158	1244
1158	1320
1158	1308
1158	1325
1158	1294
1158	1326
1158	1340
1158	1239
1158	1329
1158	1386
1158	1377
1158	1385
1158	1389
1158	1253
1158	1271
1158	1409
1158	1695
1158	1415
1158	1312
1158	1416
1158	1574
1158	1309
1158	1299
1158	1354
1158	1348
1158	1358

melhor e media
1190	1897
1158	1563
1158	1440
1158	1385
1158	1301
1158	1474
1158	1464
1158	1605
1158	1354
1158	1281
1158	1274
1158	1204
1158	1344
1158	1355
1158	1503
1158	1435
1158	1330
1158	1277
1158	1535
1158	1460
1158	1251
1158	1284
1158	1466
1158	1388
1158	1398
1158	1247
1158	1291
1158	1348
1158	1397
1158	1497
1158	1330
1158	1234
1158	1348
1158	1325
1158	1468
1158	1375
1158	1397
1158	1387
1158	1295
1158	1235
1158	1300
1158	1388
1158	1242
1158	1448
1158	1454
1158	1293
1158	1299
1158	1385
1158	1309
1158	1306

melhor e media
1158	2062
1158	1605
1158	1517
1158	1479
1158	1310
1158	1289
1158	1333
1158	1312
1158	1392
1158	1391
1158	1368
1158	1413
1158	1544
1158	1505
1158	1317
1158	1284
1158	1350
1158	1361
1158	1457
1158	1364
1158	1392
1158	1474
1158	1545
1158	1395
1158	1404
1158	1332
1158	1276
1158	1368
1158	1423
1158	1250
1158	1410
1158	1308
1158	1450
1158	1483
1158	1345
1158	1496
1158	1310
1158	1418
1158	1462
1158	1363
1158	1420
1158	1308
1158	1247
1158	1375
1158	1335
1158	1506
1158	1428
1158	1440
1158	1336
1158	1532

melhor e media
1244	2475
1220	1720
1195	1621
1179	1548
1158	1367
1158	1460
1158	1293
1158	1302
1158	1283
1158	1473
1158	1265
1158	1485
1158	1369
1158	1267
1158	1297
1158	1383
1158	1329
1158	1381
1158	1324
1158	1418
1158	1433
1158	1267
1158	1358
1158	1256
1158	1293
1158	1302
1158	1315
1158	1247
1158	1243
1158	1496
1158	1363
1158	1374
1158	1361
1158	1383
1158	1390
1158	1449
1158	1392
1158	1562
1158	1378
1158	1343
1158	1438
1158	1318
1158	1288
1158	1412
1158	1409
1158	1553
1158	1474
1158	1350
1158	1416
1158	1472

melhor e media
1255	2103
1195	1747
1195	1608
1195	1514
1195	1303
1158	1371
1158	1432
1158	1299
1158	1228
1158	1324
1158	1261
1158	1309
1158	1371
1158	1324
1158	1331
1158	1374
1158	1478
1158	1545
1158	1715
1158	1462
1158	1570
1158	1449
1158	1459
1158	1376
1158	1287
1158	1303
1158	1296
1158	1261
1158	1354
1158	1326
1158	1325
1158	1393
1158	1319
1158	1210
1158	1220
1158	1585
1158	1419
1158	1303
1158	1562
1158	1267
1158	1357
1158	1237
1158	1278
1158	1262
1158	1445
1158	1433
1158	1525
1158	1353
1158	1339
1158	1401

melhor e media
1197	2451
1195	1896
1195	1590
1179	1377
1179	1396
1158	1299
1158	1387
1158	1351
1158	1372
1158	1309
1158	1285
1158	1313
1158	1271
1158	1220
1158	1315
1158	1319
1158	1276
1158	1416
1158	1299
1158	1601
1158	1545
1158	1435
1158	1470
1158	1514
1158	1338
1158	1362
1158	1292
1158	1441
1158	1445
1158	1469
1158	1247
1158	1239
1158	1621
1158	1633
1158	1479
1158	1336
1158	1235
1158	1255
1158	1251
1158	1375
1158	1294
1158	1225
1158	1261
1158	1381
1158	1307
1158	1371
1158	1417
1158	1379
1158	1435
1158	1315

melhor e media
1241	2105
1175	1716
1174	1422
1158	1271
1158	1311
1158	1220
1158	1338
1158	1269
1158	1425
1158	1510
1158	1272
1158	1397
1158	1384
1158	1482
1158	1401
1158	1493
1158	1498
1158	1296
1158	1407
1158	1409
1158	1316
1158	1445
1158	1490
1158	1583
1158	1422
1158	1443
1158	1390
1158	1447
1158	1229
1158	1277
1158	1256
1158	1384
1158	1280
1158	1296
1158	1389
1158	1344
1158	1321
1158	1388
1158	1251
1158	1365
1158	1401
1158	1536
1158	1437
1158	1398
1158	1279
1158	1427
1158	1438
1158	1415
1158	1371
1158	1261

melhor e media
1237	2137
1158	1558
1158	1354
1158	1540
1158	1478
1158	1724
1158	1507
1158	1567
1158	1294
1158	1317
1158	1350
1158	1258
1158	1416
1158	1453
1158	1401
1158	1373
1158	1518
1158	1325
1158	1405
1158	1388
1158	1398
1158	1334
1158	1401
1158	1540
1158	1529
1158	1461
1158	1364
1158	1210
1158	1279
1158	1328
1158	1206
1158	1391
1158	1342
1158	1356
1158	1204
1158	1311
1158	1340
1158	1424
1158	1380
1158	1327
1158	1456
1158	1421
1158	1366
1158	1581
1158	1404
1158	1344
1158	1442
1158	1288
1158	1414
1158	1269

melhor e media
1237	2100
1179	1481
1158	1281
1158	1276
1158	1352
1158	1489
1158	1359
1158	1378
1158	1309
1158	1350
1158	1389
1158	1225
1158	1328
1158	1308
1158	1378
1158	1319
1158	1471
1158	1631
1158	1391
1158	1329
1158	1399
1158	1208
1158	1270
1158	1490
1158	1416
1158	1219
1158	1280
1158	1248
1158	1449
1158	1321
1158	1330
1158	1476
1158	1346
1158	1243
1158	1232
1158	1242
1158	1250
1158	1372
1158	1330
1158	1405
1158	1446
1158	1389
1158	1310
1158	1343
1158	1301
1158	1445
1158	1448
1158	1252
1158	1360
1158	1553

melhor e media
1271	2360
1227	1483
1201	1449
1201	1306
1201	1376
1170	1372
1170	1467
1169	1336
1169	1337
1169	1358
1169	1566
1169	1485
1169	1443
1169	1311
1169	1480
1158	1220
1158	1229
1158	1240
1158	1251
1158	1287
1158	1264
1158	1270
1158	1389
1158	1607
1158	1619
1158	1610
1158	1591
1158	1460
1158	1365
1158	1302
1158	1458
1158	1403
1158	1336
1158	1386
1158	1458
1158	1559
1158	1610
1158	1444
1158	1454
1158	1294
1158	1391
1158	1259
1158	1397
1158	1281
1158	1493
1158	1530
1158	1506
1158	1488
1158	1544
1158	1324

melhor e media
1158	2100
1158	1662
1158	1444
1158	1242
1158	1625
1158	1248
1158	1203
1158	1203
1158	1249
1158	1361
1158	1352
1158	1212
1158	1291
1158	1378
1158	1416
1158	1250
1158	1281
1158	1424
1158	1184
1158	1188
1158	1437
1158	1299
1158	1332
1158	1272
1158	1280
1158	1341
1158	1448
1158	1291
1158	1405
1158	1421
1158	1289
1158	1496
1158	1626
1158	1398
1158	1456
1158	1354
1158	1387
1158	1259
1158	1247
1158	1250
1158	1347
1158	1384
1158	1462
1158	1445
1158	1237
1158	1391
1158	1404
1158	1295
1158	1375
1158	1270

melhor e media
1235	2249
1197	1588
1172	1486
1158	1515
1158	1528
1158	1553
1158	1264
1158	1614
1158	1370
1158	1230
1158	1211
1158	1252
1158	1390
1158	1303
1158	1370
1158	1385
1158	1245
1158	1347
1158	1446
1158	1384
1158	1524
1158	1290
1158	1289
1158	1397
1158	1274
1158	1303
1158	1460
1158	1381
1158	1259
1158	1366
1158	1434
1158	1603
1158	1412
1158	1475
1158	1263
1158	1365
1158	1282
1158	1255
1158	1228
1158	1228
1158	1295
1158	1283
1158	1221
1158	1205
1158	1593
1158	1396
1158	1379
1158	1217
1158	1376
1158	1448

melhor e media
1252	2259
1180	1689
1158	1380
1158	1403
1158	1371
1158	1542
1158	1464
1158	1341
1158	1396
1158	1300
1158	1315
1158	1292
1158	1317
1158	1434
1158	1298
1158	1387
1158	1384
1158	1312
1158	1306
1158	1308
1158	1293
1158	1330
1158	1297
1158	1517
1158	1425
1158	1308
1158	1290
1158	1386
1158	1248
1158	1248
1158	1415
1158	1294
1158	1334
1158	1356
1158	1267
1158	1357
1158	1263
1158	1353
1158	1275
1158	1259
1158	1466
1158	1379
1158	1382
1158	1360
1158	1393
1158	1235
1158	1499
1158	1441
1158	1478
1158	1499

melhor e media
1158	2038
1158	1657
1158	1472
1158	1471
1158	1295
1158	1267
1158	1289
1158	1351
1158	1314
1158	1290
1158	1338
1158	1372
1158	1373
1158	1314
1158	1348
1158	1330
1158	1385
1158	1350
1158	1523
1158	1423
1158	1365
1158	1401
1158	1315
1158	1287
1158	1544
1158	1418
1158	1437
1158	1569
1158	1338
1158	1498
1158	1575
1158	1663
1158	1385
1158	1286
1158	1243
1158	1401
1158	1394
1158	1525
1158	1365
1158	1350
1158	1491
1158	1470
1158	1415
1158	1250
1158	1314
1158	1383
1158	1392
1158	1457
1158	1302
1158	1293

melhor e media
1288	1858
1177	1637
1177	1490
1158	1390
1158	1406
1158	1276
1158	1312
1158	1361
1158	1342
1158	1315
1158	1270
1158	1407
1158	1396
1158	1281
1158	1355
1158	1407
1158	1300
1158	1437
1158	1516
1158	1400
1158	1506
1158	1421
1158	1553
1158	1421
1158	1589
1158	1465
1158	1381
1158	1361
1158	1431
1158	1533
1158	1320
1158	1541
1158	1304
1158	1311
1158	1241
1158	1278
1158	1366
1158	1286
1158	1207
1158	1234
1158	1453
1158	1679
1158	1730
1158	1474
1158	1387
1158	1383
1158	1475
1158	1308
1158	1215
1158	1314

melhor e media
1158	2125
1158	1489
1158	1515
1158	1394
1158	1211
1158	1377
1158	1352
1158	1315
1158	1467
1158	1620
1158	1415
1158	1383
1158	1448
1158	1389
1158	1196
1158	1284
1158	1463
1158	1420
1158	1326
1158	1349
1158	1363
1158	1364
1158	1319
1158	1415
1158	1217
1158	1306
1158	1372
1158	1217
1158	1263
1158	1275
1158	1378
1158	1451
1158	1333
1158	1526
1158	1425
1158	1763
1158	1535
1158	1423
1158	1358
1158	1340
1158	1407
1158	1461
1158	1469
1158	1479
1158	1563
1158	1390
1158	1449
1158	1536
1158	1536
1158	1312

melhor e media
1348	2183
1224	1517
1158	1396
1158	1490
1158	1381
1158	1419
1158	1362
1158	1470
1158	1312
1158	1416
1158	1550
1158	1731
1158	1410
1158	1404
1158	1431
1158	1373
1158	1252
1158	1427
1158	1235
1158	1256
1158	1491
1158	1266
1158	1254
1158	1322
1158	1239
1158	1291
1158	1411
1158	1265
1158	1289
1158	1341
1158	1431
1158	1306
1158	1201
1158	1314
1158	1432
1158	1343
1158	1367
1158	1311
1158	1332
1158	1269
1158	1343
1158	1240
1158	1243
1158	1273
1158	1187
1158	1426
1158	1181
1158	1236
1158	1308
1158	1371

melhor e media
1158	2122
1158	1778
1158	1468
1158	1242
1158	1226
1158	1582
1158	1319
1158	1269
1158	1367
1158	1370
1158	1240
1158	1358
1158	1503
1158	1194
1158	1519
1158	1357
1158	1433
1158	1514
1158	1401
1158	1348
1158	1286
1158	1256
1158	1279
1158	1430
1158	1212
1158	1473
1158	1392
1158	1294
1158	1267
1158	1275
1158	1454
1158	1523
1158	1409
1158	1328
1158	1320
1158	1419
1158	1490
1158	1328
1158	1284
1158	1248
1158	1363
1158	1287
1158	1300
1158	1297
1158	1297
1158	1347
1158	1264
1158	1324
1158	1319
1158	1538

melhor e media
1206	2233
1201	1650
1201	1635
1201	1639
1201	1538
1201	1473
1201	1573
1201	1332
1201	1376
1201	1346
1201	1492
1201	1542
1201	1471
1201	1607
1201	1394
1201	1389
1201	1312
1201	1343
1201	1359
1201	1360
1201	1384
1201	1302
1201	1502
1201	1377
1201	1470
1201	1463
1201	1393
1201	1510
1201	1456
1201	1390
1201	1637
1201	1609
1201	1451
1201	1351
1201	1252
1201	1356
1201	1494
1201	1433
1201	1479
1201	1416
1201	1349
1201	1282
1201	1242
1201	1287
1201	1412
1201	1289
1201	1261
1201	1555
1201	1367
1201	1512

melhor e media
1158	2141
1158	1605
1158	1620
1158	1573
1158	1357
1158	1505
1158	1468
1158	1618
1158	1472
1158	1311
1158	1428
1158	1307
1158	1266
1158	1359
1158	1351
1158	1307
1158	1303
1158	1586
1158	1324
1158	1524
1158	1290
1158	1367
1158	1589
1158	1424
1158	1528
1158	1494
1158	1342
1158	1288
1158	1331
1158	1352
1158	1271
1158	1446
1158	1264
1158	1246
1158	1241
1158	1415
1158	1264
1158	1261
1158	1225
1158	1314
1158	1355
1158	1423
1158	1372
1158	1445
1158	1402
1158	1327
1158	1375
1158	1410
1158	1553
1158	1534

melhor e media
1174	2213
1158	1640
1158	1761
1158	1360
1158	1422
1158	1460
1158	1369
1158	1347
1158	1469
1158	1432
1158	1440
1158	1419
1158	1583
1158	1311
1158	1288
1158	1236
1158	1481
1158	1400
1158	1586
1158	1453
1158	1432
1158	1361
1158	1328
1158	1382
1158	1328
1158	1195
1158	1292
1158	1416
1158	1344
1158	1479
1158	1274
1158	1370
1158	1514
1158	1402
1158	1410
1158	1487
1158	1239
1158	1298
1158	1365
1158	1412
1158	1432
1158	1444
1158	1352
1158	1400
1158	1405
1158	1332
1158	1389
1158	1263
1158	1307
1158	1325

melhor e media
1190	2393
1158	1937
1158	1426
1158	1384
1158	1525
1158	1480
1158	1530
1158	1288
1158	1307
1158	1353
1158	1407
1158	1555
1158	1309
1158	1320
1158	1410
1158	1331
1158	1223
1158	1300
1158	1311
1158	1420
1158	1267
1158	1348
1158	1293
1158	1245
1158	1186
1158	1278
1158	1241
1158	1517
1158	1437
1158	1604
1158	1322
1158	1383
1158	1458
1158	1456
1158	1357
1158	1407
1158	1623
1158	1693
1158	1333
1158	1394
1158	1704
1158	1391
1158	1484
1158	1222
1158	1313
1158	1275
1158	1280
1158	1391
1158	1469
1158	1426

melhor e media
1185	2123
1174	1511
1174	1386
1158	1446
1158	1290
1158	1500
1158	1495
1158	1249
1158	1297
1158	1374
1158	1401
1158	1358
1158	1414
1158	1525
1158	1465
1158	1416
1158	1311
1158	1301
1158	1247
1158	1526
1158	1490
1158	1376
1158	1344
1158	1406
1158	1477
1158	1362
1158	1280
1158	1271
1158	1262
1158	1310
1158	1525
1120	1599
1120	1474
1120	1450
1120	1269
1120	1333
1120	1358
1120	1491
1120	1350
1120	1468
1120	1342
1120	1343
1120	1224
1120	1435
1120	1387
1120	1219
1120	1214
1120	1210
1120	1209
1120	1418

melhor e media
1209	2269
1206	1528
1206	1540
1201	1465
1201	1448
1120	1593
1120	1461
1120	1454
1120	1264
1120	1288
1120	1482
1120	1323
1120	1440
1120	1347
1120	1380
1120	1586
1120	1277
1120	1380
1120	1464
1120	1344
1120	1318
1120	1221
1120	1355
1120	1369
1120	1320
1120	1219
1120	1386
1120	1419
1120	1364
1120	1229
1120	1291
1120	1230
1120	1334
1120	1333
1120	1351
1120	1265
1120	1233
1120	1219
1120	1239
1120	1306
1120	1403
1120	1388
1120	1274
1120	1290
1120	1280
1120	1298
1120	1258
1120	1495
1120	1497
1120	1323

melhor e media
1158	2041
1158	1677
1158	1485
1158	1356
1158	1381
1158	1272
1158	1263
1158	1368
1158	1344
1158	1439
1158	1458
1158	1219
1158	1324
1158	1287
1158	1292
1158	1246
1158	1292
1158	1440
1158	1445
1158	1365
1158	1257
1158	1397
1158	1360
1158	1342
1158	1561
1158	1473
1158	1412
1158	1467
1158	1386
1158	1405
1158	1404
1158	1418
1158	1213
1158	1378
1158	1328
1158	1339
1158	1446
1158	1470
1158	1318
1158	1458
1158	1439
1158	1242
1158	1279
1158	1408
1158	1249
1158	1318
1158	1318
1158	1287
1158	1418
1158	1397

melhor e media
1263	2170
1201	1802
1201	1460
1174	1274
1174	1305
1174	1345
1174	1388
1158	1372
1158	1374
1158	1326
1158	1253
1158	1243
1158	1324
1158	1276
1158	1415
1158	1243
1158	1358
1158	1229
1158	1296
1158	1353
1158	1314
1158	1419
1158	1559
1158	1435
1158	1462
1158	1327
1158	1191
1158	1234
1158	1349
1158	1375
1158	1258
1158	1311
1158	1321
1158	1352
1158	1393
1158	1350
1158	1417
1158	1360
1158	1314
1158	1282
1158	1254
1158	1416
1158	1365
1158	1281
1158	1340
1158	1388
1158	1392
1158	1343
1158	1453
1158	1391

melhor e media
1245	2388
1189	1531
1120	1366
1120	1296
1120	1362
1120	1439
1120	1342
1120	1292
1120	1449
1120	1285
1120	1426
1120	1434
1120	1250
1120	1258
1120	1299
1120	1291
1120	1416
1120	1302
1120	1262
1120	1247
1120	1382
1120	1248
1120	1382
1120	1345
1120	1240
1120	1265
1120	1339
1120	1477
1120	1463
1120	1282
1120	1356
1120	1381
1120	1337
1120	1282
1120	1337
1120	1308
1120	1317
1120	1379
1120	1318
1120	1248
1120	1380
1120	1480
1120	1210
1120	1238
1120	1281
1120	1384
1120	1417
1120	1474
1120	1264
1120	1295

