melhor e media

1416	2800
1351	2294
1351	1827
1337	1753
1306	1903
1264	1800
1264	1802
1264	1727
1264	1969
1264	2046
1264	2019
1264	1923
1264	1815
1264	1834
1264	1777
1264	1748
1264	1788
1264	1899
1264	1768
1264	1927
1264	1725
1264	1861
1264	1893
1264	1863
1264	1777
1264	1803
1264	1839
1264	1809
1264	1786
1264	1950
1264	1885
1264	1743
1264	1763
1264	1793
1264	1790
1264	1745
1264	1844
1264	1913
1264	1990
1264	1854
1264	1870
1264	1732
1264	1938
1264	1817
1264	1878
1264	1840
1264	1794
1264	1787
1264	1957
1264	1748
1264	1805
1264	1695
1264	1695
1264	1712
1264	1853
1264	1809
1264	1730
1264	1702
1264	1779
1264	1828
1264	1828
1264	1828
1264	1860
1264	1805
1264	1831
1264	1922
1264	1936
1264	1876
1264	1852
1264	1794
1264	1806
1264	1873
1264	1867
1264	1823
1264	1839
1264	1886
1264	1813
1264	1865
1264	1752
1264	1874
1264	1950
1264	1951
1264	1758
1264	1883
1264	1874
1264	1920
1264	1771
1264	1796
1264	1745
1264	1919
1264	1765
1264	1774
1264	1787
1264	1771
1264	1884
1264	1794
1264	1913
1264	1761
1264	1871
1264	1771

melhor e media

1448	2809
1328	2148
1286	1808
1286	1793
1275	1757
1275	1611
1275	1787
1275	1674
1275	1658
1275	1720
1275	1647
1275	1744
1275	1697
1275	1712
1275	1674
1275	1785
1275	1912
1275	1782
1275	1746
1275	1721
1275	1902
1275	1848
1275	1875
1275	1836
1275	1821
1275	1807
1275	1861
1275	1769
1275	1757
1275	1829
1275	1977
1275	1868
1275	1941
1275	1943
1275	1981
1275	1924
1275	2029
1275	1863
1275	1796
1275	1840
1275	1694
1275	1883
1275	1764
1275	1726
1275	1819
1275	1766
1275	1771
1275	1826
1275	1836
1275	1771
1275	1684
1275	1745
1275	1839
1275	1735
1275	1720
1275	1844
1275	1889
1275	1913
1275	1809
1275	1786
1275	1813
1275	1760
1275	1837
1275	1842
1275	1839
1275	1737
1275	1842
1275	1781
1275	1807
1275	1753
1275	1682
1275	1805
1275	1924
1275	1779
1275	1716
1275	1745
1275	1774
1275	1794
1275	1935
1275	1767
1275	1714
1275	1923
1275	1779
1275	1716
1275	1751
1275	1788
1275	1729
1275	1828
1275	1940
1275	1754
1275	1890
1275	1741
1275	1782
1275	1780
1275	1852
1275	1792
1275	1806
1247	1742
1247	1684
1247	1840

melhor e media

1318	2714
1318	2189
1318	1883
1291	1779
1291	1874
1291	1801
1270	1704
1270	1678
1270	1782
1270	1703
1270	1743
1270	1646
1270	1667
1270	1676
1270	1759
1270	1769
1270	1833
1247	1711
1247	1784
1247	1827
1247	1777
1247	1735
1247	1828
1247	1724
1247	1674
1247	1695
1247	1897
1247	1805
1247	1848
1247	1854
1247	1771
1247	1719
1247	1840
1247	1734
1247	1749
1247	1716
1247	1814
1247	1744
1247	1723
1247	1886
1247	1746
1247	1696
1247	1642
1247	1726
1247	1778
1247	1715
1247	1733
1247	1746
1247	1785
1247	1843
1247	1899
1247	1778
1247	1814
1247	1718
1247	1913
1247	1916
1247	1784
1247	1903
1247	1789
1247	1809
1247	1877
1247	1915
1247	1772
1247	1785
1247	1877
1247	1864
1247	1718
1247	1722
1247	1710
1247	1730
1247	1727
1247	1825
1247	1939
1247	1893
1247	1867
1247	1869
1247	1886
1247	1775
1247	1763
1247	1805
1247	1684
1247	1692
1247	1839
1247	1827
1247	1807
1247	1691
1247	1868
1247	1841
1247	2038
1247	1828
1247	1843
1247	1897
1247	1812
1247	1862
1247	1928
1247	1702
1247	1818
1247	1824
1247	1827
1247	1774

melhor e media

1491	2871
1436	2580
1436	2357
1436	2242
1436	2232
1428	2326
1428	1941
1417	1902
1275	1882
1275	1821
1275	1891
1275	1772
1275	1793
1275	1859
1275	1844
1275	1900
1275	1815
1275	1880
1275	1776
1275	1768
1275	1735
1275	1808
1275	1886
1275	1835
1275	1692
1275	1854
1275	1796
1275	1845
1275	1832
1275	2002
1275	1869
1275	1842
1275	2007
1275	1821
1275	1794
1275	1756
1275	1853
1275	1731
1275	1801
1275	1865
1275	1926
1275	1859
1275	1810
1275	1807
1275	1839
1275	1891
1275	1871
1275	1716
1275	1779
1275	1835
1275	1754
1275	1814
1275	1719
1275	1893
1275	1890
1275	1686
1275	1867
1275	1813
1275	1803
1275	1944
1275	2063
1275	1934
1275	1867
1275	1891
1275	1887
1275	1778
1275	1731
1275	1807
1275	1682
1275	1703
1275	1743
1275	1885
1275	1848
1275	1906
1275	1760
1275	1890
1275	1844
1275	1761
1275	1918
1275	1770
1275	1817
1275	1817
1275	1780
1275	1791
1275	1960
1275	1927
1275	1800
1275	1814
1275	1923
1275	1989
1275	1925
1275	1905
1275	1853
1275	1919
1275	1861
1275	1939
1275	1911
1275	1840
1275	1808
1275	1778

melhor e media

1461	2711
1382	2181
1382	1993
1371	1879
1352	1860
1352	1715
1313	1751
1313	1743
1313	1853
1313	1836
1313	1817
1313	1861
1313	1918
1313	1898
1313	1865
1313	1799
1292	1855
1292	1796
1292	1931
1292	1821
1292	1863
1292	1948
1292	1946
1292	1875
1292	1795
1292	1991
1292	1805
1287	1806
1287	1820
1287	1874
1287	1832
1287	1826
1287	1843
1287	1872
1287	1899
1287	1925
1287	1861
1287	1957
1287	1937
1287	1869
1287	1935
1287	1922
1287	1860
1287	1940
1287	1822
1287	1862
1287	1913
1287	1766
1287	1872
1287	1880
1287	1971
1287	1844
1287	1901
1287	1929
1287	1878
1287	1844
1287	1864
1287	1943
1287	1896
1287	1869
1287	1732
1287	1771
1287	1749
1287	1928
1287	1769
1287	1793
1287	1896
1287	1941
1287	1845
1287	1792
1279	1788
1279	1803
1279	1812
1279	1809
1279	1901
1279	1931
1279	2022
1279	1783
1279	1876
1279	1972
1279	1958
1279	1930
1279	1962
1279	1796
1279	1986
1279	1892
1279	1914
1279	1949
1279	1893
1279	1841
1279	1827
1279	1927
1279	1939
1279	1948
1279	2089
1279	1954
1279	1929
1279	1807
1279	1819
1279	1738

melhor e media

1407	3025
1331	2356
1331	1978
1324	1823
1307	1752
1295	1739
1295	1801
1295	1765
1253	1746
1253	1788
1253	1728
1253	1773
1253	1817
1253	1697
1253	1653
1253	1745
1253	1790
1253	1636
1253	1701
1253	1875
1253	1682
1253	1661
1253	1715
1253	1793
1253	1752
1253	1785
1253	1792
1253	1722
1253	1775
1253	1776
1253	1791
1253	1840
1253	1725
1253	1748
1253	1715
1253	1740
1253	1819
1253	1953
1253	1841
1253	1861
1253	1774
1253	1749
1253	1869
1253	1817
1253	1859
1253	1955
1253	1896
1253	1856
1253	1738
1253	1956
1253	1777
1253	1829
1253	2002
1253	1885
1253	1863
1253	1797
1253	1823
1253	1806
1253	1763
1253	1801
1253	1745
1253	1791
1253	1840
1253	1833
1253	1790
1253	1815
1253	1757
1253	1844
1253	1794
1253	1681
1253	1797
1253	1651
1253	1716
1253	1808
1253	1807
1253	1696
1253	1829
1252	1725
1252	1705
1252	1843
1252	1744
1252	1840
1252	1790
1252	1742
1252	1769
1252	1834
1252	1837
1252	1837
1252	1804
1252	1873
1252	1697
1252	1819
1252	1853
1252	1719
1252	1726
1252	1726
1252	1757
1252	1613
1252	1815
1252	1768

melhor e media

1458	2786
1411	2136
1382	2057
1382	2124
1382	2116
1293	2059
1293	1831
1293	1832
1283	1855
1283	1849
1283	1811
1283	1863
1283	1797
1283	1884
1283	1775
1283	1763
1270	1768
1270	1866
1270	1751
1270	1938
1270	1834
1270	1988
1270	1855
1270	2033
1270	1931
1270	1866
1270	1841
1270	1838
1270	1780
1270	1852
1270	1749
1270	1942
1270	1839
1270	1810
1270	1898
1270	2002
1270	1792
1270	1889
1270	1853
1270	1884
1270	2009
1270	1867
1270	1731
1270	1786
1270	1979
1270	1914
1270	1763
1270	1938
1270	1931
1270	1970
1270	1826
1270	1823
1270	1979
1270	1914
1270	1853
1269	1817
1269	1948
1269	1944
1269	1849
1269	1979
1269	1947
1269	1836
1269	1950
1269	1964
1269	1977
1268	1751
1268	1874
1268	1915
1268	1904
1268	1948
1268	1961
1268	1893
1268	1890
1268	1725
1268	1917
1268	1834
1268	1875
1268	1941
1268	1997
1268	1862
1268	1775
1268	1789
1268	1880
1268	1863
1268	1808
1268	1779
1268	1990
1268	1985
1268	1928
1268	1948
1268	1712
1268	2032
1268	1977
1268	2154
1268	1864
1268	1784
1268	1845
1268	1904
1268	1884
1268	1927

melhor e media

1388	2715
1388	2142
1388	1965
1295	1961
1295	1895
1295	1890
1295	1814
1295	1801
1280	1904
1280	1703
1280	1831
1280	1792
1280	2089
1280	1916
1280	2003
1280	1855
1280	1855
1280	1669
1280	1873
1280	2007
1280	1967
1280	1845
1280	1820
1280	1881
1280	1886
1280	1965
1280	1913
1280	1971
1280	1925
1280	2048
1280	1922
1280	1934
1280	1934
1280	1831
1280	1939
1280	1971
1280	1774
1280	1989
1261	1833
1261	1748
1261	1857
1261	1943
1261	1965
1261	1787
1261	1927
1261	1865
1261	1873
1261	1867
1261	1896
1261	1981
1261	1981
1261	1805
1261	1855
1261	1872
1261	1902
1261	1957
1261	1874
1261	1871
1261	1901
1261	1881
1261	1958
1261	1860
1261	1817
1261	1796
1261	1743
1261	1797
1261	1698
1261	1722
1261	1796
1261	1705
1261	1895
1261	1883
1261	1866
1261	1908
1261	1814
1261	1725
1261	1730
1261	1741
1259	1900
1259	1804
1259	1979
1259	1738
1259	1821
1259	1803
1259	1770
1259	1853
1259	1771
1259	1796
1259	1822
1259	1726
1259	1663
1259	1645
1259	1655
1259	1674
1259	1708
1259	1859
1259	1779
1259	1846
1259	1834
1259	1836

melhor e media

1396	2786
1396	2173
1356	1803
1356	1815
1356	1885
1347	1819
1347	1858
1347	1806
1347	1850
1347	1840
1280	1816
1280	1816
1280	1843
1280	1915
1280	1737
1280	1888
1280	1992
1280	1906
1280	1766
1280	1773
1280	1732
1280	1811
1280	1887
1280	1811
1280	1806
1280	1923
1280	1843
1280	1860
1280	1822
1280	1835
1280	1856
1280	1908
1280	1815
1280	1902
1280	1861
1280	1902
1280	1832
1280	1843
1280	1815
1280	1728
1280	1786
1280	1767
1280	1896
1280	1729
1280	1748
1280	1724
1280	1827
1280	1696
1280	1799
1280	1809
1280	1792
1280	1715
1280	1733
1280	1810
1280	1735
1271	1856
1271	1950
1271	1886
1271	1925
1271	1889
1271	1870
1271	1889
1271	1837
1271	1843
1271	1862
1271	1917
1271	1907
1271	1778
1261	1827
1261	1873
1261	1802
1261	1859
1261	1874
1261	1886
1261	1839
1261	1795
1261	1789
1261	1724
1261	1912
1261	1798
1261	1750
1261	1710
1261	1890
1261	1838
1261	1820
1261	1772
1261	1907
1261	1881
1261	1970
1261	1844
1261	1764
1261	1884
1261	1961
1261	2021
1261	1776
1261	1863
1261	1787
1261	1797
1261	1857
1261	1748

melhor e media

1501	2868
1394	2246
1357	1858
1347	1931
1336	1894
1292	1743
1252	1628
1252	1626
1252	1723
1252	1789
1252	1903
1252	1693
1252	1824
1252	1918
1252	1956
1252	1882
1252	1843
1252	1721
1252	1721
1252	1772
1252	1740
1252	1958
1252	1837
1252	1907
1252	1752
1252	1799
1252	1719
1252	1746
1252	1907
1252	1812
1252	1739
1252	1767
1252	1812
1252	1753
1252	1811
1252	1743
1252	2006
1252	1863
1252	1799
1252	1820
1252	1887
1252	1745
1252	1756
1252	1716
1252	1713
1252	1749
1252	1687
1252	1812
1252	1798
1252	1809
1252	1802
1252	1814
1252	1879
1252	1709
1252	1935
1252	1797
1252	1797
1250	1887
1250	1715
1250	1653
1250	1781
1250	1731
1250	1742
1250	1783
1250	1715
1250	1791
1250	1807
1250	1742
1250	1748
1250	1778
1250	1809
1250	1836
1250	1932
1250	1706
1250	1764
1250	1798
1250	1890
1250	1829
1250	1889
1250	1757
1250	1698
1250	1706
1250	1776
1250	1657
1250	1894
1250	1813
1250	1972
1250	1874
1250	1798
1250	1834
1250	1964
1250	1870
1250	1911
1250	1711
1250	1786
1250	1602
1250	1835
1250	1831
1250	1845
1250	1761

melhor e media

1655	2915
1418	2178
1302	1840
1302	1949
1294	1794
1294	1806
1294	1672
1294	1725
1294	1761
1294	1819
1294	1695
1294	1725
1294	1733
1279	1751
1279	1808
1279	1872
1279	1844
1279	1799
1279	1930
1279	1954
1279	1827
1279	1827
1279	1717
1279	1817
1279	2013
1279	1896
1279	1789
1279	1707
1279	1791
1279	1846
1279	1746
1279	1762
1279	1970
1279	1930
1279	1851
1279	1757
1279	1784
1279	1814
1279	1828
1279	1820
1279	1742
1279	1852
1279	1819
1279	1830
1279	1747
1279	1877
1279	1734
1279	1761
1279	1911
1279	1784
1279	1696
1279	1865
1279	1912
1279	1893
1279	1912
1279	1826
1279	1936
1279	1926
1279	1849
1279	1932
1279	1849
1279	1872
1279	1782
1279	1772
1279	1927
1279	1780
1279	1749
1279	1774
1257	1909
1257	1742
1257	1707
1257	1771
1257	1940
1257	2036
1257	1800
1257	1799
1257	1919
1257	1921
1257	1886
1257	1918
1257	1734
1257	1789
1257	1831
1257	1794
1257	1729
1257	1648
1257	1774
1257	1678
1257	1789
1257	1776
1257	1776
1257	1776
1257	1916
1257	1745
1257	1759
1257	1769
1257	1832
1257	1782
1257	1703
1257	1721

melhor e media

1732	3006
1328	2335
1328	1913
1293	1917
1293	1811
1293	1823
1291	1770
1291	1797
1291	1829
1291	1790
1291	1816
1291	1812
1291	1788
1291	1753
1291	1777
1291	1869
1291	1780
1291	1794
1291	1854
1291	1952
1291	1662
1291	1712
1291	1910
1291	1899
1291	1788
1291	1779
1284	1973
1284	1780
1284	1726
1284	1712
1284	1676
1275	1694
1275	1799
1275	1692
1275	1718
1275	1859
1275	1789
1275	1751
1275	1701
1275	1772
1275	1801
1275	1868
1275	1841
1275	1662
1275	1876
1275	1719
1275	1676
1275	1745
1275	1769
1275	1665
1275	1849
1275	1758
1275	1875
1275	1840
1275	1901
1275	1768
1275	1830
1275	1778
1275	1649
1275	1771
1275	1814
1275	1844
1275	1740
1275	1872
1275	1720
1270	1878
1270	1771
1270	1829
1270	1785
1255	1666
1255	1814
1255	1865
1255	1884
1255	1963
1255	1746
1255	1768
1255	1939
1255	1836
1255	1927
1255	1767
1255	1859
1255	1944
1255	1886
1255	1849
1255	1831
1255	1969
1255	1970
1255	1734
1255	1844
1255	1870
1255	1988
1255	1825
1255	2009
1255	1890
1255	1806
1255	1912
1250	1906
1250	1894
1250	1809
1250	1871

melhor e media

1355	2922
1316	2087
1316	1940
1316	1777
1306	1815
1303	1879
1303	1681
1303	1927
1274	1759
1273	1723
1273	1736
1273	1791
1273	1731
1273	1692
1273	1685
1273	1660
1259	1671
1259	1777
1259	1909
1259	2044
1259	1953
1259	1894
1259	1736
1259	1780
1259	1944
1259	1903
1257	1844
1257	1937
1257	1810
1257	1798
1257	1864
1257	1904
1257	1792
1257	1884
1257	1751
1257	1839
1257	1919
1257	1714
1257	1811
1257	1727
1257	1740
1257	1775
1257	1786
1257	1925
1257	1760
1257	1795
1257	1730
1257	1817
1257	1758
1257	1642
1257	1748
1257	1939
1257	2013
1257	1932
1257	1801
1257	1804
1257	1668
1257	1883
1257	1828
1257	1797
1257	1836
1257	1875
1257	1836
1257	1807
1257	1902
1257	1872
1257	1781
1257	1784
1257	1871
1257	1728
1257	1851
1257	1702
1257	1730
1257	1754
1257	1826
1257	1874
1257	1863
1257	1822
1257	1717
1257	1634
1257	1839
1257	1780
1257	1833
1257	1795
1257	1825
1257	1736
1257	1776
1257	1701
1257	1774
1257	1889
1257	1745
1257	1760
1257	1826
1257	1756
1257	1899
1257	1950
1257	1829
1257	1955
1257	1836
1257	1779

melhor e media

1544	2753
1415	2071
1294	1913
1294	1842
1294	1886
1294	1674
1294	1630
1294	1659
1294	1837
1294	1792
1294	1832
1294	1811
1286	1755
1259	1681
1250	1668
1250	1636
1250	1796
1250	1709
1250	1781
1250	1740
1250	1769
1250	1732
1250	1651
1250	1651
1250	1639
1250	1676
1250	1749
1250	1712
1250	1759
1250	1864
1250	1781
1250	1786
1250	1711
1250	1680
1250	1720
1250	1760
1250	1799
1250	1924
1250	1784
1250	1771
1250	1756
1250	1786
1250	1810
1250	1690
1250	1783
1250	1723
1250	1679
1250	1816
1250	1751
1250	1645
1250	1675
1250	1790
1250	1826
1250	1699
1250	1622
1250	1694
1250	1668
1250	1691
1250	1823
1250	1755
1250	1746
1250	1648
1250	1640
1250	1865
1250	1847
1250	1880
1250	1749
1250	1735
1250	1679
1250	1636
1250	1801
1250	1684
1250	1710
1250	1674
1250	1770
1250	1631
1250	1739
1250	1715
1250	1864
1250	1815
1250	1710
1250	1702
1250	1741
1250	1681
1250	1723
1250	1692
1250	1845
1250	1756
1250	1837
1250	1846
1250	1834
1250	1732
1250	1730
1250	1825
1250	1869
1250	1829
1250	1768
1250	1833
1250	1850
1250	1742

melhor e media

1483	2942
1322	2251
1303	1941
1303	1827
1291	1772
1278	1702
1278	1658
1268	1754
1268	1795
1268	1764
1268	1740
1268	1891
1268	1788
1268	1776
1268	1793
1268	1747
1268	1822
1268	1872
1268	1929
1268	1782
1268	1689
1268	1787
1268	1957
1268	1908
1268	1950
1268	1963
1268	1974
1268	1922
1268	1834
1268	1748
1268	1850
1268	1761
1268	1774
1268	1916
1268	1805
1268	1811
1268	1857
1268	1773
1268	1754
1268	1905
1268	1833
1268	1753
1268	1803
1268	1816
1266	1840
1266	1812
1266	1726
1266	1744
1266	1886
1266	1742
1245	1884
1245	1721
1245	2054
1245	1921
1245	1835
1245	1935
1245	1670
1245	1824
1245	1895
1245	1696
1245	1713
1245	1801
1245	1794
1245	1752
1245	1830
1245	1786
1245	1761
1245	1877
1245	1816
1245	1770
1245	1794
1245	1919
1245	1888
1245	1863
1245	1871
1245	1909
1245	1629
1245	1703
1245	1753
1245	1897
1245	1968
1245	1849
1245	1746
1245	1717
1245	1807
1245	1784
1245	1922
1245	1760
1245	1831
1245	1763
1245	1801
1245	1890
1245	2047
1245	1970
1245	1884
1245	1834
1245	1783
1245	1834
1245	1883
1245	1804

melhor e media

1449	2714
1375	2238
1324	2076
1316	1846
1307	1682
1299	1836
1299	1905
1299	1740
1299	1975
1299	1823
1299	1935
1299	1890
1297	1953
1297	1806
1297	1636
1297	1604
1297	1781
1297	1748
1297	1838
1297	1814
1297	1857
1297	1831
1273	1752
1273	1804
1273	1811
1273	1859
1273	1943
1273	1823
1273	1760
1273	1880
1273	1813
1273	1864
1273	1744
1273	1744
1273	1817
1273	1686
1273	1782
1273	1746
1273	1785
1273	1718
1273	1688
1257	1703
1257	1757
1257	1740
1257	1766
1257	1845
1257	1847
1257	1921
1257	1712
1257	1698
1257	1920
1257	1735
1257	1696
1257	1847
1257	1835
1257	1772
1257	1795
1257	1777
1257	1764
1257	1802
1257	1698
1257	1764
1257	1843
1257	1786
1257	1835
1257	1765
1257	1721
1257	1804
1257	1753
1257	1751
1257	1857
1257	1817
1257	1833
1257	1825
1257	1752
1257	1681
1257	1746
1257	1792
1257	1864
1257	1910
1257	1714
1257	1780
1257	1817
1257	1768
1257	1789
1257	1812
1257	1778
1257	1885
1257	1808
1257	1771
1257	1762
1257	1757
1257	1858
1257	1807
1257	1769
1257	1865
1257	1721
1257	1902
1257	1759
1257	1849

melhor e media

1446	2834
1446	2368
1319	2229
1319	2056
1319	1933
1319	1947
1319	1959
1319	1903
1319	1948
1319	2023
1319	1932
1319	2070
1319	1943
1319	1944
1319	1860
1319	1827
1319	2009
1319	1911
1313	1990
1313	2005
1308	1967
1302	1918
1302	1706
1302	1846
1302	1891
1302	1859
1301	1736
1301	1768
1301	1795
1290	1735
1290	1888
1290	1719
1290	1896
1290	1804
1290	1731
1290	1798
1290	1789
1290	1793
1290	1716
1290	1706
1246	1783
1246	1865
1246	1888
1246	1908
1246	1858
1246	1839
1246	1906
1246	1932
1246	1947
1246	1966
1246	1915
1246	2006
1246	1904
1246	1932
1246	1876
1246	1799
1246	1835
1246	1784
1246	1828
1246	1889
1246	2056
1246	2006
1246	1835
1246	1862
1246	1829
1246	1905
1246	1877
1246	1876
1246	1755
1246	1926
1246	1939
1246	2027
1246	1867
1246	1894
1246	1928
1246	1976
1246	1926
1246	1726
1246	1831
1246	2050
1246	2013
1246	1871
1246	1800
1246	1853
1246	1752
1246	1834
1246	1850
1246	1746
1246	1898
1246	1908
1246	1676
1246	1859
1246	1862
1246	1861
1246	1848
1246	1763
1246	1838
1246	1859
1246	1838
1246	1777

melhor e media

1387	2774
1332	2028
1278	1903
1278	1938
1278	1757
1278	1788
1252	1748
1252	1740
1252	1692
1252	1725
1252	1674
1252	1862
1252	1642
1252	1745
1252	1773
1252	1755
1252	1692
1252	1835
1252	1751
1252	1882
1252	1874
1252	1765
1252	1717
1252	1658
1252	1813
1252	1688
1252	1869
1252	1779
1252	1795
1252	1798
1252	1704
1252	1685
1252	1636
1252	1863
1252	1667
1252	1822
1252	1760
1252	1927
1252	1790
1252	1864
1252	1802
1252	1742
1252	1881
1252	1723
1252	1824
1252	1811
1252	1800
1252	1839
1252	1739
1252	1707
1252	1722
1252	1599
1252	1819
1252	1814
1252	1714
1252	1717
1252	1741
1252	1862
1252	1789
1252	1814
1252	1721
1252	1791
1252	1802
1252	1742
1252	1660
1252	1782
1252	1794
1252	1721
1252	1687
1252	1691
1252	1715
1252	1602
1252	1707
1252	1680
1252	1579
1252	1826
1252	1653
1252	1643
1252	1797
1252	1776
1252	1735
1252	1707
1252	1734
1252	1738
1252	1681
1252	1748
1252	1680
1252	1701
1252	1833
1252	1879
1252	1758
1252	1703
1252	1967
1252	1898
1252	1808
1252	1784
1252	1778
1252	1709
1252	1871
1252	1702

melhor e media

1478	2877
1406	2085
1361	2067
1341	1833
1341	1817
1299	1748
1299	1842
1291	1707
1291	1716
1291	1779
1291	1882
1291	1714
1291	1810
1289	2003
1289	1918
1289	1788
1289	1931
1289	1816
1289	1810
1289	1816
1289	1848
1277	1835
1277	1846
1277	1718
1277	1841
1277	1876
1277	1782
1277	1832
1277	1725
1277	1742
1277	1789
1277	1779
1275	1865
1275	1732
1275	1739
1275	1802
1275	1804
1275	1792
1275	1705
1275	1800
1275	1696
1275	1860
1275	1694
1275	1621
1252	1689
1252	1899
1252	1822
1252	1783
1252	1873
1252	1766
1252	1763
1252	1812
1252	1697
1252	1799
1252	1775
1252	1664
1252	1688
1252	1784
1252	1702
1252	1844
1252	1824
1252	1685
1252	1682
1252	1723
1252	1580
1252	1718
1252	1727
1252	1844
1252	1826
1252	1657
1252	1695
1252	1634
1252	1748
1252	1766
1252	1723
1252	1882
1252	1740
1252	1790
1252	1813
1252	1810
1252	1760
1252	1768
1252	1711
1252	1803
1252	1734
1252	1846
1252	1857
1252	1624
1252	1780
1252	1736
1252	1697
1252	1695
1252	1678
1252	1741
1252	1757
1252	1718
1252	1668
1252	1665
1252	1775
1252	1758

melhor e media

1552	2820
1345	2055
1345	1841
1296	1873
1296	1741
1296	1792
1296	1879
1296	1882
1296	1808
1296	1873
1296	1881
1296	1878
1278	1843
1278	1846
1278	1740
1278	1816
1278	1759
1278	1856
1278	1863
1271	1801
1271	1765
1271	1773
1271	1791
1271	1803
1271	1752
1271	1786
1271	1853
1271	1691
1271	1806
1271	1769
1271	1750
1271	1765
1271	1790
1266	1871
1266	1848
1266	1900
1266	1729
1266	1900
1266	1777
1252	1752
1252	1771
1252	1853
1252	1818
1252	1845
1252	1769
1252	1713
1252	1821
1252	1727
1252	1819
1252	1866
1252	1934
1252	1807
1252	1825
1252	1693
1252	1851
1252	1819
1252	1839
1252	1872
1252	1834
1252	1907
1252	1812
1252	1832
1252	1693
1252	1750
1252	1795
1252	1773
1252	1850
1252	1847
1252	1782
1252	1758
1252	1768
1252	1763
1252	1754
1250	1731
1250	1756
1250	1807
1250	1826
1250	1746
1250	1705
1250	1834
1250	1813
1250	1849
1250	1762
1250	1847
1250	1852
1250	1847
1250	1823
1250	1769
1250	1758
1250	1789
1250	1833
1250	1745
1250	1769
1250	1856
1250	1782
1250	1818
1250	1868
1250	1719
1250	1833
1250	1870

melhor e media

1593	2956
1408	2381
1341	2009
1301	1826
1301	1880
1301	1925
1301	1969
1286	1925
1286	1895
1286	1937
1286	1954
1286	1871
1286	1829
1286	1886
1286	1974
1286	1937
1286	1882
1286	1879
1286	1907
1286	1843
1270	1896
1270	1864
1270	1805
1270	1779
1270	1726
1270	1887
1270	1758
1270	1849
1270	1936
1270	1887
1270	1835
1270	1820
1270	1870
1270	1792
1270	1798
1270	1798
1270	1844
1270	1752
1270	1789
1270	1919
1270	1823
1270	1791
1270	1746
1270	1885
1270	1840
1270	1834
1270	1736
1270	1848
1270	1811
1270	1733
1270	1765
1270	1870
1270	1818
1270	1883
1270	1894
1270	1774
1266	1804
1266	1831
1266	1742
1266	1773
1266	1817
1266	1894
1266	1875
1266	1796
1266	1793
1266	1782
1266	1700
1266	1714
1266	1728
1266	1928
1266	2032
1266	1789
1266	1766
1266	1730
1266	1693
1266	1726
1266	1720
1266	1749
1266	1621
1266	1768
1266	1869
1266	1806
1266	1819
1266	1738
1266	1761
1266	1667
1266	1749
1266	1793
1266	1672
1266	1730
1266	1792
1266	1883
1266	1793
1266	1747
1266	1741
1266	1838
1266	1746
1266	1679
1266	1743
1266	1920

melhor e media

1473	2656
1330	2118
1319	1754
1314	1765
1311	1734
1311	1784
1291	1854
1291	1806
1291	1854
1291	1766
1291	1772
1288	1797
1288	1878
1288	1844
1279	1822
1279	1890
1279	1755
1279	1800
1279	1808
1279	1900
1279	1821
1279	1835
1279	1967
1279	1821
1279	1971
1279	1902
1279	1839
1279	1886
1279	1820
1279	1788
1279	1723
1279	1756
1279	1792
1279	1771
1279	1847
1279	1752
1279	1783
1279	1741
1279	1754
1279	1919
1279	1848
1279	1740
1278	1791
1278	1833
1278	1805
1278	1807
1278	1821
1278	1967
1278	1802
1276	1775
1276	1799
1276	1731
1276	1832
1276	1887
1276	1860
1276	1755
1276	1830
1276	1832
1276	1750
1276	1880
1276	1900
1276	1804
1276	1827
1276	1942
1276	1803
1276	1810
1276	1924
1276	1837
1276	1744
1276	1779
1276	1951
1276	1797
1276	1924
1276	1859
1276	1809
1276	1785
1276	1729
1276	1830
1276	1931
1276	1875
1276	1789
1276	1767
1276	1806
1276	1846
1276	1857
1276	1882
1276	1700
1276	1736
1276	1827
1276	1784
1276	1782
1276	1982
1276	1948
1276	1845
1276	1880
1276	1924
1276	1816
1276	1928
1276	1850
1276	1795

melhor e media

1448	2708
1324	2071
1324	1796
1324	1772
1306	1945
1306	1887
1306	1817
1306	1881
1306	1782
1306	1888
1306	1830
1306	1811
1306	1876
1306	1887
1306	1863
1306	1908
1306	1758
1306	1760
1299	1839
1299	1866
1299	1690
1299	1807
1299	1761
1299	1861
1299	1829
1299	1818
1299	1771
1299	1949
1299	1793
1299	1745
1299	1761
1299	1809
1299	1630
1274	1784
1274	1748
1274	1693
1274	1855
1274	1697
1274	1756
1274	1774
1274	1751
1274	1815
1274	1831
1274	1868
1274	1706
1274	1782
1274	1812
1274	1878
1274	1720
1274	1852
1274	1876
1274	1794
1274	1762
1274	1799
1274	1766
1274	1702
1274	1802
1274	1900
1274	1914
1274	1826
1274	1831
1274	1973
1274	1835
1274	1748
1274	1703
1274	1673
1274	1735
1274	1758
1274	1816
1269	1805
1269	1806
1269	1801
1269	1754
1269	1974
1269	1842
1269	1967
1269	1982
1269	1812
1269	1703
1269	1661
1269	1781
1269	1844
1269	1821
1269	1710
1269	1737
1269	1735
1269	1699
1269	1967
1269	1866
1269	1825
1269	1817
1269	1790
1269	1756
1269	1769
1269	1910
1269	1882
1269	1883
1269	1938
1269	1775
1269	1836

melhor e media

1417	2783
1328	2019
1324	1931
1296	1987
1296	1781
1296	1813
1275	1778
1275	1931
1275	1959
1275	1830
1275	1757
1275	1737
1275	1742
1275	1719
1275	1777
1275	1908
1275	1866
1275	1740
1275	1708
1275	1806
1275	1918
1275	1824
1275	1741
1275	1894
1275	1909
1275	1863
1275	1825
1275	1731
1275	1847
1275	1920
1275	1821
1275	1946
1275	1886
1275	1768
1275	1666
1275	1842
1275	1827
1275	1861
1275	1925
1275	1890
1275	1840
1275	1803
1275	1701
1275	1743
1275	1808
1275	1750
1275	1772
1275	1880
1275	1877
1275	1779
1275	1764
1275	1741
1275	1848
1275	1723
1275	1791
1275	1827
1275	1773
1275	1952
1275	1822
1275	1778
1275	1802
1275	1780
1275	1927
1275	1840
1275	1756
1275	2003
1275	1815
1275	1791
1275	1729
1275	1667
1275	1787
1275	1749
1275	1901
1275	1847
1275	1819
1275	1879
1275	1827
1275	2002
1275	1745
1275	1672
1275	1833
1275	1764
1275	1706
1275	1804
1275	1798
1275	1853
1275	1659
1275	1788
1275	1782
1275	1914
1275	1877
1275	1803
1275	1988
1275	1792
1275	1724
1275	1896
1275	1881
1275	1958
1275	1848
1275	1810

melhor e media

1294	2805
1294	2230
1294	1978
1294	1848
1294	1949
1280	1739
1280	1744
1280	1736
1280	1923
1280	1882
1280	1727
1280	1804
1279	1842
1279	1905
1279	1825
1279	1862
1279	1931
1252	1836
1252	1859
1252	1827
1252	1855
1252	1795
1252	1915
1252	1872
1252	1979
1252	1831
1252	1843
1252	1788
1252	1893
1252	1762
1252	1870
1252	1935
1252	1925
1252	1806
1252	1820
1252	1903
1252	1973
1252	1967
1252	1960
1252	1957
1252	1981
1252	1887
1252	1760
1252	1810
1252	1939
1252	1815
1252	1757
1252	1711
1252	1762
1252	1751
1252	1849
1252	1825
1252	1850
1252	1789
1252	1846
1252	1727
1252	1764
1252	1871
1252	1993
1252	1848
1252	1990
1252	1851
1252	1748
1252	1810
1252	1816
1252	1859
1252	1871
1252	1878
1252	1803
1252	1891
1252	1810
1252	1770
1252	1820
1252	1772
1252	1868
1252	1855
1252	1916
1252	1812
1252	1860
1252	1839
1252	1755
1252	1796
1252	1795
1252	1852
1252	1823
1252	1751
1252	1897
1252	1893
1252	1861
1252	1866
1252	1917
1252	1785
1252	1797
1252	1719
1252	1784
1252	1825
1252	1784
1252	1916
1252	1754
1252	1795

melhor e media

1473	2802
1396	2186
1362	2002
1307	1835
1307	1905
1307	1880
1284	1914
1279	1895
1279	2076
1279	2070
1279	1857
1279	1941
1279	1828
1279	2005
1279	2034
1266	2027
1266	1916
1266	1856
1266	1999
1266	2042
1266	1917
1266	1757
1266	1855
1266	1764
1266	1978
1266	2007
1266	1836
1266	1876
1266	1933
1266	1980
1266	1981
1266	1914
1266	1895
1266	1855
1266	1999
1266	1822
1266	1858
1266	1983
1266	1993
1266	2086
1266	1991
1266	1927
1266	1846
1266	1847
1266	1925
1266	1899
1266	1903
1266	1904
1266	1909
1266	1839
1266	1833
1266	1858
1266	1831
1266	1874
1266	1990
1266	1987
1266	1932
1266	1899
1266	1820
1266	2004
1266	1824
1266	1965
1266	2034
1266	1858
1266	1890
1266	1905
1266	1940
1266	2006
1266	1874
1266	1779
1266	1940
1266	1858
1266	1807
1266	1819
1266	1840
1266	1713
1266	1800
1266	1860
1266	1909
1266	1839
1266	1777
1266	1785
1266	1825
1266	1906
1266	1886
1266	1856
1266	1967
1266	1871
1266	1987
1266	1882
1266	1903
1266	1957
1266	2025
1266	1784
1266	1872
1266	1829
1266	1863
1266	1837
1266	1816
1266	1847

melhor e media

1400	2805
1298	2220
1298	1949
1298	2027
1298	1888
1278	1772
1278	1882
1278	1788
1278	1835
1278	1849
1278	1935
1278	1832
1278	1807
1278	1890
1278	1821
1278	1858
1278	1835
1278	1751
1278	1904
1278	1975
1278	1876
1278	1812
1278	1936
1278	1813
1276	1738
1276	1771
1276	1821
1276	1783
1276	1828
1276	1867
1276	1749
1276	1803
1276	1910
1276	1819
1276	1745
1276	1824
1276	1892
1276	1860
1276	1856
1276	1866
1276	1895
1276	1817
1276	1861
1276	1782
1276	1784
1276	1843
1276	1913
1276	1811
1276	1889
1276	1782
1276	1738
1271	1740
1271	1688
1271	1849
1271	1780
1271	1752
1271	1812
1271	1855
1271	1826
1271	1784
1271	1982
1271	1784
1271	1779
1271	1893
1271	1825
1271	1845
1271	1931
1271	1864
1271	1839
1271	1702
1271	1789
1271	1850
1271	1952
1271	1807
1271	1873
1271	1760
1271	1757
1271	1760
1271	1779
1271	1830
1271	1807
1271	1792
1271	1750
1271	1963
1266	1885
1266	1924
1266	1783
1266	1767
1266	1846
1266	1864
1266	1786
1266	1725
1266	1781
1266	1783
1266	1842
1266	1744
1266	1766
1266	1789
1266	1919
1266	1763

melhor e media

1518	2961
1499	2255
1351	1959
1331	1868
1331	1874
1331	1666
1300	1840
1290	1842
1278	1856
1278	1976
1278	2078
1278	1960
1278	1912
1278	1928
1278	1843
1278	1889
1278	1931
1278	1798
1278	1944
1278	2003
1278	1979
1278	1954
1278	1956
1278	1971
1278	2103
1278	1933
1278	1935
1278	2031
1278	2093
1278	2052
1278	2009
1278	1981
1278	1950
1278	1896
1278	1866
1278	1941
1278	1961
1278	1929
1278	1820
1278	2110
1278	1983
1278	2124
1278	2190
1278	1943
1278	1948
1278	2020
1278	2065
1278	2015
1278	1951
1278	1973
1278	2030
1278	1854
1278	1884
1278	1938
1278	1923
1278	2031
1278	2011
1278	2101
1278	2052
1278	1968
1278	1902
1278	1898
1278	1896
1278	1937
1278	1983
1278	1904
1278	1876
1266	1899
1266	1951
1266	2008
1266	1961
1266	1865
1266	1983
1266	2033
1266	1939
1266	1993
1266	1999
1266	2057
1266	1834
1266	2036
1266	1952
1266	1929
1266	1754
1266	1921
1266	1806
1266	1899
1266	1873
1266	1995
1266	1839
1266	2066
1266	2021
1266	1850
1266	1809
1266	1945
1266	2002
1266	1959
1266	1920
1266	1852
1266	1876
1243	1935

melhor e media

1383	2969
1331	2032
1275	1871
1275	1968
1275	1900
1275	1748
1275	1643
1275	1717
1275	1734
1269	1727
1269	1671
1269	1781
1269	1743
1269	1774
1269	1785
1269	1780
1269	1857
1269	1762
1269	1743
1269	1743
1269	1757
1269	1681
1269	1683
1269	1802
1269	1738
1269	1716
1269	1753
1269	1686
1266	1736
1266	1820
1266	1838
1266	1896
1266	1810
1266	1900
1266	1979
1266	1771
1266	1769
1266	1736
1266	1852
1266	1835
1266	1857
1266	1960
1266	1832
1266	1862
1256	1884
1256	1760
1256	1945
1256	1848
1256	1804
1256	1809
1256	1780
1256	1858
1256	1788
1256	1865
1256	1817
1256	1792
1256	1876
1256	1764
1256	1773
1256	1743
1256	1824
1256	1795
1256	1816
1256	1798
1256	1754
1256	1844
1256	1808
1256	1922
1256	1805
1256	1658
1256	1719
1256	1720
1256	1953
1256	1832
1256	1742
1256	1917
1256	1956
1256	1826
1256	1731
1256	1795
1256	1733
1256	1681
1256	1697
1256	1827
1256	1902
1256	1842
1256	1828
1256	1724
1256	1853
1256	1773
1256	1766
1256	1741
1256	1810
1256	1822
1256	1816
1256	1694
1256	1831
1256	1709
1256	1779
1256	1812

melhor e media

1455	3001
1399	2493
1373	2343
1322	2155
1322	1796
1308	1696
1308	1746
1308	1842
1308	1850
1308	1840
1308	1979
1301	1774
1301	1724
1301	1740
1301	1784
1301	1943
1301	1862
1291	1688
1291	1861
1291	1835
1291	1844
1291	1750
1291	1718
1291	1850
1282	1712
1282	1763
1282	1663
1282	1693
1282	1719
1282	1760
1282	1817
1282	1729
1282	1716
1282	1798
1282	1772
1282	1822
1282	1692
1282	1778
1282	1702
1282	1722
1282	1841
1282	1827
1282	1735
1282	1749
1282	1676
1282	1698
1282	1799
1282	1752
1282	1782
1282	1773
1282	1647
1282	1737
1282	1795
1282	1854
1282	1769
1282	1787
1282	1755
1282	1681
1282	1806
1282	1755
1282	1739
1282	1751
1282	1778
1282	1789
1282	1827
1282	1739
1282	1764
1282	1807
1282	1823
1282	1740
1268	1860
1252	1867
1252	1886
1252	1817
1252	1760
1252	1774
1252	1850
1252	1761
1252	1793
1252	1619
1252	1744
1252	1697
1252	1664
1252	1753
1252	1827
1252	1724
1252	1654
1252	1655
1252	1827
1252	1848
1252	1668
1252	1713
1252	1914
1252	1753
1252	1664
1252	1740
1252	1762
1252	1896
1252	1778
1252	1618

