melhor e media

858	1439
858	1210
858	1501
858	1602
858	1569
858	1538
858	1543
858	1467
858	1484
858	1469
858	1499
858	1500
858	1525
858	1494
858	1433
858	1425
858	1456
858	1490
858	1463
858	1439
858	1438
858	1521
858	1552
858	1493
858	1524
858	1447
858	1530
858	1481
858	1461
858	1454
858	1464
858	1480
858	1547
858	1524
858	1560
858	1536
858	1541
858	1456
858	1483
858	1523
858	1496
858	1473
858	1450
858	1529
858	1474
858	1434
858	1367
858	1466
858	1387
858	1364

melhor e media

886	1389
886	1231
886	1107
886	987
886	980
886	1051
886	1049
886	1016
886	1039
886	1066
886	1035
886	1075
886	1055
886	1080
886	1044
886	1049
886	1072
886	1071
886	1089
886	1100
886	1110
886	1079
886	1100
886	1085
886	1106
886	1089
886	1077
886	1067
886	1068
886	1040
886	1050
886	1047
886	1062
886	1113
886	1068
886	1124
886	1078
886	1067
886	1116
886	1105
886	1146
886	1132
886	1087
886	1057
886	1108
886	1114
886	1072
886	1101
886	1085
886	1120

melhor e media

914	1365
886	1223
886	1199
886	1116
886	1121
886	1121
886	1141
886	1139
886	1144
886	1207
886	1217
886	1198
886	1167
886	1183
886	1210
886	1182
886	1170
886	1143
886	1171
886	1154
886	1146
886	1170
886	1097
886	1097
886	1096
886	1136
886	1102
886	1086
886	1057
886	1050
886	1092
886	1132
886	1082
886	1121
886	1212
886	1141
886	1094
886	1150
886	1114
886	1092
886	1139
886	1168
886	1158
886	1143
886	1142
886	1161
886	1183
886	1157
886	1136
886	1116

melhor e media

966	1493
886	1316
886	1169
886	1106
886	1086
886	1100
886	1115
886	1073
886	1056
886	1104
886	1085
886	1071
886	1026
886	1032
886	1089
886	1097
886	1088
886	1045
886	1052
886	1053
886	1093
886	1111
886	1062
886	1050
886	1065
886	1060
886	1064
886	1023
886	1062
886	1015
886	1026
886	1020
886	1032
886	1034
886	1106
886	1064
886	1055
886	1072
886	1132
886	1093
886	1116
886	1107
886	1077
886	1054
886	1078
886	1070
886	1115
886	1089
886	1058
886	1079

melhor e media

896	1498
896	1336
886	1096
886	1020
886	1012
886	992
886	990
886	1026
886	1033
886	1066
886	1020
886	1031
886	1055
886	1051
886	1030
886	1078
886	1062
886	1029
886	1118
886	1083
886	1084
886	1077
886	1084
886	1060
886	1055
886	1077
886	1083
886	1101
886	1067
886	1080
886	1043
886	1077
886	1073
886	1063
886	1075
886	1046
886	1049
886	1085
886	1047
886	1048
886	1038
886	1066
886	1042
886	1037
886	1040
886	1089
886	1171
886	1135
886	1084
886	1102

melhor e media

994	1462
886	1330
886	1119
886	1055
886	1105
886	985
886	1013
886	997
886	1000
886	969
886	999
886	966
886	997
886	1019
886	1026
886	977
886	1073
886	1092
886	1056
886	1097
886	1085
886	1088
886	1089
886	1029
886	1022
886	1034
886	1030
886	1045
886	1024
886	1024
886	998
886	1028
886	1074
886	1017
886	1100
886	1039
886	1076
886	1072
886	1070
886	1036
886	1047
886	1045
886	1027
886	1085
886	1100
886	1067
886	1067
886	1078
886	1073
886	1107

melhor e media

942	1439
922	1230
886	1120
886	1071
886	1075
886	1112
886	1102
886	1044
886	1051
886	1092
886	1016
886	1045
886	1014
886	1028
886	1009
886	1038
886	1042
886	1074
886	1105
886	1042
886	1067
886	1056
886	1060
886	1055
886	1098
886	1044
886	1053
886	1029
886	1026
886	1042
886	1021
886	1040
886	1054
886	1064
886	1075
886	1060
886	1058
886	1053
886	1035
886	1064
886	1048
886	1064
886	1043
886	1060
886	1076
886	1104
886	1092
886	1052
886	1051
886	1021

melhor e media

886	1326
886	1223
886	1159
886	1116
886	1096
886	1125
886	1110
886	1186
886	1089
886	1122
886	1122
886	1126
886	1113
886	1118
886	1151
886	1118
886	1106
886	1099
886	1090
886	1055
886	1049
886	1118
886	1124
886	1116
886	1074
886	1048
886	1069
886	1071
886	1036
886	1058
886	1137
886	1088
886	1157
886	1140
886	1089
886	1069
886	1047
886	1068
886	1073
886	1072
886	1097
886	1099
886	1083
886	1068
886	1102
886	1046
886	1079
886	1060
886	1093
886	1063

melhor e media

942	1361
886	1176
886	1193
886	1152
886	1044
886	1032
886	1028
886	1048
886	1045
886	1053
886	1099
886	1115
886	1059
886	1031
886	1083
886	1184
886	1074
886	1047
886	1049
886	1025
886	1060
886	1120
886	1098
886	1054
886	1048
886	1063
886	1076
886	1116
886	1087
886	1060
886	1110
886	1111
886	1089
886	1139
886	1138
886	1098
886	1131
886	1062
886	1087
886	1072
886	1094
886	1071
886	1060
886	1092
886	1091
886	1068
886	1092
886	1101
886	1088
886	1081

melhor e media

974	1484
942	1240
886	1248
886	1080
886	1041
886	1057
886	1069
886	1032
886	1085
886	1105
886	1104
886	1062
886	1062
886	1080
886	1103
886	1102
886	1080
886	1090
886	1095
886	1113
886	1077
886	1067
886	1123
886	1129
886	1058
886	1103
886	1106
886	1128
886	1070
886	1012
886	1053
886	1030
886	1073
886	1079
886	1133
886	1108
886	1076
886	1084
886	1060
886	1154
886	1072
886	1108
886	1099
886	1068
886	1073
886	1097
886	1101
886	1028
886	1082
886	1096

melhor e media

886	1441
886	1216
886	1113
886	1073
886	1048
886	1102
886	1067
886	1061
886	1094
886	1127
886	1126
886	1082
886	1109
886	1137
886	1092
886	1127
886	1131
886	1151
886	1097
886	1106
886	1097
886	1177
886	1103
886	1070
886	1120
886	1150
886	1137
886	1115
886	1079
886	1141
886	1073
886	1126
886	1078
886	1098
886	1082
886	1079
886	1101
886	1085
886	1075
886	1092
886	1160
886	1105
886	1121
886	1112
886	1090
886	1091
886	1090
886	1108
886	1151
886	1101

melhor e media

1027	1482
931	1264
931	1351
931	1125
931	1219
931	1192
931	1175
931	1155
931	1163
922	1196
922	1196
886	1120
886	1082
886	1067
886	1092
886	1069
886	1089
886	1085
886	1059
886	1052
886	1074
886	1086
886	1095
886	1090
886	1061
886	1061
886	1046
886	1066
886	1041
886	1040
886	1036
886	1035
886	1092
886	1043
886	1089
886	1079
886	1052
886	1042
886	1052
886	1112
886	1087
886	1072
886	1056
886	1061
886	1072
886	1036
886	1078
886	1067
886	1076
886	1058

melhor e media

858	1449
858	1231
858	1448
858	1530
858	1525
858	1431
858	1516
858	1579
858	1515
858	1468
858	1508
858	1544
858	1523
858	1474
858	1484
858	1471
858	1515
858	1392
858	1402
858	1403
858	1442
858	1423
858	1397
858	1432
858	1394
858	1404
858	1406
858	1454
858	1370
858	1402
858	1474
858	1419
858	1449
858	1414
858	1429
858	1458
858	1441
858	1411
858	1443
858	1447
858	1423
858	1480
858	1509
858	1495
858	1510
858	1563
858	1485
858	1497
858	1453
858	1442

melhor e media

942	1369
886	1251
886	1156
886	1082
886	1095
886	1057
886	1068
886	1075
886	1079
886	1123
886	1073
886	1099
886	1077
886	1055
886	1085
886	1062
886	1059
886	1069
886	1091
886	1065
886	1077
886	1043
886	1006
886	1040
886	1003
886	1017
886	1086
886	1032
886	1078
886	1081
886	1068
886	1138
886	1072
886	1048
886	1049
886	1020
886	1026
886	1024
886	1043
886	1120
886	1057
886	1088
886	1133
886	1096
886	1118
886	1099
886	1143
886	1094
886	1116
886	1068

melhor e media

942	1440
922	1262
886	1098
886	1053
886	1018
886	1044
886	1088
886	1055
886	1034
886	1045
886	1109
886	1156
886	1131
886	1063
886	1055
886	1030
886	1038
886	1044
886	1044
886	1062
886	1041
886	1047
886	1108
886	1034
886	1018
886	1018
886	1036
886	1029
886	1072
886	1113
886	1066
886	1046
886	1132
886	1120
886	1108
886	1096
886	1078
886	1052
886	1051
886	1061
886	1087
886	1085
886	1086
886	1056
886	1053
886	1078
886	1121
886	1137
886	1123
886	1163

melhor e media

972	1355
915	1247
851	1253
851	1057
851	1055
851	1096
851	1089
851	1062
851	1151
851	1081
851	1042
851	1058
851	1129
851	1065
851	1098
851	1037
851	1030
851	1053
851	1040
851	1060
851	1046
851	1087
851	1081
851	1091
851	1071
851	1092
851	1098
851	1105
851	1111
851	1130
851	1145
851	1092
851	1117
851	1125
851	1163
851	1137
851	1112
851	1154
851	1120
851	1167
851	1126
851	1120
851	1114
851	1106
851	1111
851	1134
851	1164
851	1127
851	1130
851	1100

melhor e media

942	1321
896	1230
886	1054
886	970
886	998
886	967
886	1011
886	1028
886	976
886	997
886	966
886	1024
886	985
886	1005
886	990
886	998
886	1029
886	1007
886	995
886	996
886	979
886	983
886	1093
886	1020
886	1013
886	992
851	1045
851	1044
851	1057
851	1057
851	1034
851	1052
851	1075
851	1051
851	1061
851	1074
851	1071
851	1086
851	1043
851	1097
851	1090
851	1096
851	1078
851	1081
851	1103
851	1126
851	1123
851	1119
851	1072
851	1089

melhor e media

935	1293
935	1226
886	1107
886	1072
886	993
886	1002
886	1043
886	1009
886	1004
886	991
886	1003
886	989
886	995
886	994
886	1010
886	995
886	982
886	983
886	1017
886	996
886	1003
886	1047
886	1005
886	999
886	1029
886	1059
886	1076
886	1061
886	1016
886	995
886	990
886	1020
886	1003
886	1089
886	1074
886	1082
886	1061
886	1035
886	1011
886	1029
886	996
886	997
886	1039
858	1018
858	1612
858	1687
858	1690
858	1653
858	1605
858	1603

melhor e media

942	1363
896	1141
886	1101
886	1037
886	1003
886	1062
886	1022
886	980
886	1028
886	992
886	989
886	974
886	1042
886	1020
886	1064
886	1113
886	1037
886	1041
886	1104
886	1076
886	1095
886	1064
886	1064
886	1101
886	1143
886	1161
886	1109
886	1087
886	1113
886	1141
886	1129
886	1127
886	1156
886	1129
886	1151
886	1130
886	1142
886	1120
886	1169
886	1136
886	1140
886	1095
886	1075
886	1082
886	1074
886	1079
886	1085
886	1155
886	1065
886	1054

melhor e media

942	1296
886	1196
886	1165
886	1089
886	1062
886	1072
886	1063
886	1063
886	1058
886	1094
886	1133
886	1113
886	1078
886	1080
886	1075
886	1131
886	1120
886	1161
886	1127
886	1112
886	1097
886	1089
886	1113
886	1124
886	1076
886	1093
886	1071
886	1094
886	1072
886	1056
886	1066
886	1092
886	1094
886	1149
886	1125
886	1099
886	1086
886	1073
886	1066
886	1107
886	1115
886	1118
886	1108
886	1089
886	1091
886	1077
886	1070
886	1117
886	1182
886	1129

melhor e media

974	1327
896	1257
886	1283
886	1072
886	944
886	969
886	984
886	959
886	944
886	1049
886	979
886	968
886	989
886	1007
886	1110
886	1019
886	1044
886	1032
886	1029
886	994
886	981
886	1016
886	1032
886	1015
886	1004
886	1007
886	987
886	1009
886	1046
886	1006
886	1013
886	977
886	983
886	975
886	1003
886	997
886	1049
886	1097
886	1028
886	1018
886	1020
886	1040
886	1009
886	1008
886	1027
886	1037
886	1012
886	1010
886	1076
886	1053

melhor e media

896	1345
896	1354
886	1160
886	1176
886	1011
886	1028
886	1033
886	1073
886	1099
886	1091
886	1067
886	1062
886	1026
886	1052
886	1074
886	1075
886	1068
886	1099
886	1101
886	1075
886	1088
886	1093
886	1089
886	1081
886	1074
886	1129
886	1108
886	1126
886	1099
886	1103
886	1119
886	1084
886	1102
886	1176
886	1140
886	1130
886	1118
886	1123
886	1157
886	1108
886	1118
886	1090
886	1074
886	1072
886	1084
886	1081
886	1109
886	1108
886	1099
886	1108

melhor e media

942	1279
922	1340
886	1157
886	1079
886	1048
886	1051
886	1043
886	1074
886	1020
886	1059
886	1068
886	1062
886	1059
886	1085
886	1086
886	1038
886	1094
886	1050
886	1058
886	1045
886	1034
886	1086
886	1065
886	1039
886	1071
886	1116
886	1068
886	1114
886	1108
886	1068
886	1098
886	1077
886	1053
886	1058
886	996
886	1012
886	1050
886	1050
886	1071
886	1050
886	1045
886	1000
886	1028
886	1013
886	1004
886	1026
886	1035
886	995
886	999
886	1020

melhor e media

935	1370
886	1329
886	1090
886	1087
886	1071
886	1016
886	1031
886	1019
886	1023
886	1087
886	1019
886	1031
886	1041
886	1032
886	1045
886	1028
886	1050
886	1017
886	1036
886	1035
886	1052
886	1030
886	1037
886	1041
886	1020
886	1021
886	1020
886	1059
886	1075
886	1074
886	1081
886	1056
886	1067
886	1117
886	1053
886	1056
886	1072
851	1060
851	1047
851	1110
851	1044
851	1114
851	1102
851	1097
851	1159
851	1151
851	1136
851	1131
851	1091
851	1098

melhor e media

886	1433
886	1228
886	1197
886	1112
886	1058
886	1119
886	1144
886	1092
886	1115
886	1046
886	1057
886	1061
886	1029
886	1066
886	1060
886	1058
886	1051
886	1061
886	1070
886	1079
886	1098
886	1088
886	1079
886	1060
886	1069
886	1074
886	1065
886	1110
886	1118
886	1075
886	1088
886	1080
886	1066
886	1053
886	1100
886	1087
886	1099
886	1127
886	1082
886	1106
886	1052
886	1077
886	1091
886	1074
886	1097
886	1069
886	1070
886	1155
886	1077
886	1164

melhor e media

972	1484
896	1188
886	1085
886	1053
886	996
886	1005
886	1024
886	1054
886	1017
886	1029
886	1041
886	1052
886	1008
886	1014
886	1018
886	1089
886	1085
886	1037
886	1078
886	1130
886	1061
851	1092
851	1105
851	1144
851	1133
851	1180
851	1178
851	1156
851	1148
851	1128
851	1145
851	1121
851	1167
851	1222
851	1133
851	1165
851	1164
851	1159
851	1128
851	1155
851	1157
851	1166
851	1173
851	1213
851	1183
851	1209
851	1199
851	1155
851	1174
851	1151

melhor e media

966	1359
942	1248
886	1243
886	1152
886	1074
886	1119
886	1054
886	1062
886	1037
886	1015
886	1056
886	1028
886	1088
886	1034
886	1058
886	1047
886	1052
886	1038
886	1121
886	1128
886	1077
886	1060
886	1043
886	1085
886	1043
886	1049
886	1042
886	1108
886	1059
886	1096
886	1033
886	1053
886	1117
886	1102
886	1082
886	1061
886	1130
886	1141
886	1090
886	1084
886	1061
886	1066
886	1133
886	1152
886	1110
886	1095
886	1105
886	1077
886	1074
886	1074

melhor e media

974	1431
858	1213
858	1509
858	1544
858	1598
858	1521
858	1456
858	1478
858	1461
858	1466
858	1462
858	1419
858	1415
858	1373
858	1494
858	1483
858	1495
858	1506
858	1480
858	1491
858	1501
858	1496
858	1459
858	1446
858	1504
858	1398
858	1452
858	1470
858	1498
858	1472
858	1509
858	1446
858	1474
858	1453
858	1501
858	1458
858	1487
858	1605
858	1551
858	1584
858	1547
858	1567
858	1542
858	1491
858	1517
858	1472
858	1535
858	1511
858	1557
858	1593

melhor e media

896	1396
896	1242
896	1171
896	1041
896	1080
896	1105
896	1141
896	1101
896	1066
896	1078
896	1108
896	1067
896	1038
896	1002
896	1021
896	998
896	1024
896	1041
896	1071
896	1055
886	1054
886	965
886	995
886	981
886	980
886	984
886	970
886	1046
886	994
886	1012
886	1020
886	1002
886	988
886	991
886	998
886	983
886	1029
886	1016
886	1037
886	1050
886	1038
886	1024
886	982
886	1007
886	1025
886	1063
886	1024
886	1014
886	977
886	1068

melhor e media

918	1411
886	1258
886	1235
886	993
886	1060
886	1011
886	995
886	1031
886	998
886	1058
886	1060
886	1015
886	1050
886	1014
886	1084
886	1032
886	1010
886	1073
886	1024
886	1044
886	1046
886	1094
886	1078
886	1063
886	1066
886	1054
886	1077
886	1060
886	1104
886	1076
886	1031
886	1030
886	1065
886	1135
886	1064
886	1064
886	1099
886	1116
886	1102
886	1097
886	1054
886	1084
886	1177
886	1170
886	1070
886	1045
886	1091
886	1097
886	1076
886	1082

