melhor e media

1673	2531
1555	2056
1543	1879
1543	1781
1543	1681
1543	1694
1543	1721
1543	1716
1543	1757
1543	1765
1543	1678
1543	1820
1543	1752
1543	1756
1543	1741
1543	1765
1543	1867
1543	1802
1543	1794
1543	1711
1543	1769
1543	1806
1543	1802
1543	1710
1543	1679
1543	1721
1543	1800
1543	1787
1543	1739
1543	1701
1543	1704
1543	1661
1543	1656
1543	1695
1543	1685
1543	1762
1543	1771
1543	1868
1543	1740
1543	1730
1543	1729
1543	1724
1543	1693
1543	1683
1543	1729
1543	1746
1543	1814
1543	1833
1543	1793
1543	1819

melhor e media

1653	2418
1620	1996
1596	1810
1589	1763
1589	1705
1589	1741
1589	1758
1589	1773
1589	1762
1589	1781
1589	1842
1589	1699
1589	1780
1589	1788
1589	1765
1589	1727
1589	1762
1589	1781
1589	1744
1589	1792
1589	1814
1589	1732
1589	1737
1589	1725
1589	1773
1589	1735
1589	1747
1589	1748
1589	1710
1589	1729
1579	1754
1579	1762
1579	1926
1579	1746
1579	1855
1579	1792
1579	1828
1579	1794
1579	1807
1579	1773
1579	1809
1579	1765
1579	1782
1579	1831
1579	1836
1579	1783
1579	1804
1579	1815
1579	1866
1579	1769

melhor e media

1696	2532
1646	2057
1583	1845
1583	1882
1569	1644
1569	1707
1569	1732
1569	1710
1569	1678
1569	1735
1569	1667
1569	1697
1551	1677
1551	1676
1551	1718
1551	1689
1551	1628
1551	1613
1551	1654
1551	1649
1551	1721
1551	1657
1551	1668
1551	1629
1551	1671
1551	1718
1551	1677
1551	1658
1551	1630
1551	1781
1551	1664
1551	1930
1551	1704
1551	1649
1551	1716
1551	1687
1551	1714
1551	1665
1551	1712
1551	1729
1551	1643
1551	1652
1551	1639
1551	1763
1551	1699
1551	1684
1551	1650
1551	1662
1551	1706
1551	1627

melhor e media

1551	2441
1551	2001
1551	1983
1551	1718
1551	1700
1551	1783
1551	1746
1551	1717
1551	1750
1551	1675
1551	1653
1551	1635
1551	1722
1551	1732
1551	1677
1551	1625
1551	1656
1551	1682
1551	1701
1551	1686
1551	1656
1551	1644
1551	1625
1551	1610
1551	1675
1551	1662
1551	1707
1551	1818
1551	1667
1551	1633
1551	1731
1551	1643
1551	1628
1551	1675
1551	1624
1551	1641
1551	1682
1551	1675
1551	1696
1551	1749
1551	1708
1551	1661
1551	1650
1551	1739
1551	1652
1551	1673
1551	1675
1551	1631
1551	1617
1551	1616

melhor e media

1583	2453
1583	1978
1543	1842
1543	1910
1543	1692
1543	1725
1543	1707
1543	1714
1543	1767
1543	1704
1543	1672
1543	1661
1543	1716
1543	1763
1543	1769
1543	1768
1543	1736
1543	1705
1543	1672
1543	1731
1543	1753
1543	1841
1543	1746
1543	1770
1543	1742
1543	1738
1543	1717
1543	1736
1543	1890
1543	1717
1543	1750
1543	1816
1543	1776
1543	1795
1543	1805
1543	1828
1543	1741
1543	1757
1543	1705
1543	1794
1543	1745
1543	1704
1543	1800
1543	1807
1543	1716
1543	1782
1543	1780
1543	1756
1543	1728
1543	1724

melhor e media

1624	2386
1585	1973
1543	2000
1543	1835
1543	1767
1543	1856
1543	1774
1543	1724
1543	1675
1543	1736
1543	1766
1543	1687
1543	1718
1543	1737
1543	1751
1543	1741
1543	1779
1543	1697
1543	1668
1543	1711
1543	1711
1543	1726
1543	1716
1543	1775
1543	1709
1543	1701
1543	1691
1543	1666
1543	1710
1543	1720
1543	1804
1543	1739
1543	1785
1543	1787
1543	1782
1543	1758
1543	1701
1543	1774
1543	1896
1543	1798
1543	1848
1543	1808
1543	1718
1543	1718
1543	1762
1543	1793
1543	1671
1543	1653
1543	1720
1543	1710

melhor e media

1635	2309
1603	2054
1592	1945
1592	1982
1592	1928
1592	1910
1579	1911
1579	1847
1579	1768
1579	1733
1579	1735
1579	1735
1579	1778
1579	1844
1579	1752
1579	1775
1579	1809
1579	1881
1579	1789
1579	1769
1579	1784
1579	1859
1569	1773
1569	1686
1569	1735
1569	1684
1569	1698
1569	1717
1569	1734
1569	1717
1569	1682
1569	1660
1569	1750
1569	1740
1569	1693
1569	1694
1569	1809
1569	1697
1569	1733
1569	1670
1569	1678
1569	1712
1569	1689
1569	1670
1569	1716
1569	1716
1569	1780
1569	1711
1569	1769
1569	1812

melhor e media

1551	2359
1551	1960
1551	1954
1551	1870
1551	1711
1551	1696
1551	1696
1551	1635
1551	1716
1551	1685
1551	1664
1551	1651
1551	1684
1551	1634
1551	1650
1551	1630
1551	1683
1551	1691
1551	1715
1551	1740
1551	1692
1551	1653
1551	1631
1551	1697
1551	1697
1551	1687
1551	1699
1551	1691
1551	1738
1551	1657
1551	1695
1551	1654
1551	1753
1551	1670
1551	1676
1551	1701
1551	1616
1551	1648
1551	1651
1551	1720
1551	1700
1551	1716
1551	1711
1551	1699
1551	1699
1551	1691
1551	1654
1551	1696
1551	1715
1551	1710

melhor e media

1594	2462
1543	1976
1543	1928
1543	1795
1543	1733
1543	1700
1543	1814
1543	1830
1543	1725
1543	1752
1543	1733
1543	1727
1543	1793
1543	1749
1543	1778
1543	1754
1543	1752
1543	1791
1543	1840
1543	1801
1543	1790
1543	1723
1543	1709
1543	1706
1543	1767
1543	1764
1543	1678
1543	1664
1543	1778
1543	1696
1543	1746
1543	1801
1543	1722
1543	1761
1543	1715
1543	1688
1543	1804
1543	1714
1543	1759
1543	1766
1543	1724
1543	1749
1543	1743
1543	1685
1543	1774
1543	1718
1543	1714
1543	1742
1543	1700
1543	1678

melhor e media

1615	2442
1605	1990
1589	1967
1589	1960
1589	1721
1589	1790
1589	1803
1589	1848
1589	1713
1589	1813
1589	1702
1589	1802
1589	1825
1589	1762
1589	1749
1589	1835
1589	1845
1589	1866
1589	1775
1589	1755
1589	1765
1589	1791
1589	1740
1589	1773
1589	1851
1589	1789
1589	1823
1589	1801
1589	1752
1589	1826
1589	1759
1589	1772
1589	1784
1589	1782
1589	1814
1589	1794
1589	1746
1589	1767
1589	1756
1589	1785
1589	1814
1589	1736
1589	1707
1589	1836
1589	1772
1589	1796
1589	1822
1589	1797
1589	1736
1589	1725

melhor e media

1566	2461
1566	1898
1566	1863
1566	1856
1566	1862
1559	1877
1559	1821
1559	1832
1559	1804
1559	1795
1559	1767
1559	1874
1559	1761
1559	1750
1559	1803
1559	1837
1559	1807
1559	1830
1559	1777
1559	1790
1559	1801
1559	1809
1559	1751
1559	1798
1559	1754
1559	1792
1559	1803
1559	1776
1559	1793
1559	1751
1559	1815
1559	1799
1559	1829
1559	1762
1559	1753
1559	1772
1559	1772
1559	1750
1559	1741
1559	1757
1559	1760
1559	1777
1559	1747
1559	1782
1559	1749
1559	1803
1559	1858
1559	1820
1559	1813
1559	1763

melhor e media

1613	2443
1589	1953
1555	1973
1555	1718
1555	1722
1555	1718
1555	1690
1555	1700
1555	1787
1555	1724
1555	1763
1555	1728
1555	1744
1555	1773
1555	1716
1555	1703
1555	1736
1543	1791
1543	1690
1543	1763
1543	1815
1543	1809
1543	1983
1543	1892
1543	1698
1543	1722
1543	1706
1543	1736
1543	1847
1543	1725
1543	1794
1543	1794
1543	1771
1543	1856
1543	1719
1543	1817
1543	1710
1543	1810
1543	1778
1543	1732
1543	1781
1543	1736
1543	1724
1543	1718
1543	1700
1543	1751
1543	1807
1543	1766
1543	1673
1543	1705

melhor e media

1601	2341
1601	2077
1601	1941
1601	1860
1601	1796
1596	1812
1596	1836
1569	1733
1569	1751
1569	1761
1569	1719
1569	1684
1569	1699
1569	1689
1569	1728
1569	1837
1569	1780
1569	1726
1569	1753
1569	1771
1569	1745
1569	1709
1569	1712
1569	1737
1569	1818
1569	1777
1569	1778
1569	1750
1569	1763
1569	1783
1569	1860
1569	1821
1569	1789
1569	1789
1569	1743
1569	1739
1569	1721
1569	1746
1569	1758
1569	1772
1569	1821
1569	1813
1569	1731
1569	1783
1569	1801
1569	1792
1569	1778
1569	1844
1569	1771
1569	1750

melhor e media

1589	2608
1589	2000
1589	1803
1589	1721
1589	1793
1589	1771
1551	1759
1551	1762
1551	1670
1551	1676
1551	1637
1551	1620
1551	1603
1551	1686
1551	1668
1551	1624
1551	1649
1551	1740
1551	1683
1551	1685
1551	1648
1551	1622
1551	1686
1551	1638
1551	1622
1551	1613
1551	1611
1551	1618
1551	1627
1551	1702
1551	1769
1551	1711
1551	1640
1551	1697
1551	1676
1551	1661
1551	1675
1551	1655
1551	1661
1551	1693
1551	1627
1551	1636
1551	1705
1551	1615
1551	1748
1551	1717
1551	1699
1551	1702
1551	1741
1551	1752

melhor e media

1616	2376
1592	1894
1592	1884
1592	1967
1589	2019
1589	1777
1589	1745
1589	1770
1589	1726
1589	1748
1589	1825
1589	1704
1589	1786
1589	1802
1589	1769
1589	1805
1589	1753
1589	1753
1589	1775
1589	1768
1589	1805
1589	1812
1589	1730
1589	1842
1589	1777
1589	1813
1589	1751
1589	1797
1589	1717
1589	1841
1589	1785
1589	1770
1589	1844
1589	1796
1589	1846
1589	1761
1589	1841
1589	1746
1589	1788
1589	1808
1589	1793
1569	1770
1569	2190
1569	1839
1569	1755
1569	1791
1569	1793
1569	1776
1569	1732
1569	1730

melhor e media

1615	2491
1607	1983
1602	1890
1602	1917
1589	1867
1589	2061
1589	2028
1589	1965
1589	1950
1589	2075
1589	2056
1589	2038
1589	2040
1589	2076
1589	2023
1589	2016
1589	2024
1589	2023
1589	1989
1589	1962
1589	1938
1589	1923
1589	1938
1589	1940
1589	2535
1589	1748
1589	1724
1589	1746
1589	1787
1589	1729
1589	1774
1589	1829
1589	1828
1583	1719
1583	2418
1583	1778
1583	1753
1583	1712
1583	1795
1583	1771
1583	1795
1583	1772
1583	1723
1583	1786
1583	1741
1583	1801
1583	1801
1583	1756
1583	1741
1583	1777

melhor e media

1551	2399
1551	1966
1551	2052
1551	1683
1551	1789
1551	1717
1551	1685
1551	1672
1551	1705
1551	1751
1551	1693
1551	1655
1551	1682
1551	1672
1551	1724
1551	1703
1551	1654
1551	1717
1551	1658
1551	1741
1551	1665
1551	1665
1551	1664
1551	1632
1551	1623
1551	1684
1551	1684
1551	1666
1551	1708
1551	1638
1551	1644
1551	1626
1551	1745
1551	1732
1551	1679
1551	1712
1551	1619
1551	1676
1551	1660
1551	1616
1551	1621
1551	1618
1551	1728
1551	1644
1551	1747
1551	1632
1551	1614
1551	1657
1551	1659
1551	1651

melhor e media

1559	2415
1559	2000
1559	1837
1559	1779
1559	1858
1559	1757
1559	1841
1559	1810
1559	1804
1559	1842
1559	1778
1559	1786
1559	1768
1559	1859
1559	1852
1559	1782
1559	1771
1559	1772
1559	1813
1559	1771
1559	1831
1559	1838
1559	1788
1559	1812
1559	1805
1559	1812
1559	1840
1559	1757
1559	1783
1559	1812
1559	1880
1559	1756
1559	1806
1559	1810
1559	1761
1559	1771
1559	1884
1559	1817
1559	1823
1559	1798
1559	1798
1559	1789
1559	1782
1559	1822
1559	1783
1559	1778
1559	1751
1559	1754
1559	1760
1559	1819

melhor e media

1647	2339
1551	1850
1551	1808
1551	1633
1551	1628
1551	1650
1551	1730
1551	1630
1551	1691
1551	1762
1551	1724
1551	1646
1551	1704
1551	1710
1551	1663
1551	1683
1551	1699
1543	1721
1543	1703
1543	1708
1543	1693
1543	1773
1543	1777
1543	1782
1543	1727
1543	1711
1543	1753
1543	1673
1543	1684
1543	1780
1543	1749
1543	1779
1543	1781
1543	1781
1543	1810
1543	1686
1543	1793
1543	1838
1543	1688
1543	1688
1543	1794
1543	1844
1543	1786
1543	1818
1543	1793
1543	1779
1543	1672
1543	1773
1543	1754
1543	1740

melhor e media

1563	2376
1563	2124
1551	1995
1551	1674
1551	1755
1551	1657
1551	1627
1551	1622
1551	1650
1551	1684
1551	1714
1551	1742
1551	1662
1551	1622
1551	1634
1551	1664
1551	1617
1551	1643
1551	1639
1551	1764
1551	1682
1551	1730
1551	1701
1551	1673
1551	1668
1551	1662
1551	1680
1551	1681
1551	1690
1551	1666
1551	1710
1551	1725
1551	1641
1551	1663
1551	1765
1551	1759
1543	1738
1543	1731
1543	1714
1543	1736
1543	1799
1543	1861
1543	1803
1543	1802
1543	1754
1543	1679
1543	1760
1543	1714
1543	1680
1543	1704

melhor e media

1589	2347
1589	2094
1589	1967
1589	2138
1589	2145
1589	2327
1589	1808
1589	1793
1589	1777
1589	1804
1589	1746
1589	1825
1589	1775
1589	1773
1589	1777
1589	1778
1589	1894
1589	1873
1589	1923
1589	1845
1589	1797
1589	1850
1589	1814
1589	1793
1589	1747
1589	1810
1589	1802
1589	1758
1589	1741
1589	1748
1589	1801
1589	1818
1589	1738
1589	1805
1589	1905
1589	1750
1589	1779
1589	1803
1589	1800
1589	1778
1589	1769
1589	1805
1589	1763
1589	1751
1589	1782
1589	1764
1579	1849
1579	1794
1579	1860
1579	1867

melhor e media

1639	2485
1589	1937
1589	1897
1589	1838
1589	1734
1589	1692
1589	1804
1579	1734
1579	1734
1579	1818
1579	1822
1579	1781
1579	1803
1579	1777
1579	1824
1579	1852
1579	1768
1579	1778
1579	1775
1579	1772
1579	1770
1579	1762
1579	1823
1579	1850
1569	1735
1569	1741
1569	1750
1569	1823
1569	1757
1569	1708
1569	1721
1569	1732
1569	1782
1569	1779
1569	1817
1569	1761
1569	1781
1569	1806
1569	1746
1569	1754
1569	1768
1569	1770
1569	1758
1569	1742
1569	1776
1569	1727
1569	1777
1569	1742
1569	1733
1569	1739

melhor e media

1589	2466
1589	2046
1553	1873
1553	1801
1553	1634
1553	1660
1553	1711
1553	1738
1553	1705
1553	1733
1553	1854
1553	1872
1553	1872
1553	1844
1553	1762
1553	1840
1553	1754
1553	1777
1553	1820
1553	1794
1553	1831
1553	1801
1553	1746
1553	1683
1553	1653
1553	1691
1553	1813
1553	1772
1553	1777
1553	1821
1553	1832
1553	1803
1553	1830
1553	1843
1553	1868
1553	1827
1553	1828
1553	1829
1553	1826
1553	1770
1553	1803
1553	1831
1553	1864
1553	1915
1551	1931
1551	1747
1551	1722
1551	1688
1551	1661
1551	1672

melhor e media

1602	2285
1602	1922
1602	1845
1569	1822
1569	1823
1569	1888
1569	1799
1569	1783
1569	1850
1569	1785
1569	1792
1569	1794
1569	1799
1569	1773
1569	1753
1569	1832
1569	1769
1569	1723
1569	1747
1569	1818
1569	1787
1569	1783
1569	1823
1569	1861
1569	1856
1569	1825
1569	1757
1569	1715
1569	1787
1569	1856
1569	1814
1569	1766
1569	1746
1569	1784
1569	1826
1569	1734
1569	1777
1569	1804
1569	1778
1569	1725
1569	1786
1569	1854
1569	1830
1569	1830
1569	1781
1569	1724
1569	1792
1569	1741
1569	1821
1569	1807

melhor e media

1628	2427
1596	1955
1579	1921
1579	1837
1579	1788
1579	1741
1579	1793
1579	1776
1579	1808
1579	1762
1579	1758
1579	1757
1576	1825
1576	1817
1576	1812
1576	1867
1576	1900
1576	1884
1576	1916
1576	1832
1576	1843
1569	1807
1569	1704
1569	1803
1569	1860
1569	1753
1569	1783
1569	1864
1569	1812
1569	1821
1569	1804
1569	1752
1569	1773
1569	1694
1569	1682
1569	1682
1551	1768
1551	1853
1551	1685
1551	1751
1551	1699
1551	1681
1551	1665
1551	1709
1551	1633
1551	1700
1551	1663
1551	1786
1551	1695
1551	1671

melhor e media

1621	2554
1583	1984
1563	1881
1563	2014
1543	1712
1543	1686
1543	1698
1543	1765
1543	1929
1543	1758
1543	1731
1543	1729
1543	1708
1543	1771
1543	1809
1543	1790
1543	1796
1543	1821
1543	1750
1543	1831
1543	1830
1543	1847
1543	1802
1543	1758
1543	1716
1543	1759
1543	1720
1543	1744
1543	1721
1543	1820
1543	1745
1543	1828
1543	1721
1543	1760
1543	1815
1543	1807
1543	1795
1543	1807
1543	1694
1543	1713
1543	1679
1543	1734
1543	1782
1543	1700
1543	1870
1543	1826
1543	1785
1543	1768
1543	1768
1543	1778

melhor e media

1594	2264
1589	1824
1589	1859
1589	2037
1589	2056
1589	1951
1589	1924
1589	1995
1589	2048
1589	1986
1589	2090
1589	2130
1589	2125
1589	2092
1589	2099
1589	2064
1589	2092
1589	2090
1589	2262
1589	2264
1589	2301
1589	2342
1589	2208
1589	2180
1589	2156
1589	2149
1589	2207
1589	2164
1589	2089
1589	2219
1589	2288
1589	2283
1589	2263
1589	2274
1589	2312
1589	2281
1589	2223
1589	2260
1589	2304
1589	2183
1589	2241
1589	2170
1589	2187
1589	2138
1589	2213
1589	2138
1589	2007
1589	2052
1589	2141
1589	2256

melhor e media

1589	2499
1589	2036
1551	1851
1551	1694
1551	1619
1551	1693
1551	1667
1551	1656
1551	1653
1551	1766
1551	1657
1551	1634
1551	1738
1551	1690
1551	1750
1551	1680
1551	1672
1551	1626
1551	1712
1551	1651
1551	1653
1551	1650
1551	1666
1551	1640
1551	1645
1551	1667
1551	1695
1551	1627
1551	1674
1551	1687
1551	1646
1551	1620
1551	1698
1551	1659
1551	1646
1551	1693
1551	1678
1551	1745
1551	1685
1551	1674
1551	1636
1551	1654
1551	1672
1551	1688
1551	1624
1551	1619
1551	1613
1551	1629
1551	1688
1551	1652

melhor e media

1661	2521
1543	1955
1543	1924
1543	1797
1543	1783
1543	1728
1543	1675
1543	1716
1543	1707
1543	1750
1543	1680
1543	1785
1543	1731
1543	1667
1543	1751
1543	1795
1543	1714
1543	1722
1543	1742
1543	1728
1543	1720
1543	1766
1543	1741
1543	1806
1543	1784
1543	1737
1543	1726
1543	1690
1543	1717
1543	1718
1543	1762
1543	1740
1543	1715
1543	1664
1543	1695
1543	1751
1543	1720
1543	1704
1543	1750
1543	1742
1543	1731
1543	1688
1543	1748
1543	1783
1543	1701
1543	1714
1543	1678
1543	1729
1543	1698
1543	1724

melhor e media

1589	2323
1551	1953
1551	1983
1551	1815
1551	1658
1551	1657
1551	1729
1551	1747
1551	1646
1551	1664
1551	1647
1551	1630
1551	1701
1551	1656
1551	1631
1551	1705
1551	1753
1551	1679
1551	1662
1551	1618
1551	1681
1551	1684
1551	1684
1551	1710
1551	1774
1551	1684
1551	1658
1551	1731
1551	1689
1551	1650
1551	1712
1543	1721
1543	1689
1543	1694
1543	1663
1543	1750
1543	1776
1543	1812
1543	1863
1543	1840
1543	1741
1543	1773
1543	1755
1543	1719
1543	1817
1543	1832
1543	1812
1543	1791
1543	1738
1543	1833

