melhor e media

1340	2703
1339	2045
1314	1819
1314	1702
1312	1737
1312	1702
1312	1808
1312	1539
1304	1668
1304	1710
1304	1629
1304	1596
1304	1635
1292	1522
1292	1652
1292	1616
1292	1681
1292	1628
1276	1566
1276	1623
1276	1626
1276	1741
1276	1556
1276	1612
1276	1753
1276	1665
1276	1736
1273	1710
1273	1615
1273	1576
1267	1718
1267	1598
1267	1617
1267	1740
1267	1558
1267	1618
1267	1626
1267	1700
1267	1516
1267	1505
1267	1510
1267	1546
1267	1476
1267	1548
1267	1582
1267	1620
1267	1522
1267	1489
1267	1517
1267	1430
1267	1533
1267	1571
1267	1505
1267	1547
1267	1722
1264	1697
1264	1612
1256	1596
1256	1547
1256	1595
1256	1465
1256	1544
1256	1609
1256	1521
1256	1663
1256	1764
1256	1769
1256	1506
1256	1466
1256	1548
1256	1569
1256	1503
1256	1578
1256	1552
1256	1603
1256	1542
1256	1463
1256	1481
1256	1439
1256	1594
1256	1582
1256	1587
1256	1505
1256	1573
1256	1669
1256	1556
1256	1506
1256	1542
1256	1720
1256	1554
1256	1543
1256	1504
1256	1578
1256	1601
1256	1543
1256	1715
1256	1511
1256	1473
1256	1492
1256	1567

melhor e media

1557	2740
1337	2017
1306	1672
1275	1546
1275	1402
1275	1604
1275	1587
1275	1524
1275	1585
1275	1502
1275	1452
1275	1496
1275	1484
1275	1536
1275	1428
1275	1513
1275	1702
1275	1587
1275	1568
1275	1669
1275	1589
1275	1535
1275	1562
1275	1413
1275	1599
1275	1487
1275	1582
1275	1515
1275	1611
1275	1416
1275	1650
1273	1553
1273	1539
1273	1547
1273	1549
1273	1506
1273	1435
1273	1560
1273	1449
1273	1540
1264	1374
1264	1560
1264	1663
1264	1653
1264	1679
1264	1534
1264	1577
1264	1441
1264	1507
1264	1613
1264	1698
1264	1751
1264	1694
1264	1564
1264	1611
1264	1722
1264	1686
1264	1600
1264	1569
1264	1534
1264	1599
1264	1703
1264	1671
1264	1484
1264	1497
1264	1658
1264	1450
1264	1642
1264	1490
1264	1465
1264	1497
1264	1404
1264	1521
1264	1520
1264	1637
1264	1681
1264	1579
1264	1535
1264	1702
1264	1666
1264	1656
1264	1535
1264	1587
1264	1579
1264	1655
1264	1618
1264	1680
1264	1719
1264	1659
1264	1630
1264	1650
1264	1629
1264	1691
1264	1608
1264	1557
1264	1546
1264	1570
1264	1606
1264	1498
1264	1541

melhor e media

1459	2853
1324	2067
1286	1780
1281	1666
1281	1562
1281	1629
1281	1590
1278	1532
1278	1599
1278	1515
1278	1531
1278	1684
1278	1677
1278	1536
1278	1666
1278	1734
1278	1637
1278	1570
1278	1506
1278	1576
1278	1555
1278	1471
1278	1406
1278	1498
1278	1686
1278	1623
1261	1654
1261	1690
1247	1663
1247	1585
1247	1610
1246	1666
1246	1641
1246	1665
1246	1512
1246	1541
1246	1592
1246	1625
1246	1649
1246	1845
1246	1603
1246	1645
1246	1722
1246	1655
1246	1630
1246	1582
1246	1543
1246	1608
1246	1534
1246	1641
1246	1646
1241	1640
1241	1760
1241	1541
1241	1605
1241	1530
1241	1479
1241	1559
1241	1600
1241	1629
1241	1674
1241	1584
1241	1653
1241	1557
1241	1530
1241	1508
1241	1542
1241	1564
1241	1561
1241	1525
1241	1573
1241	1538
1241	1537
1241	1553
1241	1709
1241	1549
1241	1564
1241	1597
1241	1539
1241	1452
1241	1658
1241	1691
1241	1534
1241	1564
1241	1619
1241	1441
1241	1514
1241	1596
1241	1719
1241	1710
1241	1588
1241	1492
1241	1509
1241	1540
1241	1558
1241	1631
1241	1448
1241	1447
1241	1418
1241	1625

melhor e media

1449	2702
1329	1867
1317	1732
1317	1644
1313	1550
1301	1610
1300	1724
1300	1610
1286	1511
1281	1590
1274	1528
1267	1603
1254	1505
1254	1581
1254	1428
1254	1543
1254	1545
1254	1507
1254	1525
1254	1555
1254	1510
1254	1543
1254	1416
1254	1488
1254	1601
1254	1733
1254	1581
1254	1694
1254	1502
1254	1458
1254	1651
1254	1528
1254	1547
1254	1543
1254	1605
1254	1533
1254	1563
1254	1683
1254	1633
1254	1589
1254	1577
1254	1505
1254	1439
1254	1464
1254	1497
1254	1541
1254	1597
1254	1568
1254	1612
1254	1542
1254	1577
1254	1479
1254	1602
1254	1754
1254	1589
1254	1533
1254	1612
1254	1489
1254	1611
1254	1502
1254	1550
1254	1669
1254	1581
1254	1489
1254	1744
1254	1566
1254	1572
1254	1486
1254	1487
1254	1541
1254	1607
1254	1557
1254	1432
1254	1503
1254	1542
1254	1513
1254	1610
1254	1648
1254	1521
1254	1510
1254	1630
1254	1552
1254	1659
1254	1516
1254	1606
1254	1571
1254	1401
1254	1537
1254	1450
1254	1445
1254	1525
1254	1529
1254	1425
1254	1490
1254	1494
1254	1510
1254	1565
1254	1551
1254	1494
1254	1584

melhor e media

1427	2718
1354	1972
1336	1709
1324	1799
1298	1745
1279	1675
1275	1648
1268	1542
1268	1629
1268	1615
1267	1944
1267	1775
1267	1664
1267	1742
1267	1675
1267	1453
1267	1586
1267	1713
1267	1589
1262	1549
1262	1782
1262	1588
1262	1768
1262	1591
1262	1749
1262	1656
1262	1783
1262	1585
1262	1721
1262	1787
1262	1644
1262	1578
1262	1678
1262	1648
1262	1596
1262	1663
1262	1645
1262	1610
1262	1669
1262	1756
1262	1550
1262	1623
1262	1677
1262	1573
1262	1848
1262	1754
1262	1742
1262	1869
1262	1609
1262	1718
1262	1688
1262	1561
1262	1582
1262	1570
1262	1533
1262	1692
1262	1642
1262	1726
1262	1700
1262	1716
1262	1596
1262	1616
1262	1851
1262	1629
1262	1578
1262	1738
1262	1812
1262	1793
1262	1629
1262	1613
1262	1670
1262	1742
1262	1802
1262	1621
1262	1723
1262	1510
1262	1585
1262	1618
1262	1565
1262	1667
1262	1630
1262	1556
1262	1619
1262	1694
1262	1766
1262	1738
1262	1578
1262	1666
1262	1650
1262	1584
1262	1654
1262	1572
1262	1620
1262	1584
1262	1672
1262	1737
1262	1675
1262	1771
1262	1645
1262	1680

melhor e media

1452	2908
1307	1966
1300	1805
1300	1582
1300	1630
1300	1590
1298	1616
1298	1576
1293	1588
1293	1497
1293	1675
1289	1657
1289	1675
1289	1530
1289	1599
1289	1788
1289	1690
1289	1731
1289	1661
1289	1681
1289	1614
1289	1606
1289	1804
1289	1729
1289	1815
1289	1779
1289	1929
1289	1860
1289	1694
1289	1665
1289	1683
1289	1771
1289	1689
1289	1655
1289	1633
1276	1753
1276	1640
1276	1718
1276	1568
1276	1517
1262	1460
1262	1567
1262	1559
1262	1541
1262	1642
1262	1693
1262	1535
1262	1556
1262	1485
1256	1404
1256	1466
1256	1459
1256	1519
1256	1494
1256	1453
1256	1514
1256	1586
1256	1546
1256	1521
1256	1576
1256	1518
1256	1475
1256	1586
1256	1470
1256	1532
1256	1438
1256	1649
1256	1544
1256	1580
1256	1571
1256	1503
1256	1665
1256	1493
1256	1531
1256	1586
1256	1486
1256	1560
1256	1580
1256	1597
1256	1561
1256	1491
1256	1625
1256	1615
1256	1529
1256	1466
1256	1485
1256	1618
1256	1596
1256	1648
1256	1512
1256	1570
1256	1592
1256	1494
1256	1517
1256	1495
1256	1587
1256	1575
1256	1532
1256	1595
1256	1549

melhor e media

1318	2889
1318	2040
1288	1575
1286	1594
1281	1628
1275	1498
1275	1525
1275	1494
1275	1545
1275	1579
1275	1629
1275	1468
1275	1431
1275	1414
1275	1559
1275	1572
1275	1461
1275	1539
1275	1540
1275	1443
1275	1566
1275	1543
1275	1544
1275	1515
1275	1614
1275	1548
1275	1663
1275	1690
1267	1519
1267	1480
1267	1565
1252	1570
1252	1571
1252	1563
1247	1556
1247	1473
1247	1605
1247	1607
1247	1503
1247	1498
1247	1438
1247	1571
1247	1547
1247	1401
1247	1428
1247	1486
1247	1534
1247	1470
1247	1655
1247	1460
1247	1575
1247	1645
1247	1508
1247	1564
1247	1520
1247	1507
1247	1622
1247	1538
1247	1697
1247	1604
1247	1480
1247	1687
1247	1654
1247	1594
1247	1610
1247	1489
1247	1508
1247	1510
1247	1497
1247	1455
1247	1537
1247	1502
1247	1438
1247	1543
1247	1439
1247	1409
1247	1624
1247	1543
1247	1602
1247	1643
1247	1521
1247	1470
1247	1537
1247	1496
1247	1543
1247	1578
1247	1635
1247	1581
1247	1621
1247	1590
1247	1562
1247	1626
1247	1557
1247	1622
1247	1460
1247	1668
1247	1536
1247	1564
1247	1505
1247	1514

melhor e media

1401	2860
1401	2332
1381	1884
1368	1763
1368	1639
1324	1646
1307	1576
1297	1478
1297	1517
1280	1615
1273	1554
1273	1515
1273	1456
1273	1515
1273	1500
1273	1618
1273	1658
1273	1678
1273	1557
1273	1632
1273	1577
1273	1573
1273	1647
1273	1587
1273	1597
1273	1532
1273	1544
1273	1499
1273	1499
1273	1552
1273	1558
1273	1495
1273	1561
1273	1437
1273	1524
1273	1564
1273	1558
1273	1502
1273	1634
1273	1439
1273	1456
1273	1416
1273	1481
1273	1602
1273	1478
1273	1445
1273	1541
1273	1542
1273	1568
1273	1570
1273	1509
1273	1478
1273	1575
1273	1495
1273	1438
1273	1529
1273	1449
1273	1584
1273	1471
1273	1513
1273	1557
1273	1508
1273	1401
1273	1523
1273	1547
1273	1591
1273	1602
1273	1468
1273	1570
1273	1559
1273	1610
1273	1388
1273	1524
1273	1662
1273	1500
1273	1432
1273	1469
1273	1549
1273	1591
1273	1513
1273	1409
1273	1445
1273	1501
1273	1567
1273	1673
1273	1567
1273	1529
1273	1569
1273	1623
1273	1540
1273	1590
1273	1733
1273	1599
1273	1588
1273	1467
1273	1535
1273	1538
1273	1425
1273	1553
1273	1481

melhor e media

1470	2910
1372	2266
1295	1842
1284	1614
1284	1519
1277	1519
1277	1392
1277	1661
1277	1613
1277	1766
1277	1670
1273	1576
1273	1632
1273	1633
1273	1613
1273	1465
1273	1606
1273	1526
1273	1512
1273	1542
1273	1561
1273	1588
1273	1596
1273	1613
1250	1590
1250	1760
1250	1623
1250	1606
1250	1467
1250	1567
1250	1699
1250	1504
1250	1399
1250	1483
1250	1571
1250	1548
1248	1511
1248	1500
1248	1519
1248	1565
1248	1580
1248	1577
1248	1585
1248	1461
1248	1454
1248	1476
1248	1532
1248	1563
1248	1496
1248	1550
1248	1570
1248	1431
1248	1564
1248	1584
1248	1635
1248	1743
1248	1596
1248	1624
1248	1487
1248	1460
1248	1440
1248	1477
1248	1523
1248	1475
1248	1540
1248	1580
1248	1570
1248	1677
1248	1642
1248	1540
1248	1442
1248	1662
1248	1603
1248	1469
1248	1425
1248	1510
1248	1499
1248	1558
1248	1532
1248	1638
1248	1576
1248	1503
1248	1421
1248	1442
1248	1411
1248	1590
1248	1670
1248	1542
1248	1492
1248	1560
1248	1514
1248	1520
1248	1725
1248	1496
1248	1528
1248	1596
1248	1504
1248	1556
1248	1534
1248	1553

melhor e media

1453	2833
1333	1928
1320	1788
1295	1675
1275	1562
1275	1694
1275	1521
1275	1523
1275	1500
1275	1487
1275	1642
1275	1623
1275	1567
1275	1667
1275	1516
1275	1486
1275	1657
1275	1555
1275	1487
1275	1507
1275	1691
1275	1660
1275	1621
1275	1523
1275	1500
1275	1424
1275	1448
1275	1621
1275	1667
1275	1597
1275	1633
1275	1512
1275	1558
1275	1603
1275	1728
1275	1531
1275	1468
1275	1482
1275	1649
1275	1559
1275	1569
1275	1431
1275	1536
1275	1555
1275	1469
1273	1425
1273	1509
1273	1548
1273	1547
1273	1564
1273	1513
1273	1547
1273	1563
1273	1544
1273	1480
1273	1464
1273	1612
1273	1602
1273	1525
1273	1538
1273	1478
1273	1464
1273	1450
1273	1534
1273	1535
1273	1679
1273	1563
1273	1618
1273	1696
1273	1544
1273	1614
1273	1463
1273	1531
1273	1605
1273	1601
1273	1577
1273	1588
1273	1600
1273	1595
1273	1575
1273	1496
1273	1570
1273	1553
1273	1627
1273	1617
1273	1539
1273	1501
1273	1590
1273	1520
1273	1702
1273	1492
1273	1619
1273	1431
1273	1476
1273	1489
1273	1728
1273	1610
1273	1550
1273	1617
1273	1524

melhor e media

1456	2760
1333	2051
1288	1790
1275	1689
1262	1557
1255	1539
1255	1530
1255	1562
1255	1573
1255	1530
1255	1610
1255	1576
1255	1545
1255	1498
1255	1671
1255	1658
1255	1500
1255	1624
1255	1501
1255	1447
1255	1553
1255	1500
1255	1635
1255	1563
1255	1613
1255	1521
1252	1527
1252	1484
1252	1519
1252	1562
1252	1449
1252	1564
1252	1539
1247	1615
1247	1540
1247	1504
1247	1438
1247	1677
1247	1503
1247	1611
1247	1520
1247	1519
1247	1473
1247	1439
1247	1542
1247	1511
1247	1581
1247	1545
1247	1455
1247	1574
1247	1526
1247	1498
1247	1466
1247	1592
1247	1550
1247	1526
1247	1618
1247	1529
1247	1469
1247	1583
1247	1539
1247	1498
1247	1440
1247	1498
1247	1495
1247	1733
1247	1550
1247	1514
1247	1549
1247	1514
1247	1451
1247	1574
1247	1455
1247	1568
1247	1601
1247	1708
1247	1576
1247	1696
1247	1548
1247	1500
1247	1485
1247	1506
1247	1588
1247	1701
1247	1493
1247	1615
1247	1596
1247	1531
1247	1586
1247	1535
1247	1604
1247	1500
1247	1535
1247	1585
1247	1597
1247	1506
1247	1659
1247	1571
1247	1475
1247	1462

melhor e media

1391	2706
1335	1961
1294	1677
1294	1644
1286	1568
1275	1602
1274	1656
1274	1590
1274	1532
1274	1432
1274	1523
1274	1526
1271	1520
1271	1522
1271	1578
1271	1482
1271	1508
1271	1555
1271	1700
1271	1631
1271	1617
1271	1595
1271	1518
1271	1517
1271	1475
1271	1499
1271	1451
1261	1574
1261	1666
1261	1680
1259	1609
1259	1744
1259	1533
1259	1635
1259	1714
1259	1483
1259	1515
1259	1542
1259	1582
1259	1506
1259	1466
1259	1520
1259	1515
1259	1531
1259	1465
1259	1572
1259	1409
1259	1397
1259	1633
1259	1668
1259	1492
1259	1591
1259	1435
1259	1448
1259	1431
1259	1566
1259	1562
1259	1558
1259	1551
1259	1546
1259	1543
1259	1637
1259	1680
1259	1527
1259	1456
1259	1467
1259	1579
1259	1741
1259	1540
1259	1382
1259	1462
1259	1479
1259	1566
1259	1634
1259	1605
1259	1620
1259	1512
1259	1506
1259	1501
1259	1414
1259	1592
1259	1509
1259	1508
1259	1440
1259	1549
1259	1447
1259	1491
1259	1404
1259	1495
1259	1430
1259	1502
1259	1610
1259	1517
1259	1581
1259	1562
1259	1563
1259	1567
1259	1463
1259	1492
1259	1686

melhor e media

1347	2724
1291	1964
1289	1632
1289	1577
1287	1628
1277	1636
1277	1574
1277	1557
1275	1511
1271	1559
1271	1634
1271	1517
1271	1536
1271	1597
1262	1544
1262	1734
1262	1850
1262	1892
1262	1786
1262	1743
1262	1617
1262	1612
1262	1729
1262	1674
1262	1811
1262	1641
1262	1769
1262	1723
1262	1770
1262	1656
1262	1751
1262	1789
1262	1603
1262	1736
1262	1655
1262	1905
1262	1797
1262	1788
1262	1833
1262	1770
1262	1738
1262	1819
1262	1644
1262	1837
1262	1878
1262	1735
1262	1742
1262	1767
1262	1968
1262	1759
1262	1652
1262	1747
1262	1639
1262	1736
1262	1710
1262	1697
1262	1718
1262	1682
1262	1870
1262	1702
1262	1722
1262	1574
1262	1741
1262	1653
1262	1602
1262	1703
1262	1670
1262	1748
1262	1640
1262	1643
1262	1536
1262	1915
1262	1816
1262	1698
1262	1606
1262	1587
1262	1492
1262	1708
1262	1675
1262	1750
1262	1812
1262	1643
1262	1722
1262	1720
1262	1785
1262	1732
1262	1878
1262	1613
1262	1653
1262	1685
1262	1632
1262	1625
1262	1806
1262	1688
1262	1723
1262	1597
1262	1594
1262	1696
1262	1638
1262	1552

melhor e media

1444	2819
1326	2034
1299	1770
1299	1704
1299	1593
1299	1561
1299	1731
1271	1574
1271	1578
1271	1543
1271	1546
1271	1496
1271	1567
1271	1530
1271	1546
1265	1650
1265	1573
1265	1565
1265	1597
1265	1577
1265	1670
1265	1585
1265	1500
1265	1621
1265	1614
1265	1508
1265	1456
1265	1460
1265	1420
1265	1376
1252	1465
1252	1533
1252	1504
1252	1452
1252	1451
1252	1419
1252	1451
1252	1480
1252	1582
1252	1695
1252	1574
1252	1484
1252	1563
1252	1482
1252	1480
1247	1561
1247	1619
1247	1579
1247	1604
1247	1572
1247	1468
1247	1497
1247	1429
1247	1565
1247	1596
1247	1629
1247	1654
1247	1658
1247	1566
1247	1708
1247	1598
1247	1365
1247	1578
1247	1579
1247	1524
1247	1522
1247	1485
1247	1564
1247	1478
1247	1505
1247	1544
1247	1458
1247	1473
1247	1472
1247	1503
1247	1488
1247	1500
1247	1550
1247	1557
1247	1527
1247	1468
1247	1413
1247	1505
1247	1553
1247	1577
1247	1497
1247	1538
1247	1453
1247	1452
1247	1472
1247	1538
1247	1615
1247	1574
1247	1508
1247	1485
1247	1580
1247	1587
1247	1716
1247	1514
1247	1528

melhor e media

1473	2869
1347	2145
1312	1697
1268	1677
1268	1585
1268	1551
1268	1480
1268	1494
1247	1427
1247	1565
1247	1620
1247	1706
1247	1566
1245	1574
1245	1524
1245	1589
1245	1514
1245	1493
1245	1534
1245	1590
1245	1570
1245	1574
1245	1636
1245	1502
1245	1501
1245	1588
1245	1485
1245	1477
1245	1508
1245	1621
1245	1490
1245	1628
1245	1553
1245	1608
1245	1629
1245	1529
1245	1507
1245	1519
1245	1699
1245	1631
1245	1600
1245	1622
1245	1704
1245	1714
1245	1577
1245	1650
1245	1586
1245	1553
1245	1585
1245	1589
1245	1531
1245	1654
1245	1524
1245	1617
1245	1579
1245	1479
1245	1647
1245	1496
1245	1521
1245	1584
1245	1637
1245	1502
1245	1548
1245	1470
1245	1445
1245	1568
1245	1450
1245	1452
1245	1507
1245	1596
1245	1638
1245	1611
1245	1701
1245	1540
1245	1619
1245	1617
1245	1541
1245	1515
1245	1442
1245	1607
1245	1461
1245	1509
1245	1617
1245	1699
1245	1524
1245	1786
1245	1526
1245	1639
1245	1600
1245	1572
1245	1619
1245	1646
1245	1576
1245	1558
1245	1500
1245	1498
1245	1580
1245	1498
1245	1573
1245	1490

melhor e media

1366	2833
1308	2027
1305	1807
1300	1706
1300	1617
1300	1586
1300	1496
1300	1615
1276	1816
1276	1649
1276	1643
1270	1709
1270	1494
1270	1570
1268	1598
1268	1617
1268	1599
1268	1579
1268	1644
1268	1644
1268	1577
1268	1673
1268	1631
1268	1630
1268	1586
1268	1741
1268	1612
1268	1626
1268	1621
1268	1553
1268	1616
1268	1560
1268	1555
1268	1622
1268	1563
1268	1605
1268	1626
1268	1731
1268	1742
1268	1686
1268	1682
1268	1780
1268	1661
1268	1594
1268	1502
1268	1411
1268	1490
1268	1636
1268	1510
1268	1604
1268	1522
1268	1699
1268	1558
1268	1505
1268	1629
1268	1555
1268	1751
1268	1746
1268	1699
1268	1580
1268	1446
1268	1425
1268	1572
1268	1500
1268	1569
1268	1519
1268	1656
1268	1567
1268	1576
1268	1639
1268	1555
1268	1530
1268	1579
1268	1545
1268	1755
1268	1652
1268	1578
1268	1532
1268	1526
1268	1510
1268	1492
1268	1481
1268	1567
1268	1491
1268	1543
1268	1757
1268	1659
1268	1585
1268	1680
1268	1582
1268	1557
1268	1624
1268	1603
1268	1669
1268	1577
1268	1619
1268	1645
1268	1566
1268	1611
1268	1527

melhor e media

1382	2863
1342	1899
1333	1755
1312	1741
1312	1696
1306	1579
1306	1602
1298	1570
1298	1507
1272	1516
1272	1579
1269	1726
1269	1785
1269	1846
1269	1762
1269	1744
1269	1619
1269	1821
1269	1885
1266	1866
1266	1699
1266	1975
1266	1814
1266	1772
1266	1971
1266	1868
1266	1895
1266	1763
1266	1633
1266	1737
1266	1713
1266	1645
1266	1590
1266	1800
1266	1714
1266	1780
1266	1735
1266	1729
1266	1904
1266	2012
1266	1875
1266	1840
1266	1836
1266	1765
1266	1620
1266	1720
1266	1601
1266	1858
1266	1682
1266	1906
1266	1904
1266	1713
1266	1819
1266	1835
1266	1729
1266	1857
1266	1852
1266	1882
1266	1883
1266	1785
1266	1646
1266	1588
1266	1717
1266	1825
1266	1795
1266	1785
1266	1600
1266	1620
1266	1649
1266	1678
1266	1735
1266	1794
1266	1787
1266	1663
1266	1891
1266	1952
1266	1789
1266	1873
1266	1781
1266	1899
1266	1899
1266	1751
1266	1744
1266	1697
1266	1607
1266	1640
1266	1615
1266	1840
1266	1804
1266	1620
1266	1893
1266	1747
1266	1876
1266	1937
1266	1672
1266	1809
1266	1672
1266	1850
1266	1791
1266	1739

melhor e media

1391	2733
1342	2073
1316	1647
1316	1736
1279	1709
1279	1654
1279	1693
1279	1586
1279	1627
1279	1614
1279	1644
1279	1677
1279	1587
1279	1714
1279	1622
1265	1683
1265	1477
1265	1465
1265	1475
1265	1652
1265	1562
1265	1597
1265	1621
1265	1661
1265	1537
1265	1533
1265	1604
1265	1655
1265	1603
1265	1530
1265	1422
1265	1622
1265	1480
1265	1560
1264	1511
1264	1660
1264	1614
1264	1654
1264	1539
1264	1557
1264	1624
1264	1670
1264	1465
1264	1530
1264	1531
1264	1595
1264	1480
1264	1566
1264	1570
1264	1461
1264	1609
1264	1548
1264	1508
1264	1435
1264	1586
1264	1572
1264	1545
1264	1619
1264	1522
1264	1669
1264	1569
1264	1684
1264	1595
1264	1570
1264	1530
1264	1528
1264	1625
1264	1539
1264	1575
1264	1478
1264	1542
1264	1503
1264	1717
1264	1583
1264	1610
1264	1615
1264	1512
1264	1626
1264	1603
1264	1564
1264	1571
1264	1489
1264	1519
1264	1486
1264	1476
1264	1476
1264	1552
1264	1455
1264	1459
1264	1468
1264	1570
1264	1587
1264	1457
1264	1593
1264	1522
1264	1642
1264	1435
1264	1465
1264	1533
1264	1607

melhor e media

1337	2830
1291	1916
1281	1649
1281	1659
1280	1525
1280	1624
1280	1636
1273	1663
1273	1597
1273	1531
1273	1535
1273	1595
1273	1637
1273	1482
1273	1433
1273	1486
1273	1581
1273	1575
1273	1568
1273	1673
1273	1600
1273	1553
1273	1561
1273	1526
1273	1583
1273	1547
1273	1528
1273	1472
1273	1494
1273	1552
1273	1488
1273	1620
1271	1605
1271	1494
1271	1528
1271	1540
1271	1500
1271	1639
1261	1549
1261	1523
1261	1487
1261	1514
1261	1459
1261	1449
1261	1493
1261	1524
1261	1619
1261	1704
1261	1429
1261	1501
1261	1544
1261	1500
1261	1658
1261	1655
1261	1582
1261	1519
1261	1640
1259	1402
1259	1475
1259	1573
1259	1567
1259	1589
1259	1634
1259	1499
1259	1520
1259	1634
1259	1436
1259	1499
1259	1625
1259	1465
1259	1470
1259	1500
1259	1479
1259	1539
1259	1559
1259	1605
1259	1503
1259	1614
1259	1548
1259	1493
1259	1487
1259	1537
1259	1537
1259	1485
1259	1483
1259	1553
1259	1541
1259	1530
1259	1652
1259	1657
1259	1607
1259	1499
1258	1555
1258	1518
1255	1431
1255	1536
1255	1646
1255	1497
1255	1487
1255	1549

melhor e media

1479	2870
1400	2107
1324	1694
1324	1571
1321	1695
1319	1565
1317	1623
1309	1596
1291	1619
1291	1570
1291	1555
1291	1567
1291	1532
1291	1568
1291	1427
1291	1549
1291	1612
1291	1526
1291	1587
1291	1576
1291	1606
1291	1504
1291	1550
1291	1546
1291	1551
1291	1587
1288	1517
1288	1467
1275	1541
1275	1592
1272	1494
1272	1498
1272	1712
1272	1518
1272	1501
1272	1503
1263	1668
1263	1555
1263	1520
1263	1613
1263	1472
1263	1523
1263	1498
1263	1583
1263	1440
1263	1462
1263	1581
1263	1447
1263	1571
1263	1567
1263	1556
1263	1429
1263	1670
1263	1550
1263	1604
1263	1644
1263	1612
1263	1627
1263	1676
1263	1543
1263	1552
1263	1532
1263	1531
1263	1571
1263	1670
1263	1683
1263	1602
1263	1657
1263	1483
1263	1647
1263	1604
1263	1605
1263	1667
1263	1592
1263	1510
1263	1528
1263	1619
1263	1553
1263	1618
1263	1520
1263	1502
1263	1498
1263	1570
1263	1563
1263	1639
1263	1710
1263	1607
1263	1576
1263	1669
1263	1527
1263	1604
1263	1410
1263	1467
1263	1640
1263	1684
1263	1591
1263	1515
1263	1593
1263	1496
1263	1506

melhor e media

1289	2736
1289	1819
1289	1617
1289	1629
1289	1621
1289	1489
1289	1601
1289	1605
1289	1590
1289	1656
1289	1580
1289	1557
1289	1569
1289	1660
1289	1605
1289	1604
1289	1548
1289	1517
1289	1689
1289	1590
1289	1541
1289	1562
1289	1572
1289	1575
1289	1637
1289	1663
1289	1589
1289	1634
1289	1532
1289	1627
1289	1585
1289	1573
1289	1535
1289	1621
1289	1653
1289	1604
1289	1576
1289	1473
1289	1544
1289	1639
1289	1548
1289	1582
1289	1604
1289	1690
1289	1656
1289	1519
1289	1721
1289	1681
1289	1617
1289	1609
1289	1533
1289	1617
1289	1615
1289	1664
1289	1592
1289	1552
1289	1645
1289	1650
1289	1766
1289	1639
1289	1638
1289	1694
1289	1594
1289	1537
1289	1508
1289	1661
1289	1684
1289	1606
1289	1499
1289	1531
1289	1516
1289	1634
1289	1667
1289	1578
1289	1632
1289	1633
1289	1569
1289	1698
1289	1572
1289	1591
1289	1533
1289	1718
1289	1571
1289	1669
1289	1780
1289	1716
1289	1611
1289	1729
1289	1595
1289	1728
1289	1692
1289	1553
1289	1646
1289	1573
1289	1621
1289	1699
1289	1551
1289	1666
1289	1598
1289	1598

melhor e media

1466	2844
1383	2027
1337	1865
1309	1665
1291	1607
1291	1639
1291	1597
1291	1516
1291	1567
1291	1510
1291	1648
1291	1574
1291	1561
1291	1477
1291	1543
1291	1599
1291	1532
1291	1554
1291	1484
1291	1532
1291	1486
1291	1535
1291	1622
1291	1657
1291	1610
1291	1442
1291	1537
1291	1452
1291	1506
1291	1568
1291	1507
1291	1593
1291	1665
1291	1564
1291	1522
1291	1516
1291	1468
1291	1584
1291	1668
1291	1562
1291	1601
1285	1665
1277	1562
1277	1557
1273	1472
1273	1538
1273	1487
1273	1601
1273	1490
1273	1447
1273	1512
1273	1599
1273	1623
1273	1587
1273	1489
1273	1543
1264	1470
1264	1507
1264	1607
1264	1604
1264	1607
1264	1636
1264	1618
1264	1673
1264	1557
1264	1612
1264	1532
1264	1635
1264	1736
1264	1563
1264	1589
1264	1633
1264	1682
1264	1514
1264	1510
1264	1547
1264	1541
1264	1597
1264	1564
1264	1645
1264	1738
1264	1707
1264	1484
1264	1534
1264	1573
1264	1566
1264	1628
1264	1578
1264	1631
1264	1628
1264	1599
1264	1613
1264	1649
1264	1662
1264	1639
1264	1671
1264	1649
1264	1726
1264	1507
1264	1655

melhor e media

1405	2881
1307	2233
1307	1616
1300	1629
1279	1629
1276	1592
1275	1689
1275	1652
1266	1674
1264	1587
1264	1633
1264	1628
1264	1704
1264	1708
1260	1551
1259	1638
1259	1560
1259	1594
1259	1620
1259	1588
1259	1613
1259	1603
1259	1659
1259	1543
1259	1444
1259	1737
1259	1678
1259	1570
1259	1676
1259	1655
1259	1639
1259	1531
1259	1593
1256	1538
1256	1457
1256	1601
1256	1582
1256	1516
1256	1553
1256	1704
1256	1581
1256	1646
1256	1518
1256	1596
1256	1540
1256	1490
1256	1450
1256	1512
1256	1762
1256	1517
1256	1468
1256	1462
1256	1733
1256	1555
1256	1720
1256	1543
1256	1592
1256	1554
1256	1579
1256	1520
1256	1457
1256	1537
1256	1549
1256	1520
1256	1447
1256	1530
1256	1552
1256	1495
1256	1639
1256	1585
1256	1446
1256	1596
1256	1566
1256	1561
1256	1479
1256	1650
1256	1598
1256	1412
1256	1551
1256	1676
1256	1594
1256	1564
1256	1626
1256	1456
1256	1497
1256	1453
1256	1525
1256	1533
1256	1559
1256	1515
1256	1544
1256	1544
1256	1680
1256	1819
1256	1593
1256	1565
1256	1392
1256	1559
1256	1536
1256	1541

melhor e media

1430	2917
1276	2041
1264	1728
1264	1538
1264	1697
1264	1530
1264	1647
1264	1617
1264	1535
1264	1619
1264	1542
1264	1690
1264	1488
1264	1527
1259	1568
1259	1560
1253	1477
1253	1485
1253	1584
1253	1528
1253	1740
1253	1593
1253	1491
1253	1489
1253	1437
1253	1454
1253	1416
1253	1572
1253	1579
1253	1506
1253	1542
1253	1507
1253	1485
1253	1470
1253	1405
1253	1525
1253	1403
1253	1480
1253	1490
1253	1550
1253	1552
1253	1437
1253	1439
1253	1436
1253	1576
1252	1486
1252	1494
1252	1441
1252	1657
1252	1551
1252	1397
1252	1543
1252	1608
1252	1459
1252	1558
1252	1526
1252	1517
1252	1472
1252	1492
1252	1530
1252	1517
1252	1538
1252	1554
1252	1656
1252	1479
1252	1607
1252	1548
1252	1635
1252	1456
1252	1529
1252	1521
1252	1498
1252	1435
1252	1648
1252	1373
1252	1495
1252	1582
1252	1606
1252	1594
1252	1588
1252	1565
1252	1472
1252	1613
1252	1596
1252	1613
1252	1640
1252	1588
1252	1513
1252	1503
1252	1532
1252	1563
1252	1627
1252	1495
1252	1537
1252	1540
1252	1541
1252	1468
1252	1378
1252	1476
1252	1659

melhor e media

1420	2915
1294	2099
1266	1595
1266	1492
1266	1535
1266	1558
1266	1544
1266	1528
1266	1438
1266	1551
1266	1467
1266	1552
1266	1438
1266	1631
1266	1577
1266	1607
1266	1529
1266	1506
1266	1522
1266	1535
1266	1569
1266	1520
1266	1552
1266	1553
1266	1580
1266	1608
1266	1604
1266	1576
1266	1609
1266	1582
1266	1635
1266	1592
1266	1498
1266	1566
1266	1571
1266	1663
1266	1657
1266	1432
1266	1464
1266	1593
1266	1524
1266	1577
1266	1450
1266	1525
1266	1423
1266	1498
1266	1581
1266	1692
1266	1453
1266	1663
1266	1552
1266	1601
1266	1608
1266	1520
1266	1417
1266	1539
1266	1547
1266	1376
1266	1509
1266	1484
1266	1554
1266	1558
1266	1485
1266	1591
1266	1525
1266	1438
1266	1499
1266	1509
1266	1594
1266	1476
1266	1430
1266	1450
1266	1556
1266	1539
1266	1609
1266	1563
1266	1590
1266	1593
1266	1567
1266	1551
1266	1448
1266	1539
1266	1629
1266	1607
1266	1453
1266	1609
1266	1504
1266	1643
1266	1504
1266	1610
1266	1503
1266	1590
1266	1546
1266	1591
1266	1599
1266	1681
1266	1641
1266	1521
1266	1465
1266	1516

melhor e media

1598	2965
1464	2300
1353	1875
1343	1669
1331	1631
1318	1691
1318	1679
1313	1628
1313	1693
1307	1565
1303	1565
1303	1683
1303	1659
1301	1590
1301	1535
1301	1569
1291	1603
1291	1599
1291	1694
1291	1608
1291	1671
1291	1594
1291	1654
1291	1722
1291	1555
1291	1647
1291	1623
1291	1627
1291	1496
1291	1457
1291	1657
1291	1490
1291	1509
1291	1631
1291	1584
1291	1493
1291	1556
1291	1504
1282	1468
1282	1466
1282	1510
1282	1523
1282	1661
1282	1654
1282	1543
1282	1587
1282	1642
1273	1540
1273	1559
1273	1624
1273	1541
1273	1702
1273	1602
1273	1699
1264	1563
1264	1573
1264	1671
1264	1576
1264	1662
1264	1642
1264	1729
1264	1599
1264	1706
1264	1556
1264	1408
1264	1524
1264	1541
1264	1652
1264	1518
1264	1568
1264	1629
1264	1638
1264	1615
1264	1650
1264	1667
1264	1620
1264	1643
1264	1609
1264	1587
1264	1675
1264	1538
1264	1661
1264	1655
1264	1660
1264	1567
1264	1489
1264	1730
1264	1646
1264	1567
1264	1567
1264	1691
1264	1559
1264	1572
1264	1638
1264	1701
1264	1656
1264	1571
1264	1504
1264	1524
1264	1640

melhor e media

1323	2789
1298	2003
1294	1900
1294	1636
1294	1638
1294	1530
1294	1524
1294	1619
1294	1540
1294	1616
1294	1624
1294	1559
1294	1464
1294	1487
1294	1474
1291	1592
1289	1687
1289	1728
1289	1613
1287	1638
1275	1630
1275	1526
1275	1662
1275	1532
1275	1484
1275	1622
1275	1690
1275	1604
1275	1585
1275	1603
1275	1516
1275	1509
1275	1636
1275	1672
1275	1561
1275	1481
1275	1544
1275	1537
1275	1509
1275	1639
1275	1603
1275	1555
1275	1519
1275	1674
1275	1473
1275	1485
1275	1570
1275	1397
1275	1613
1275	1535
1275	1670
1275	1644
1275	1613
1275	1601
1275	1587
1275	1467
1275	1511
1275	1532
1275	1488
1275	1463
1275	1588
1275	1510
1275	1502
1275	1616
1275	1606
1275	1574
1275	1623
1275	1461
1275	1518
1275	1569
1275	1567
1275	1514
1275	1678
1275	1615
1275	1625
1275	1516
1275	1482
1275	1474
1275	1581
1275	1520
1275	1549
1275	1600
1275	1652
1275	1537
1275	1524
1275	1692
1275	1630
1275	1680
1275	1561
1275	1510
1275	1571
1275	1558
1275	1647
1275	1458
1275	1566
1275	1616
1275	1525
1275	1535
1275	1470
1275	1475

melhor e media

1461	2889
1330	1933
1301	1742
1301	1693
1301	1738
1301	1678
1301	1786
1301	1656
1301	1640
1301	1874
1301	1798
1301	1714
1301	1620
1301	1696
1301	1727
1301	1692
1301	1637
1301	1745
1301	1623
1292	1592
1292	1551
1292	1676
1292	1593
1292	1725
1292	1808
1292	1777
1292	1652
1292	1645
1292	1642
1292	1631
1292	1526
1292	1532
1292	1760
1291	1825
1291	1647
1280	1574
1262	1668
1261	1506
1261	1745
1252	1545
1252	1606
1252	1550
1252	1620
1252	1574
1252	1710
1252	1568
1252	1588
1252	1525
1252	1587
1252	1475
1252	1851
1252	1741
1252	1683
1252	1863
1252	1762
1252	1676
1252	1642
1252	1590
1252	1762
1252	1636
1252	1604
1252	1671
1252	1722
1252	1738
1252	1593
1252	1448
1252	1551
1252	1570
1252	1551
1252	1553
1252	1623
1252	1644
1252	1574
1252	1624
1252	1778
1252	1693
1252	1635
1252	1659
1252	1609
1252	1601
1252	1543
1252	1570
1252	1537
1252	1823
1252	1637
1252	1656
1252	1602
1252	1741
1252	1554
1252	1609
1252	1579
1252	1461
1252	1589
1252	1598
1252	1601
1252	1807
1252	1670
1252	1592
1252	1696
1252	1699

melhor e media

1369	2695
1301	1881
1291	1686
1283	1729
1278	1694
1278	1494
1278	1545
1278	1617
1278	1599
1278	1659
1278	1593
1278	1519
1278	1512
1278	1617
1278	1611
1278	1512
1278	1518
1278	1603
1278	1532
1278	1647
1278	1655
1278	1634
1278	1513
1278	1461
1278	1709
1278	1656
1278	1573
1278	1603
1278	1667
1268	1707
1268	1591
1259	1491
1259	1584
1259	1601
1259	1511
1259	1562
1259	1441
1259	1510
1259	1567
1259	1517
1256	1578
1256	1463
1256	1593
1256	1625
1256	1681
1256	1507
1256	1508
1256	1460
1256	1549
1250	1526
1250	1487
1250	1631
1250	1507
1250	1493
1250	1609
1250	1500
1250	1591
1249	1615
1248	1600
1248	1723
1248	1595
1248	1535
1248	1455
1248	1489
1248	1438
1248	1484
1248	1607
1248	1502
1248	1468
1248	1559
1248	1512
1248	1516
1248	1555
1248	1517
1248	1486
1248	1398
1248	1485
1248	1551
1248	1469
1248	1484
1248	1492
1248	1404
1248	1394
1248	1526
1248	1523
1248	1545
1248	1597
1248	1518
1248	1473
1248	1520
1248	1516
1248	1635
1248	1534
1248	1480
1248	1436
1248	1574
1248	1498
1248	1491
1248	1539
1248	1579

melhor e media

1453	2885
1387	1806
1332	1668
1286	1638
1273	1766
1273	1638
1273	1664
1254	1737
1254	1581
1254	1551
1254	1590
1254	1697
1254	1625
1254	1618
1252	1527
1252	1513
1252	1614
1252	1742
1252	1559
1252	1526
1252	1494
1252	1521
1252	1451
1252	1517
1252	1586
1252	1428
1252	1474
1252	1428
1252	1605
1252	1519
1252	1491
1252	1590
1252	1525
1252	1492
1252	1551
1250	1411
1250	1559
1250	1593
1250	1502
1250	1560
1250	1474
1250	1429
1250	1581
1250	1573
1250	1492
1250	1496
1250	1487
1250	1500
1250	1481
1250	1523
1250	1560
1250	1522
1250	1595
1250	1591
1250	1506
1250	1599
1250	1559
1250	1528
1250	1565
1250	1517
1250	1407
1250	1471
1250	1409
1250	1479
1250	1583
1250	1428
1250	1663
1250	1607
1250	1594
1250	1677
1250	1514
1250	1403
1250	1514
1250	1579
1250	1360
1250	1495
1250	1443
1250	1443
1250	1442
1250	1353
1250	1475
1250	1404
1250	1495
1250	1570
1250	1563
1250	1594
1250	1485
1250	1549
1250	1504
1250	1542
1250	1686
1250	1551
1250	1530
1250	1459
1250	1481
1250	1618
1250	1497
1250	1648
1250	1485
1250	1538

