melhor e media

1654	2593
1616	1939
1616	1903
1616	1758
1616	1973
1594	1795
1594	1804
1594	1707
1563	1822
1563	1868
1563	1888
1563	1890
1563	1661
1551	1779
1551	1639
1551	1657
1551	1634
1551	1663
1551	1768
1551	1710
1551	1676
1543	1760
1543	1828
1543	1731
1543	1655
1543	1694
1543	1796
1543	1778
1543	1615
1543	1670
1543	1870
1543	1789
1543	1838
1543	1741
1543	1837
1543	1819
1543	1837
1543	1693
1543	1881
1543	1745
1543	1778
1543	1670
1543	1859
1543	1808
1543	1726
1543	1802
1543	1844
1543	1760
1543	1861
1543	1816

melhor e media

1601	2172
1551	2042
1551	1833
1551	1798
1551	1705
1551	1911
1551	1833
1551	1751
1543	1666
1543	1782
1543	1646
1543	2003
1543	1968
1543	1879
1543	1890
1543	1950
1543	1706
1543	1777
1543	1848
1543	1748
1543	1783
1543	1734
1543	1947
1543	1750
1543	1795
1543	1820
1543	1871
1543	2006
1543	1981
1543	1897
1543	1999
1543	1712
1543	1900
1543	1748
1543	1694
1543	1672
1543	1675
1543	1668
1543	1666
1543	1803
1543	1743
1543	1675
1543	1689
1543	1808
1543	1957
1543	1935
1543	1840
1543	1756
1543	1784
1543	1813

melhor e media

1667	2334
1589	1964
1589	1865
1589	1809
1589	1764
1589	1792
1589	1774
1589	1747
1589	1747
1589	1713
1589	1649
1589	1672
1589	1645
1589	1635
1589	1727
1589	1713
1589	1789
1589	1667
1589	1639
1589	1718
1589	1711
1589	1731
1589	1747
1589	1685
1579	1791
1579	1861
1579	1667
1579	1720
1579	1685
1569	1875
1569	2035
1569	1884
1569	1780
1569	1677
1569	1892
1569	1722
1569	1769
1569	1702
1569	1702
1569	1865
1569	1849
1569	1793
1569	1763
1569	1673
1569	1743
1569	1878
1569	1917
1569	1793
1569	1908
1569	1877

melhor e media

1621	2463
1594	1856
1594	1746
1594	1858
1594	1712
1594	1721
1594	1707
1583	1732
1583	1694
1583	1823
1583	1782
1583	1847
1583	1798
1583	1716
1583	1717
1583	1803
1583	1777
1583	1692
1583	1720
1583	1701
1583	1730
1583	1719
1583	1702
1583	1764
1583	1636
1583	1718
1583	1696
1583	1884
1583	1733
1583	1642
1583	1667
1583	1675
1583	1790
1583	1741
1583	1818
1583	1682
1583	1793
1583	1669
1583	1835
1583	1676
1583	1734
1583	1728
1583	1670
1583	1715
1583	1822
1583	1719
1583	1686
1583	1796
1583	1693
1583	1679

melhor e media

1551	2448
1551	2185
1551	1732
1551	1729
1551	1749
1551	1708
1551	1756
1551	1722
1551	1732
1551	1693
1551	1649
1543	1637
1543	1777
1543	1952
1543	1777
1543	1751
1543	1895
1543	1753
1543	1844
1543	1766
1543	1766
1543	1841
1543	1877
1543	1854
1543	1776
1543	1690
1543	1704
1543	1712
1543	1977
1543	1715
1543	1721
1543	1763
1543	1876
1543	1854
1543	1815
1543	1669
1543	1782
1543	1780
1543	1844
1543	1934
1543	1815
1543	1894
1543	1887
1543	1780
1543	1744
1543	1856
1543	1671
1543	1693
1543	1862
1543	1772

melhor e media

1604	2531
1589	1971
1589	2228
1589	2043
1589	2052
1589	1874
1589	1920
1589	1836
1589	1800
1589	1834
1589	1664
1589	1834
1589	1743
1589	1875
1589	1754
1589	1906
1589	1788
1589	1936
1589	1767
1589	1822
1589	1701
1589	1696
1589	1794
1589	1740
1589	1752
1551	1836
1551	1773
1551	1781
1551	1793
1551	1753
1551	1643
1551	1807
1543	1751
1543	1787
1543	1692
1543	1731
1543	1848
1543	1752
1543	1924
1543	2043
1543	1913
1543	1704
1543	1739
1543	1776
1543	1886
1543	1908
1543	1847
1543	1815
1543	1732
1543	1657

melhor e media

1602	2353
1602	2088
1602	1929
1596	1793
1569	1768
1569	1706
1569	1802
1569	1858
1569	1802
1569	1747
1569	1637
1569	1780
1569	1787
1569	1756
1569	1777
1569	1696
1569	1806
1569	1892
1566	1757
1566	1890
1566	1759
1566	1778
1566	1731
1566	1808
1566	1887
1566	1720
1566	1815
1566	1806
1566	1844
1566	1758
1566	1709
1566	1858
1566	1752
1559	1753
1559	1812
1559	1727
1559	1851
1559	1823
1559	1728
1559	1892
1559	1852
1559	1750
1559	1679
1559	1782
1559	1744
1559	1826
1559	1741
1559	1798
1559	1817
1559	1718

melhor e media

1641	2469
1603	1830
1601	1832
1601	1862
1594	1743
1594	1998
1594	1910
1594	1811
1583	1767
1583	1766
1583	1708
1583	1762
1583	1773
1583	1721
1583	1699
1583	1641
1583	1814
1583	1832
1583	1741
1583	1842
1583	1684
1583	1828
1583	1728
1583	1701
1583	1939
1583	1881
1583	1743
1583	1695
1583	1637
1583	1805
1583	1713
1583	1716
1583	1791
1583	1693
1583	1635
1583	1633
1583	1702
1583	1836
1583	1734
1583	1751
1583	1752
1583	1680
1583	1726
1583	1834
1583	1886
1583	1825
1583	1799
1583	1723
1583	1771
1583	1758

melhor e media

1589	2182
1589	2099
1589	1880
1589	1637
1589	1669
1589	1664
1589	1855
1582	1724
1582	1670
1551	1801
1551	1659
1551	1746
1551	1787
1551	1668
1551	1745
1551	1740
1551	1818
1543	1669
1543	1734
1543	1669
1543	1720
1543	1874
1543	1920
1543	1693
1543	1714
1543	1869
1543	1694
1543	1677
1543	1641
1543	1695
1543	1832
1543	1656
1543	1667
1543	1731
1543	1685
1543	1855
1543	1819
1543	1814
1543	1843
1543	1795
1543	1816
1543	1840
1543	1776
1543	1647
1543	1650
1543	1762
1543	1659
1543	1725
1543	1691
1543	1677

melhor e media

1634	2424
1596	1911
1555	1882
1555	1888
1555	1964
1555	1640
1555	1701
1543	1801
1543	1815
1543	1714
1543	1724
1543	1635
1543	1974
1543	1975
1543	1743
1543	1713
1543	1706
1543	1805
1543	1772
1543	1693
1543	1638
1543	1749
1543	1706
1543	1623
1543	1843
1543	1764
1543	1921
1543	1861
1543	1692
1543	1712
1543	1784
1543	1854
1543	1778
1543	1884
1543	1855
1543	1669
1543	1795
1543	1803
1543	1821
1543	1805
1543	1667
1543	1616
1543	1763
1543	1666
1543	1797
1543	1683
1543	1717
1543	1818
1543	1692
1543	1693

melhor e media

1777	2463
1685	2066
1671	1923
1604	1839
1604	1914
1594	1840
1594	1840
1594	1748
1594	2084
1583	1773
1583	1853
1583	1657
1583	1737
1583	1728
1583	1798
1583	1941
1583	2031
1583	1950
1583	1781
1583	1755
1583	1759
1583	1749
1583	1790
1583	1793
1583	1726
1583	1723
1583	1740
1583	1667
1583	1774
1583	1626
1583	1792
1583	1695
1583	1772
1583	1905
1583	1830
1583	1806
1583	1712
1583	1779
1583	1680
1583	1729
1583	1678
1583	1644
1583	1671
1583	1857
1583	1665
1583	1666
1583	1786
1583	1755
1583	1866
1583	1731

melhor e media

1589	2379
1589	1904
1562	1740
1562	1856
1562	1812
1562	1742
1562	1753
1562	1639
1562	1838
1562	1682
1551	1685
1551	1835
1551	1745
1551	1694
1551	1805
1551	1722
1551	1688
1551	1799
1551	1650
1551	1618
1551	1849
1543	1733
1543	1806
1543	1772
1543	1793
1543	1795
1543	1704
1543	1735
1543	1664
1543	1862
1543	1671
1543	1684
1543	1707
1543	1827
1543	1710
1543	1936
1543	2214
1543	1955
1543	1745
1543	1698
1543	1688
1543	1763
1543	1782
1543	1836
1543	1693
1543	1735
1543	1781
1543	1846
1543	1921
1543	1759

melhor e media

1620	2425
1596	2004
1596	1937
1569	1766
1569	1775
1569	1738
1569	1799
1569	1907
1569	1740
1569	1704
1569	1685
1569	1793
1569	1703
1569	1707
1569	1828
1569	1729
1569	1889
1569	1880
1569	1812
1569	1743
1569	1813
1569	1718
1569	1718
1569	1715
1569	1832
1569	1723
1569	1813
1569	1810
1569	1711
1569	1736
1569	1678
1569	1737
1569	1674
1569	1652
1569	1652
1569	1651
1569	1819
1569	1798
1569	1917
1569	1789
1569	1681
1569	1674
1569	1670
1569	1716
1569	1777
1569	1744
1569	1732
1569	1718
1569	1721
1569	1791

melhor e media

1601	2242
1551	1986
1551	1923
1551	1780
1551	1638
1551	1758
1551	1698
1551	1901
1551	1915
1551	1793
1551	1783
1551	1810
1551	1868
1551	1722
1551	1678
1551	1664
1551	1823
1551	1842
1551	1626
1551	1669
1551	1596
1551	1619
1551	1751
1551	1789
1551	1903
1543	1931
1543	1811
1543	1715
1543	1671
1543	1708
1543	1765
1543	1947
1543	1790
1543	1719
1543	1654
1543	1742
1543	1758
1543	1807
1543	1621
1543	1838
1543	1744
1543	1867
1543	1808
1543	1771
1543	1976
1543	1934
1543	1853
1543	1776
1543	1691
1543	1912

melhor e media

1627	2427
1604	2050
1604	2018
1551	1785
1551	2107
1551	1845
1551	1903
1551	1901
1551	1648
1551	1812
1551	1675
1551	1709
1551	1842
1551	1837
1551	1704
1551	1785
1543	1731
1543	1953
1543	1860
1543	1717
1543	1974
1543	1733
1543	1756
1543	1728
1543	1778
1543	1715
1543	1728
1543	1995
1543	1723
1543	1749
1543	1656
1543	1770
1543	1646
1543	1751
1543	1769
1543	1769
1543	1984
1543	1822
1543	1812
1543	1915
1543	1827
1543	1754
1543	1874
1543	1915
1543	1850
1543	1825
1543	1812
1543	1739
1543	1848
1543	1741

melhor e media

1635	2359
1602	2014
1589	1878
1579	1717
1563	1785
1543	1653
1543	1693
1543	1792
1543	1687
1543	1770
1543	2015
1543	1717
1543	1781
1543	1637
1543	1661
1543	1686
1543	1649
1543	1706
1543	1679
1543	1816
1543	1793
1543	1856
1543	1802
1543	1748
1543	1735
1543	1767
1543	1872
1543	1822
1543	1866
1543	1743
1543	1709
1543	1837
1543	1782
1543	1713
1543	1762
1543	1746
1543	1857
1543	1752
1543	1773
1543	1739
1543	2005
1543	1722
1543	1649
1543	1727
1543	1761
1543	1940
1543	1824
1543	1729
1543	1882
1543	1709

melhor e media

1616	2318
1616	1897
1616	1752
1616	1781
1616	1761
1616	1790
1590	1705
1590	1731
1590	1792
1590	1793
1590	1814
1590	1989
1590	1884
1590	1805
1590	1736
1590	1769
1590	1754
1590	1716
1590	1777
1590	1682
1590	1673
1590	1770
1590	1722
1590	1795
1590	1692
1543	1814
1543	1986
1543	1820
1543	1840
1543	2063
1543	1957
1543	1729
1543	1656
1543	1797
1543	1864
1543	1797
1543	1861
1543	1805
1543	1835
1543	1828
1543	1885
1543	1753
1543	1668
1543	1696
1543	1664
1543	1836
1543	1765
1543	1695
1543	1801
1543	1776

melhor e media

1596	2487
1583	2027
1563	1929
1551	1825
1551	1704
1543	1667
1543	1795
1543	1759
1543	1865
1543	1872
1543	1694
1543	1718
1543	1766
1543	1742
1543	1774
1543	1740
1543	1741
1543	1809
1543	1829
1543	1807
1543	1788
1543	1831
1543	1916
1543	1764
1543	1962
1543	1836
1543	1777
1543	1869
1543	1829
1543	1838
1543	1718
1543	1821
1543	1788
1543	1699
1543	1763
1543	1893
1543	1714
1543	1841
1543	1745
1543	1760
1543	1764
1543	1813
1543	1888
1543	1750
1543	1720
1543	1845
1543	1641
1543	1844
1543	1686
1543	1769

melhor e media

1585	2434
1562	1940
1551	1851
1551	1824
1551	1745
1551	1660
1551	1771
1551	1667
1551	1623
1551	1676
1551	1823
1551	1697
1551	1909
1551	1860
1551	1687
1551	1768
1551	1745
1551	1684
1551	1772
1543	1709
1543	1768
1543	1916
1543	1880
1543	1841
1543	1821
1543	1805
1543	1614
1543	1612
1543	1846
1543	1879
1543	1631
1543	1668
1543	1866
1543	1663
1543	1663
1543	1668
1543	1774
1543	1654
1543	1871
1543	1969
1543	1872
1543	1749
1543	1804
1543	1858
1543	1721
1543	1822
1543	1765
1543	1835
1543	1849
1543	1666

melhor e media

1615	2396
1589	1857
1589	1985
1589	1847
1589	1937
1589	1810
1589	1984
1589	2004
1589	2081
1589	1959
1589	1875
1589	2039
1589	2172
1589	2031
1589	1935
1589	1928
1589	1953
1589	1793
1589	1830
1589	1752
1589	1763
1589	1768
1589	1965
1589	1947
1589	2006
1589	1882
1589	1776
1589	1773
1589	1780
1589	1773
1589	1799
1589	1767
1589	1768
1589	1767
1589	1827
1589	1835
1589	1870
1589	1765
1589	1866
1589	1934
1589	1993
1589	1874
1589	2045
1589	1909
1589	1754
1589	1898
1589	1862
1589	1804
1589	1995
1589	1802

melhor e media

1604	2200
1589	1842
1589	1972
1589	2041
1589	2043
1589	1849
1589	1927
1589	1968
1589	1889
1589	1868
1589	1855
1589	1734
1589	1762
1589	1791
1589	1874
1589	1670
1589	1840
1589	1942
1589	1924
1589	1982
1589	1921
1589	1879
1589	1903
1589	1863
1589	2128
1589	2159
1589	2090
1589	2115
1589	1991
1589	1995
1589	2029
1589	2011
1589	1899
1589	1870
1589	1858
1589	1806
1589	1776
1589	1808
1589	1740
1589	1813
1589	1914
1589	1799
1589	2004
1589	2071
1589	1997
1589	1897
1589	1864
1589	1723
1589	1943
1589	1788

melhor e media

1615	2461
1589	1980
1589	1944
1589	1892
1589	1999
1589	1990
1589	1824
1589	1889
1589	1783
1589	1802
1589	1750
1589	1770
1589	1815
1589	1790
1589	1721
1589	1651
1589	1728
1589	1943
1589	1968
1589	1912
1589	1953
1589	1935
1589	2028
1589	1927
1589	1719
1589	1774
1589	1688
1589	1667
1589	1690
1589	1853
1589	1824
1589	1880
1589	1800
1589	1923
1589	1823
1589	1863
1589	1920
1589	1823
1589	1750
1589	1655
1589	1776
1589	1844
1589	1770
1589	2087
1589	1930
1589	1753
1589	1797
1589	1843
1589	1717
1589	1846

melhor e media

1662	2205
1571	1842
1571	1751
1569	1669
1569	1721
1569	1662
1569	1656
1569	1709
1551	1686
1551	1712
1551	1867
1551	1722
1551	1694
1543	1695
1543	1632
1543	1640
1543	1665
1543	1641
1543	1899
1543	1676
1543	1743
1543	1673
1543	1674
1543	1771
1543	1758
1543	1755
1543	1665
1543	1897
1543	1671
1543	1746
1543	1799
1543	1848
1543	1655
1543	1762
1543	1761
1543	1687
1543	1626
1543	1674
1543	1689
1543	1681
1543	1628
1543	1724
1543	1675
1543	1686
1543	1886
1543	1910
1543	1718
1543	1838
1543	1617
1543	1657

melhor e media

1609	2559
1589	1947
1589	1826
1589	1942
1589	1893
1589	1860
1589	1885
1589	1736
1589	1819
1589	1757
1589	1790
1589	1711
1589	1676
1589	1748
1589	1796
1589	1770
1589	1920
1589	1884
1589	1828
1589	1796
1589	1716
1589	1804
1589	1782
1589	1794
1589	1742
1589	1700
1589	1751
1589	1768
1589	2016
1589	2032
1551	1904
1551	1753
1543	1769
1543	1727
1543	1772
1543	1751
1543	1708
1543	1803
1543	1810
1543	1695
1543	1595
1543	1723
1543	1692
1543	1763
1543	1842
1543	1778
1543	1704
1543	1687
1543	1799
1543	1833

melhor e media

1601	2303
1589	1846
1589	1933
1589	1983
1589	1923
1589	1966
1589	1940
1589	1943
1589	1933
1589	1893
1589	1864
1589	1875
1589	1889
1589	1860
1589	1950
1589	1943
1589	1917
1589	1967
1589	1926
1589	1826
1589	1832
1589	1871
1589	1879
1589	1877
1589	1768
1589	1847
1589	1915
1589	1908
1589	1990
1589	2100
1589	1913
1589	1990
1589	2005
1589	1845
1589	1753
1589	1778
1589	1887
1589	2008
1589	1806
1589	1880
1589	1824
1589	1673
1589	1755
1589	1914
1589	1920
1589	1920
1589	1646
1589	1639
1589	1675
1589	1732

melhor e media

1647	2463
1551	1863
1551	1695
1551	1685
1551	1704
1551	1762
1551	1687
1551	1744
1551	1738
1551	1719
1551	1730
1551	1752
1551	1645
1551	1682
1551	1689
1551	1700
1551	1724
1551	1729
1543	1824
1543	1764
1543	1650
1543	1685
1543	1686
1543	1889
1543	2072
1543	1939
1543	1830
1543	1790
1543	1901
1543	1772
1543	1854
1543	1798
1543	1891
1543	1651
1543	1853
1543	1792
1543	1745
1543	1841
1543	1807
1543	1792
1543	1891
1543	2142
1543	1929
1543	1702
1543	1810
1543	1847
1543	1687
1543	1760
1543	1687
1543	1671

melhor e media

1589	2248
1589	2118
1551	1834
1551	1766
1551	1845
1551	1762
1551	1778
1551	1855
1551	1790
1551	1667
1551	1815
1551	1818
1551	1781
1551	1867
1551	1897
1551	1894
1551	1873
1551	1710
1551	1702
1551	1787
1551	1852
1551	1824
1551	1742
1551	1749
1551	1618
1551	1634
1543	1690
1543	1664
1543	1728
1543	1800
1543	1886
1543	1929
1543	1953
1543	1665
1543	1668
1543	1772
1543	2005
1543	1771
1543	1756
1543	1791
1543	1637
1543	1632
1543	1785
1543	1689
1543	1776
1543	1717
1543	1765
1543	1788
1543	1850
1543	1681

melhor e media

1625	2301
1589	1936
1589	2040
1589	1862
1589	1992
1589	1851
1589	1923
1589	2111
1551	1941
1551	1790
1551	1586
1551	1689
1551	1648
1551	1590
1551	1681
1551	1733
1551	1715
1551	1706
1551	1823
1551	1643
1551	1738
1551	1917
1551	1645
1551	1682
1551	1902
1551	1767
1551	1780
1543	1874
1543	1753
1543	1692
1543	1621
1543	1678
1543	1691
1543	1664
1543	1770
1543	1717
1543	1739
1543	1864
1543	1822
1543	1719
1543	1786
1543	1754
1543	1684
1543	1632
1543	1804
1543	1815
1543	1822
1543	1711
1543	1808
1543	1662

melhor e media

1569	2541
1569	2051
1569	1781
1569	1804
1569	1751
1569	1684
1569	1664
1569	1645
1569	1672
1569	1699
1569	1654
1551	1800
1551	1678
1551	1571
1551	1674
1551	1639
1551	1607
1551	1726
1543	1715
1543	1876
1543	1815
1543	1788
1543	1770
1543	1664
1543	1682
1543	1776
1543	1669
1543	1679
1543	1792
1543	1706
1543	1725
1543	1867
1543	1759
1543	1721
1543	1620
1543	1756
1543	1792
1543	1764
1543	1713
1543	1786
1543	1844
1543	1798
1543	1737
1543	1714
1543	1844
1543	1788
1543	1928
1543	1960
1543	1726
1543	1748

melhor e media

1607	2435
1607	1973
1577	1855
1577	1798
1577	1739
1576	1724
1576	1777
1576	1646
1576	1704
1576	1652
1576	1652
1576	1669
1576	1753
1576	1656
1576	1793
1571	1805
1571	1779
1569	1714
1569	1660
1569	1651
1569	1770
1569	1821
1569	1771
1569	1746
1569	1657
1569	1736
1569	1798
1569	1763
1569	1897
1569	1735
1569	1695
1569	1769
1569	1783
1569	1690
1569	1646
1569	1667
1569	1702
1569	1727
1569	1879
1569	1777
1569	1834
1569	1798
1569	1779
1569	1690
1551	1757
1551	1750
1551	1834
1551	1845
1551	1842
1551	1697

