melhor e media

1617	3159
1617	2532
1617	2572
1617	2287
1609	2323
1609	2057
1507	2006
1507	1962
1507	1986
1507	2022
1507	2000
1507	2128
1507	2109
1507	2155
1507	1904
1507	1974
1507	2027
1507	2067
1507	2038
1507	1950
1507	1936
1507	2077
1507	2038
1507	2130
1507	2124
1507	2157
1507	2278
1507	2097
1507	2028
1507	1997
1507	1960
1507	1964
1507	2020
1500	1851
1500	1978
1500	1913
1500	1942
1500	2054
1500	1998
1500	1925
1500	2024
1500	2050
1500	1877
1500	1968
1500	1938
1500	1861
1500	1908
1500	2002
1500	2055
1500	2070
1500	2000
1500	2075
1500	2016
1500	2007
1500	1999
1500	2002
1500	2013
1500	1959
1500	2058
1500	2271
1500	2027
1492	2070
1492	1935
1492	2042
1492	2053
1492	1982
1492	1922
1492	1904
1492	2028
1492	2003
1492	1968
1492	1941
1492	1964
1492	2005
1492	2062
1492	1865
1492	2044
1492	2059
1492	1967
1492	2005
1492	1980
1492	1870
1492	1964
1492	2068
1492	2037
1492	2073
1492	1985
1492	1980
1492	1959
1492	1963
1492	1902
1492	1978
1492	2065
1492	2091
1492	2189
1492	1984
1492	1908
1492	1915
1492	1933
1492	2126

melhor e media

1642	3111
1626	2608
1538	2186
1538	1885
1538	2017
1538	1957
1513	2099
1513	2006
1513	2108
1513	2022
1513	2019
1512	2010
1512	1975
1512	1964
1512	2065
1512	1925
1512	1982
1498	1877
1498	1902
1498	1906
1498	1991
1488	1870
1488	1950
1488	1921
1488	1964
1488	2055
1488	1894
1488	1963
1488	1934
1488	1947
1488	1804
1488	1912
1488	1971
1488	2059
1488	1852
1488	1942
1488	1869
1488	1916
1488	1859
1488	1810
1488	1858
1488	1851
1488	1985
1467	1861
1446	1765
1446	1974
1446	1890
1446	1860
1446	1892
1446	1788
1446	1894
1446	1800
1446	2012
1446	1917
1446	1959
1446	1847
1446	1889
1446	1862
1446	1983
1446	1961
1446	1956
1446	1889
1446	2005
1446	1802
1446	1862
1446	1905
1446	1897
1446	2073
1446	1897
1446	1963
1446	1945
1446	1963
1446	1845
1446	1908
1446	1894
1446	1935
1446	1912
1446	1884
1446	1935
1446	1882
1446	1878
1446	1883
1446	1868
1446	1899
1446	1932
1446	2036
1446	1954
1446	1901
1446	1817
1446	1978
1446	1995
1446	1876
1446	1972
1446	1840
1446	1998
1446	2078
1446	2078
1446	1887
1446	2023
1446	1736

melhor e media

1619	2949
1564	2371
1564	2226
1564	2081
1564	2082
1564	2284
1564	2198
1564	2151
1522	2311
1522	2146
1522	2122
1522	2059
1522	1888
1522	2136
1522	2150
1522	1887
1519	2049
1518	1995
1518	1941
1500	1910
1500	1944
1500	1977
1500	1980
1500	1922
1491	1863
1491	1879
1481	1861
1481	1859
1481	1944
1481	1853
1481	1844
1481	2004
1481	2024
1481	1870
1481	1919
1481	1857
1481	1899
1481	2030
1481	1963
1481	1837
1481	1969
1481	1971
1481	1966
1481	2006
1481	1942
1481	1961
1481	1919
1481	1909
1481	2045
1481	1982
1481	2011
1481	1886
1481	1880
1481	1975
1481	1905
1481	1933
1481	1939
1481	1914
1481	1809
1481	1941
1481	2015
1481	1888
1481	1900
1481	2001
1481	2092
1481	2020
1481	2122
1481	2068
1481	1900
1481	1855
1481	1889
1481	1833
1481	1896
1481	2052
1481	1914
1481	2037
1481	1825
1481	1961
1481	1862
1481	1764
1481	2001
1481	1989
1481	1941
1481	1931
1481	2002
1481	1890
1481	1988
1481	1940
1481	1937
1481	2086
1481	2025
1481	1865
1481	2032
1481	1892
1481	1939
1481	1941
1481	1923
1481	1899
1481	1912
1481	2041

melhor e media

1847	3409
1642	2483
1607	2273
1607	2146
1548	2155
1548	2118
1548	2172
1548	2085
1548	2136
1548	2057
1548	2142
1546	2041
1546	2172
1546	2134
1546	2285
1513	2152
1513	2002
1513	1920
1513	2043
1513	2005
1513	2003
1513	2019
1513	1993
1513	1960
1513	1924
1513	2025
1513	1950
1513	1909
1513	1942
1513	1986
1513	1973
1513	1888
1513	1987
1513	2125
1513	2015
1513	2168
1513	1981
1513	1992
1513	1943
1513	1989
1513	1888
1512	1938
1512	2092
1512	1969
1512	2048
1512	2084
1512	2102
1512	2071
1512	1931
1512	2032
1512	2093
1512	1976
1512	2023
1512	1998
1512	1951
1512	1937
1512	2129
1512	1989
1512	1941
1512	2061
1512	2009
1512	1924
1512	1967
1512	2043
1512	2094
1512	1977
1512	2034
1512	1960
1512	1860
1512	1961
1512	2011
1512	2078
1512	1955
1512	1982
1512	1997
1512	2074
1512	1921
1512	1960
1512	1992
1512	1894
1512	1943
1512	1900
1512	1974
1512	1988
1512	1918
1512	1942
1512	1957
1512	1905
1512	2056
1512	1941
1512	1879
1511	1912
1511	1985
1479	1762
1479	1963
1479	1855
1479	1883
1479	1889
1479	1900
1479	1936

melhor e media

1636	3098
1636	2328
1636	2229
1632	2100
1580	2063
1580	2095
1564	2037
1564	2040
1564	2099
1564	2082
1564	2150
1564	2030
1564	2209
1564	2151
1564	2207
1546	2127
1546	2135
1546	2259
1546	2245
1546	2014
1546	2068
1546	2095
1528	2008
1528	2172
1528	2201
1528	2223
1528	2073
1528	2255
1528	2073
1528	2186
1528	2228
1528	2176
1528	2315
1528	1997
1528	2086
1528	2194
1528	2280
1528	2189
1528	2089
1528	2245
1528	2234
1523	2110
1523	2008
1523	2039
1523	2181
1523	2102
1523	2088
1523	1943
1523	2009
1523	2145
1523	2102
1523	1968
1523	2024
1523	1901
1518	2022
1518	2006
1518	1955
1518	2132
1518	2072
1518	2118
1518	1977
1518	2011
1515	2158
1515	2043
1515	1994
1515	1951
1515	2111
1515	2007
1515	2084
1515	1977
1515	2073
1515	1935
1515	2094
1515	2072
1515	2062
1515	2174
1515	2064
1515	2130
1515	2086
1515	1944
1515	2004
1515	2116
1515	2188
1515	2004
1515	2184
1515	1986
1515	2008
1494	1959
1494	2000
1494	2161
1494	1954
1494	2217
1494	2115
1494	2171
1494	2269
1494	2098
1494	2323
1494	2118
1494	1992
1494	2007

melhor e media

1802	3334
1565	2305
1558	2092
1531	2099
1531	2178
1531	2127
1531	2076
1531	2150
1531	2387
1531	2252
1531	2121
1531	2129
1531	2180
1503	2187
1503	2267
1503	2070
1503	2076
1503	2190
1503	2137
1503	2136
1503	2250
1503	2122
1503	2102
1503	2057
1503	2142
1503	2080
1503	2175
1503	2124
1503	2153
1503	2197
1503	2013
1503	2352
1503	2215
1503	2163
1503	2061
1503	2009
1503	2229
1503	2185
1503	2158
1503	2123
1503	2205
1503	2148
1503	2118
1503	2064
1503	2245
1503	2286
1503	2295
1503	2252
1503	2236
1503	2209
1503	2230
1503	2117
1503	2166
1503	2060
1503	2149
1503	2050
1503	2088
1503	2199
1503	2236
1503	2175
1503	2190
1503	2282
1503	2191
1503	2124
1503	2128
1503	2237
1503	2230
1503	2281
1503	2236
1503	1989
1503	2089
1503	2275
1503	2189
1503	2037
1503	2103
1503	2121
1503	2234
1503	2087
1503	2144
1503	2172
1503	2210
1503	2069
1503	2056
1503	2167
1503	2178
1503	2238
1503	2047
1503	2108
1503	2046
1503	2160
1503	2182
1503	2126
1503	2158
1503	2075
1503	1991
1503	2145
1503	2082
1503	2413
1503	2186
1503	2117

melhor e media

1583	3131
1525	2256
1525	2044
1525	1926
1525	1917
1525	1978
1525	1910
1525	1862
1522	1952
1522	2076
1522	2048
1522	2037
1522	2245
1522	2030
1522	2207
1522	2150
1522	1997
1522	2026
1522	2035
1522	2046
1522	2069
1522	2164
1522	1964
1522	2109
1522	2056
1522	2021
1522	2054
1522	2063
1522	1977
1522	2036
1522	2035
1522	2048
1522	1991
1522	2124
1522	2045
1522	2146
1522	2002
1522	2097
1522	1948
1522	2175
1522	2073
1522	2074
1522	2201
1522	2193
1522	1947
1522	2059
1522	2101
1522	2097
1522	2108
1522	2011
1522	2018
1522	2087
1522	2154
1522	2099
1522	2168
1522	2026
1522	2058
1522	1871
1522	2061
1522	2143
1522	1990
1521	2102
1521	2045
1521	2022
1521	2159
1521	1968
1521	1997
1521	2052
1521	1978
1521	1949
1514	1981
1514	1933
1514	1951
1514	2040
1514	2175
1514	2151
1514	2056
1514	2032
1514	2146
1514	2068
1514	2121
1514	2186
1514	2223
1514	2174
1514	2088
1514	2125
1514	2052
1514	2005
1514	2069
1514	2040
1514	1959
1514	2026
1514	1992
1514	2060
1514	2090
1514	2120
1514	2156
1514	2081
1514	2191
1514	2146

melhor e media

1733	3075
1626	2655
1614	2133
1577	2062
1550	2062
1550	2143
1550	2113
1549	2076
1548	1942
1548	1968
1548	2035
1548	2061
1548	2106
1548	2135
1525	1988
1525	1993
1525	2051
1525	2058
1525	1994
1525	2070
1525	2282
1525	2049
1525	2091
1525	2058
1525	2092
1525	2074
1525	2070
1525	2087
1525	1946
1525	2085
1525	1954
1525	2032
1525	2012
1525	1987
1525	2061
1525	2084
1490	2155
1490	1910
1490	1946
1490	1971
1490	1932
1490	1949
1485	1920
1485	1964
1485	2111
1485	2068
1485	2181
1485	2023
1485	2130
1485	2032
1485	1971
1485	2149
1485	2021
1485	1981
1485	2119
1485	2072
1485	2051
1485	1944
1485	2151
1485	2133
1485	2151
1485	2074
1485	2080
1485	2197
1485	2160
1485	2181
1485	2176
1485	2114
1485	2136
1485	2184
1485	2147
1485	2068
1485	2053
1485	2115
1485	2193
1485	2094
1485	2068
1485	2136
1485	2185
1485	2196
1485	2170
1485	2173
1485	2335
1485	2243
1485	2200
1485	2115
1485	2054
1474	2058
1474	2062
1474	2126
1474	2134
1474	2166
1474	2109
1474	2176
1474	2114
1474	2088
1474	1890
1474	2113
1474	2114
1474	2067

melhor e media

1750	3063
1545	2377
1545	2043
1545	2133
1545	2037
1545	2027
1545	2004
1545	2104
1545	2065
1545	2040
1545	2087
1545	1928
1545	2230
1545	2186
1545	1940
1545	1922
1545	1939
1545	1949
1545	2146
1545	2140
1545	1991
1545	2001
1539	2060
1539	2219
1539	2239
1539	2181
1539	2177
1539	2278
1539	2045
1539	2214
1539	2134
1533	2284
1533	2249
1533	2108
1533	2005
1533	2098
1533	2411
1533	2178
1533	2040
1533	2190
1533	2272
1487	2255
1487	2316
1487	2102
1487	2320
1487	2076
1487	2159
1487	2187
1487	2327
1487	2369
1487	2368
1487	2210
1487	2360
1487	2440
1487	2285
1487	2322
1487	2305
1487	2339
1487	2201
1487	2362
1487	2237
1487	2393
1487	2409
1487	2248
1487	2141
1487	2413
1487	2279
1487	2306
1487	2275
1487	2144
1487	2188
1487	2280
1487	2208
1487	2218
1487	2503
1487	2284
1487	2402
1487	2267
1487	2146
1487	2342
1487	2396
1487	2551
1487	2298
1487	2449
1487	2325
1487	2449
1487	2375
1487	2330
1487	2242
1487	2356
1487	2298
1487	2258
1487	2526
1487	2300
1487	2301
1487	2206
1487	2311
1487	2210
1487	2133
1487	2221

melhor e media

1630	3101
1630	2258
1575	2144
1575	2032
1575	2110
1575	2049
1575	1971
1575	1989
1575	2094
1575	2045
1575	2050
1575	2146
1575	2000
1575	2049
1575	1975
1575	2079
1575	1987
1575	2105
1575	1993
1575	1957
1556	2002
1556	1957
1556	2043
1526	2105
1526	2260
1526	2168
1526	2322
1526	2284
1526	2236
1526	2174
1526	2198
1526	2202
1526	2272
1526	2275
1526	2294
1526	2311
1526	2155
1526	2142
1526	2231
1526	2114
1526	2272
1526	2191
1526	2257
1526	2361
1526	2313
1526	2247
1526	2211
1526	2088
1526	2144
1526	2315
1526	2192
1526	2093
1526	2085
1526	2115
1526	2103
1526	2211
1526	2148
1526	2077
1526	2160
1526	2138
1526	2195
1526	2246
1526	2273
1526	2223
1526	2318
1526	2100
1526	2218
1526	2169
1526	2201
1526	2233
1526	2138
1526	2154
1526	2071
1526	2194
1526	2195
1526	2158
1526	2212
1526	2154
1526	2087
1526	2151
1526	2122
1526	2037
1526	2182
1526	2217
1526	2165
1526	2150
1526	2193
1526	2196
1526	2137
1526	2221
1526	2331
1526	2228
1526	2147
1526	2241
1526	2310
1526	2176
1526	2159
1526	2222
1526	2137
1526	2257

melhor e media

1665	2983
1582	2517
1527	2197
1514	1887
1461	1950
1461	1818
1461	1865
1461	1867
1461	1838
1461	2089
1461	2035
1461	2062
1461	2013
1461	1927
1461	1943
1461	2072
1461	1988
1461	1928
1461	1903
1461	1885
1461	1829
1461	1883
1461	1808
1461	1813
1461	1854
1461	1956
1461	1893
1461	1889
1461	2075
1461	1902
1461	1865
1461	1927
1461	2070
1461	1932
1461	1909
1461	1834
1461	1974
1461	1923
1461	1893
1461	2027
1461	1906
1461	1926
1461	1944
1461	1958
1461	2017
1461	1836
1461	1924
1461	1905
1461	1889
1461	1927
1461	2078
1461	1931
1461	1917
1461	1965
1461	2074
1461	1979
1461	1860
1461	1844
1461	1907
1461	1841
1460	1718
1460	1866
1460	1904
1460	1959
1460	2002
1460	2158
1460	1968
1460	1941
1460	1839
1460	1949
1460	2119
1460	1942
1460	2106
1460	2082
1460	2002
1460	2073
1460	1808
1460	2066
1460	2045
1460	1887
1460	1862
1460	1892
1460	2036
1460	2005
1460	2144
1460	2129
1460	1945
1460	2011
1460	2068
1460	2093
1460	2017
1460	2071
1460	2102
1460	2218
1460	2051
1460	2104
1460	1953
1460	2085
1460	2041
1460	2157

melhor e media

1659	3128
1596	2104
1588	2016
1570	1867
1533	1978
1533	2160
1533	2245
1533	2137
1533	2096
1533	2195
1533	2133
1533	2138
1533	2144
1533	2122
1533	2262
1533	2277
1533	2155
1533	2151
1533	2207
1533	2237
1533	2165
1533	2277
1533	2210
1533	2172
1533	2110
1533	2110
1533	2147
1533	2093
1533	2176
1533	2277
1533	2122
1533	2093
1533	2301
1533	2289
1533	2181
1533	2189
1533	2269
1533	2123
1533	2178
1533	2138
1533	2310
1533	2288
1533	2239
1533	2172
1533	2203
1533	2290
1533	2171
1533	2195
1533	2100
1533	2172
1533	2052
1533	2103
1533	2136
1533	2066
1533	2091
1533	2167
1533	2192
1533	2282
1533	2146
1533	2188
1533	2220
1533	2177
1533	2220
1533	2161
1533	2087
1533	2299
1533	2230
1533	2169
1533	2213
1533	2048
1533	2297
1533	2172
1533	2236
1533	2129
1533	2136
1533	2242
1533	2181
1533	2280
1533	2282
1533	2165
1533	2121
1533	2307
1533	2210
1533	2178
1533	2124
1533	2219
1533	2194
1533	2135
1533	2196
1533	2138
1533	2198
1533	2202
1533	2182
1533	2307
1533	2159
1533	2032
1533	1999
1533	2169
1533	2151
1533	2092

melhor e media

1640	3244
1611	2379
1596	2076
1596	2166
1595	2311
1583	2274
1506	2427
1506	2296
1506	2197
1506	2039
1506	2040
1506	2072
1506	2081
1506	1979
1506	2073
1506	2037
1506	2033
1506	2050
1506	2140
1506	2264
1506	2172
1506	2001
1506	1991
1506	1922
1505	2139
1505	1951
1505	2068
1505	2109
1505	2107
1505	2078
1505	2057
1505	2173
1505	2061
1505	2122
1505	2101
1505	2197
1505	2256
1505	2161
1505	2171
1505	2141
1505	2157
1505	2025
1505	2170
1505	2069
1505	2157
1505	2049
1505	2098
1505	1999
1503	2018
1503	1948
1503	2037
1503	2019
1503	2059
1503	2112
1503	2092
1503	2017
1503	2087
1503	1927
1503	1972
1503	1954
1503	2097
1503	1960
1503	1967
1503	1937
1503	1927
1503	2025
1503	2041
1503	2004
1503	2028
1503	2145
1503	2091
1503	2009
1503	2045
1503	2127
1503	2009
1503	2057
1503	2007
1503	2014
1503	2000
1503	2063
1503	1924
1503	2060
1503	1994
1503	1950
1503	2086
1503	1911
1503	1896
1496	1752
1496	1949
1496	2128
1496	2142
1496	2123
1496	2067
1496	2175
1496	2171
1496	2145
1496	2166
1496	2080
1496	2085
1496	2097

melhor e media

1591	3178
1547	2215
1547	2104
1547	2135
1547	2017
1547	1993
1535	2018
1535	2065
1535	2115
1535	1973
1535	2111
1535	2047
1535	2032
1535	2081
1535	2199
1535	2123
1535	2119
1535	2215
1535	2099
1535	2066
1535	2050
1535	2007
1535	1983
1535	2038
1535	2059
1511	1947
1511	2044
1511	2134
1511	2026
1511	2109
1511	2147
1511	1941
1511	1956
1511	2054
1511	2066
1511	1963
1511	2025
1511	2155
1511	2098
1511	1994
1511	1970
1511	1983
1511	2028
1511	1911
1511	1921
1511	1993
1511	2112
1511	2119
1511	2132
1511	2011
1511	2000
1511	2173
1511	2169
1511	2167
1511	2152
1511	2069
1511	2076
1511	2097
1511	2164
1511	2049
1511	2143
1511	2056
1511	2027
1511	2071
1511	2070
1511	1979
1511	1999
1511	2099
1511	1946
1511	1983
1511	1927
1511	2009
1511	2042
1511	1982
1511	1959
1511	1988
1511	2101
1511	1980
1511	2026
1511	2021
1511	2090
1511	2088
1511	2006
1511	1924
1511	2054
1511	2043
1511	2037
1511	1934
1511	2130
1511	2240
1511	2098
1511	2050
1499	2081
1499	2008
1499	2035
1499	2043
1499	1991
1499	2049
1499	2146
1499	2147

melhor e media

1599	3106
1576	2242
1576	2212
1576	1998
1572	1996
1508	2074
1508	2074
1508	2085
1508	1955
1508	2170
1508	2214
1508	2007
1508	2116
1508	2177
1508	2068
1508	1975
1508	2116
1508	2210
1508	2155
1508	2157
1492	2116
1492	2276
1492	2090
1492	2021
1492	2193
1492	2195
1492	2365
1492	2112
1492	2211
1492	2266
1492	2226
1492	2305
1492	2260
1492	2341
1492	2130
1492	2204
1492	2385
1492	2223
1492	2219
1492	2086
1492	2069
1492	2099
1492	1999
1492	2107
1492	2188
1492	2285
1492	2139
1492	2286
1492	2167
1492	2192
1492	2366
1492	2258
1492	2153
1492	2189
1492	2269
1492	2210
1492	2321
1492	2023
1492	2140
1492	2306
1492	2219
1492	2259
1492	2202
1492	2261
1492	2179
1492	2261
1492	2289
1492	2271
1492	2384
1492	2231
1492	2377
1492	2330
1492	2288
1492	2319
1492	2236
1492	2241
1492	2180
1492	2046
1492	2139
1492	2159
1492	2109
1492	2158
1492	2105
1492	2090
1492	2101
1492	2069
1492	2297
1492	2166
1492	2227
1492	2164
1492	2292
1492	2331
1492	2130
1492	2271
1492	2248
1492	2136
1492	2197
1492	2297
1492	2145
1492	2153

melhor e media

1616	3304
1564	2381
1544	2319
1544	2077
1544	1988
1544	2192
1544	2137
1544	2033
1501	1976
1501	2128
1501	2014
1501	1958
1501	2053
1501	2017
1501	1970
1501	1975
1501	2081
1501	2153
1501	2083
1501	2228
1501	2295
1501	2076
1501	2135
1501	2257
1501	2149
1501	2057
1501	2093
1501	2099
1501	2106
1501	2039
1482	1935
1482	1980
1482	1933
1482	1920
1482	2032
1482	1823
1482	1956
1482	1861
1482	1874
1482	1886
1482	1953
1482	1988
1482	2017
1482	2005
1482	1884
1482	2033
1482	1944
1482	1957
1482	2066
1482	2030
1482	2010
1482	1931
1482	1951
1482	1905
1482	1973
1482	2004
1482	2004
1482	1963
1482	2084
1482	1984
1482	2087
1482	1945
1482	1916
1482	1979
1482	2052
1482	1905
1482	1963
1482	1866
1482	1917
1482	1948
1482	2011
1482	1942
1482	1858
1482	1942
1482	1879
1482	1898
1482	1965
1482	1948
1482	1996
1482	2013
1482	2030
1482	2011
1482	1936
1482	1900
1482	1932
1482	2044
1482	1964
1482	1831
1482	1947
1482	1867
1482	1951
1482	1888
1482	1986
1482	1851
1482	2056
1482	2034
1482	2021
1482	2038
1482	1958
1482	1990

melhor e media

1653	3268
1544	2185
1524	2184
1524	2049
1524	1996
1524	2022
1524	2029
1524	2108
1524	1985
1524	2106
1524	2025
1524	2051
1524	2040
1524	2038
1524	1987
1524	2106
1524	2043
1524	1964
1524	2086
1524	2121
1524	2086
1524	2137
1524	2069
1524	2097
1524	2130
1521	2017
1521	2157
1521	2139
1521	2112
1521	2066
1521	2157
1521	1917
1521	1961
1516	1992
1516	1947
1516	1969
1516	2054
1516	2054
1516	2085
1516	2092
1516	1983
1516	1877
1502	1946
1502	1951
1502	1896
1502	1977
1502	1861
1502	1974
1502	1997
1502	2117
1502	1970
1502	1900
1496	1958
1496	2039
1496	2025
1496	1984
1496	1980
1496	1986
1496	1988
1496	1941
1496	2105
1496	2176
1496	2125
1496	2117
1496	2023
1496	2025
1496	2117
1496	2135
1496	2057
1496	1966
1496	2108
1496	2043
1496	2138
1496	2019
1496	1922
1496	2034
1496	2148
1496	2049
1496	2239
1496	2064
1496	2200
1496	1964
1496	2001
1496	1924
1496	1912
1496	2164
1496	2112
1496	2003
1496	2122
1496	2070
1496	1940
1496	1994
1496	2006
1496	2084
1496	2058
1496	2084
1496	1950
1496	2244
1496	1992
1496	2111

melhor e media

1725	3064
1641	2238
1577	1987
1577	2060
1569	1957
1533	2014
1533	1900
1533	2107
1533	1997
1533	2238
1533	2094
1533	2096
1533	2003
1533	1906
1533	1988
1533	1924
1533	2026
1533	2042
1533	2065
1533	1910
1528	1958
1528	1997
1528	1908
1528	1934
1528	2094
1528	1941
1528	2073
1524	1793
1524	1917
1524	2052
1524	2102
1524	2019
1524	1990
1524	2096
1524	2033
1524	2055
1524	1997
1524	2168
1524	2063
1524	2072
1524	2000
1524	2029
1524	2182
1524	1996
1524	2148
1524	2160
1524	2162
1524	2052
1524	1967
1524	1962
1524	1969
1524	2013
1524	2010
1524	1950
1524	2036
1524	1913
1524	1930
1524	1985
1524	1991
1524	2086
1524	2095
1524	2101
1524	2099
1524	2043
1524	2046
1524	2031
1524	2020
1524	2110
1524	2035
1524	2095
1524	2121
1524	2081
1524	2016
1524	2068
1524	2013
1524	1956
1524	2023
1524	2069
1524	2093
1524	2011
1524	1994
1524	2064
1524	2101
1524	2012
1524	1962
1524	2123
1524	2079
1524	2021
1524	2022
1524	1958
1524	2154
1524	2120
1524	2055
1524	2023
1524	2088
1524	1972
1524	1898
1524	1963
1524	1977
1524	2013

melhor e media

1667	3088
1587	2380
1575	2110
1575	1998
1571	2023
1571	1955
1571	1974
1571	2115
1571	2127
1571	2173
1571	2092
1548	2026
1548	1878
1548	2120
1548	2034
1548	1924
1548	2112
1548	2038
1548	2114
1548	2091
1548	2019
1548	2156
1548	2050
1548	2093
1540	1908
1540	1900
1540	1953
1540	2127
1531	2048
1531	2011
1531	2100
1531	2028
1531	2041
1531	2055
1531	1971
1531	2171
1531	2053
1531	2019
1531	2043
1531	1940
1531	2042
1531	2039
1531	2110
1531	2051
1531	2006
1531	2080
1531	2136
1531	2009
1531	2026
1531	2121
1531	2115
1531	2062
1531	2031
1531	1954
1531	1949
1531	2117
1531	2080
1531	2011
1531	1961
1531	2107
1531	2087
1531	2197
1531	2132
1531	2081
1531	2141
1531	2077
1531	2004
1531	2102
1531	1948
1531	1985
1531	2173
1531	2152
1531	2090
1467	2070
1467	2238
1467	2329
1467	2037
1467	2111
1467	2135
1467	2166
1467	2112
1467	2135
1467	2205
1467	2155
1467	2048
1467	2101
1467	2160
1467	2294
1467	2252
1467	2103
1467	2202
1467	2209
1467	2077
1467	2079
1467	2134
1467	2061
1467	2161
1467	2149
1467	2264
1467	2105

melhor e media

1771	3325
1675	2522
1675	2433
1667	2408
1657	2604
1655	2449
1633	2382
1633	2408
1633	2487
1633	2472
1633	2361
1626	2352
1626	2528
1577	2493
1577	2370
1577	2279
1568	2217
1539	2364
1539	2263
1539	2562
1539	2212
1539	2231
1539	2352
1539	2219
1539	2312
1539	2309
1539	2294
1539	2230
1539	2304
1539	2207
1539	2126
1523	2328
1523	2071
1523	1933
1515	1954
1515	2048
1515	2035
1515	2000
1515	1917
1515	2009
1515	2021
1515	2005
1515	1986
1515	1964
1515	2052
1515	2143
1515	1970
1515	1996
1515	1905
1515	1896
1515	1842
1492	1853
1492	1898
1492	1890
1492	2021
1492	2025
1492	1941
1492	2119
1492	1973
1492	1823
1492	1948
1492	1973
1492	1954
1492	1836
1492	2000
1492	1938
1492	1946
1492	2043
1492	1988
1492	2043
1492	2089
1492	2002
1492	1969
1492	2082
1492	2035
1492	1976
1492	1921
1492	2041
1492	1916
1492	2017
1492	1846
1492	2084
1492	2002
1492	1869
1492	1910
1492	2069
1492	2050
1492	1984
1492	1956
1492	1859
1492	1869
1492	2018
1492	2076
1492	2045
1492	2030
1492	2169
1492	1976
1492	1998
1492	2228
1492	1988

melhor e media

1865	3361
1637	2337
1588	2071
1554	2080
1554	2098
1554	2030
1554	2110
1554	2069
1544	2023
1544	2096
1544	2110
1544	2078
1544	2022
1544	2083
1544	2032
1544	2069
1516	2050
1516	2172
1516	2224
1516	2095
1516	2146
1516	2262
1516	2152
1516	2078
1516	2070
1516	2133
1516	2003
1516	2165
1516	1982
1516	1979
1516	1983
1516	2026
1516	1996
1516	2087
1516	2022
1516	2129
1516	2149
1516	2270
1516	2151
1516	1988
1516	2118
1461	2023
1461	2092
1461	2033
1461	2114
1461	2060
1461	2002
1461	2098
1461	1987
1461	2004
1461	2022
1461	2078
1461	2101
1461	2042
1461	1986
1461	2200
1461	2002
1461	2037
1461	2082
1461	2034
1461	1985
1461	2225
1461	1873
1461	1992
1461	2090
1461	2084
1461	2079
1461	2119
1461	1999
1461	2028
1461	2224
1461	2145
1461	2121
1461	2012
1461	2110
1461	2105
1461	1908
1461	2026
1461	2017
1461	2022
1461	2091
1461	2011
1461	2022
1461	2118
1461	2094
1461	2048
1461	2128
1461	2018
1461	2054
1461	2027
1461	2012
1461	2112
1461	2242
1461	2058
1461	2150
1461	2135
1461	1963
1461	2102
1461	2109
1461	2098

melhor e media

1593	3156
1534	2328
1534	1961
1534	1864
1534	1916
1513	1953
1513	2022
1513	2011
1513	2145
1513	2118
1513	2117
1513	2085
1513	1961
1513	1982
1513	2069
1513	2100
1513	1952
1513	2086
1513	2042
1513	1975
1513	1915
1507	1966
1507	1922
1507	1948
1504	1902
1504	1970
1504	1996
1504	2005
1504	2021
1504	2130
1504	1838
1504	2036
1504	1972
1504	1939
1504	1850
1504	1968
1504	2048
1504	1936
1504	1979
1496	1954
1496	2090
1496	1984
1496	1927
1496	1924
1496	1996
1496	2055
1493	1821
1493	2022
1493	1932
1493	1881
1493	1943
1493	2031
1493	1992
1493	1888
1493	1941
1491	1951
1491	1976
1491	1913
1491	1975
1491	1887
1491	1837
1491	2017
1491	1807
1491	1847
1491	2047
1491	1973
1491	2054
1491	1967
1491	1971
1491	2082
1491	2099
1491	1939
1491	1855
1491	1881
1491	2097
1486	1950
1486	1879
1486	1928
1486	1920
1486	1822
1486	1872
1486	1891
1486	1886
1486	1906
1443	1722
1443	1679
1443	1945
1443	1882
1443	1886
1443	1881
1443	1903
1443	1827
1443	1986
1443	1954
1443	1846
1443	1923
1443	1984
1443	1882
1443	1908
1443	1881

melhor e media

1666	3105
1638	2520
1610	2149
1609	2172
1563	2007
1563	1980
1563	2117
1561	2052
1561	2022
1554	1944
1554	1899
1554	2005
1554	1941
1545	1915
1535	1822
1535	2056
1535	1937
1528	2093
1528	1938
1528	2072
1528	2062
1528	1965
1528	1950
1528	1848
1528	1993
1528	2007
1528	2058
1528	1933
1528	2077
1528	2087
1528	2015
1528	2004
1528	1881
1526	2040
1517	2087
1514	1873
1514	2029
1514	2052
1514	2010
1514	1923
1514	1993
1514	1917
1514	1955
1503	1888
1503	2160
1503	1907
1503	2008
1503	2075
1503	2043
1503	2120
1503	2028
1503	2144
1503	2038
1503	1899
1503	1875
1503	2031
1503	1935
1503	1958
1503	2085
1503	2102
1503	2060
1503	2023
1503	2065
1503	2135
1503	2083
1503	2021
1503	1987
1503	1930
1503	2023
1503	1880
1503	2019
1503	2053
1503	1918
1503	1949
1503	2060
1503	1853
1496	1899
1496	1992
1496	2072
1496	1857
1496	1811
1496	1903
1496	1884
1496	1948
1496	1967
1496	1974
1496	1995
1496	2036
1466	1765
1466	1916
1466	1931
1466	1879
1466	1944
1466	1902
1466	1932
1466	1996
1466	1927
1466	1963
1466	2103
1466	1903

melhor e media

1580	3208
1538	2121
1537	2101
1492	1920
1492	2055
1492	1961
1492	2097
1492	2128
1492	2047
1492	1987
1492	1967
1492	1972
1492	1980
1492	1939
1492	2012
1492	2154
1492	2022
1492	2044
1492	2031
1492	2022
1492	1866
1492	2106
1492	1870
1492	1917
1492	2013
1492	1966
1492	1910
1492	1961
1492	1905
1492	2002
1492	2070
1492	2004
1492	1972
1492	2103
1492	1977
1492	2008
1492	2132
1492	1985
1492	1980
1492	2023
1492	1954
1492	1952
1492	2028
1492	1944
1492	1872
1492	1837
1492	2025
1492	2142
1492	2142
1492	2111
1492	2013
1492	1855
1492	2074
1492	2108
1492	1948
1492	1840
1492	2109
1492	1968
1492	2008
1492	1900
1492	2083
1473	1926
1473	1993
1473	1986
1473	2071
1473	1996
1473	1883
1473	1910
1473	1985
1473	1885
1473	2015
1473	1976
1473	1900
1473	1810
1473	1867
1473	2013
1473	1850
1473	1870
1473	1893
1473	2053
1473	1980
1473	1908
1473	1906
1473	1941
1473	1969
1473	1974
1473	1980
1473	1902
1473	2035
1473	2040
1473	2008
1473	2037
1473	1806
1473	1928
1473	1996
1473	2062
1473	2009
1473	1927
1473	1982
1473	1957

melhor e media

1718	3186
1607	2560
1607	2319
1607	2207
1605	2242
1605	2321
1605	2402
1526	2377
1526	2358
1526	2468
1526	2558
1526	2562
1526	2766
1526	2815
1526	2641
1526	2707
1526	2654
1526	2589
1526	2624
1526	2684
1526	2747
1526	2750
1526	2718
1526	2708
1526	2733
1526	2740
1526	2426
1526	2771
1526	2588
1526	2851
1526	2660
1526	2746
1526	2646
1526	2668
1526	2721
1526	2717
1526	2713
1526	2677
1526	2700
1526	2813
1526	2905
1526	2599
1526	2839
1526	2747
1526	2862
1526	2731
1526	2574
1526	2608
1526	2702
1526	2624
1526	2886
1526	2855
1526	2833
1526	2807
1526	2919
1526	3010
1526	2777
1526	2896
1526	2684
1526	2692
1526	2634
1526	2954
1526	2598
1526	2632
1526	2694
1526	2734
1526	2656
1526	2820
1526	2838
1526	2692
1526	2834
1526	2840
1526	2925
1526	2805
1526	2619
1526	2785
1526	2689
1526	2844
1526	2881
1526	2731
1526	2529
1515	2491
1515	2503
1515	2294
1515	2304
1515	2323
1515	2238
1515	2208
1515	2279
1515	2232
1515	2260
1515	2307
1515	2337
1515	2517
1515	2360
1515	2589
1515	2426
1515	2273
1515	2364
1515	2380

melhor e media

1704	3171
1585	2359
1481	2028
1481	1859
1481	1999
1481	1807
1481	1938
1481	1990
1481	1826
1481	1939
1481	1937
1481	1976
1481	1973
1481	2029
1473	2045
1473	1938
1473	1983
1473	1847
1473	1961
1473	1858
1473	1948
1473	1801
1473	2051
1473	1824
1473	1951
1473	1926
1473	1840
1473	1847
1473	1938
1473	1980
1473	1901
1473	1939
1473	1910
1465	1951
1465	1843
1465	1779
1465	1900
1465	1881
1465	1986
1465	1828
1465	1907
1465	1837
1465	1883
1465	1905
1465	1886
1465	1845
1465	1835
1465	1919
1465	1925
1465	1787
1465	1860
1465	1779
1465	1871
1465	1886
1465	1949
1447	1753
1447	1950
1447	1934
1447	1904
1447	1870
1447	2101
1447	2058
1447	1994
1447	2077
1447	2115
1447	1894
1447	1966
1447	1968
1447	2028
1447	1931
1447	1935
1447	1995
1447	1928
1447	1879
1447	2162
1447	2010
1447	1987
1447	1928
1447	2123
1447	2020
1447	2076
1447	1928
1447	2060
1447	2096
1447	1894
1447	1887
1447	2073
1447	1982
1447	1950
1447	2046
1447	2104
1447	2040
1447	1947
1447	2061
1447	2051
1447	2050
1447	1958
1447	2074
1447	1878
1447	1992

melhor e media

1682	3221
1589	2327
1589	2149
1551	2057
1551	2182
1551	2199
1551	2076
1551	2206
1551	2181
1551	2076
1551	1969
1551	2092
1551	2179
1525	2066
1525	2150
1525	2026
1525	2059
1525	1905
1525	2054
1525	1994
1519	2026
1519	2124
1519	2119
1519	2136
1519	1996
1519	2085
1519	2167
1519	2138
1519	1998
1519	2029
1519	2047
1519	1948
1519	2102
1519	2125
1519	2074
1519	2146
1519	2092
1519	1987
1519	2105
1519	2112
1519	1968
1512	2026
1512	2089
1512	1971
1512	2120
1512	2244
1512	2225
1512	2224
1512	2241
1512	2090
1512	2131
1512	2053
1512	1975
1512	2048
1512	2200
1512	2231
1493	2159
1492	2014
1492	2176
1492	2010
1492	2098
1492	2137
1492	2149
1492	2155
1492	2074
1492	2081
1492	1999
1490	2078
1490	2094
1490	2229
1490	2092
1490	2171
1490	2109
1490	2008
1490	1931
1490	2021
1490	2012
1490	2058
1490	2152
1490	2151
1490	2115
1490	2163
1490	2041
1490	2182
1490	2100
1490	2116
1490	2126
1490	2051
1490	2011
1490	2057
1490	2183
1490	2139
1490	2308
1490	2049
1490	2015
1490	2145
1490	2090
1490	2048
1490	2105
1490	2072

melhor e media

1658	3038
1543	2382
1543	2088
1543	2241
1543	2083
1543	2127
1543	2038
1543	2005
1539	2029
1539	2098
1539	2000
1539	1915
1525	2014
1525	2193
1525	2102
1525	2166
1525	2280
1525	2225
1525	2125
1525	2133
1525	2081
1525	2161
1525	2379
1525	2361
1525	2130
1525	2087
1525	2231
1525	2316
1525	2302
1525	2100
1525	2244
1525	2073
1525	2079
1525	2138
1525	2298
1525	2263
1525	2175
1525	2333
1525	2118
1525	2213
1525	2291
1525	2101
1515	2107
1515	2028
1515	2011
1515	1946
1515	1945
1515	1982
1515	2040
1509	2025
1493	2019
1493	2027
1493	2049
1493	2038
1493	1957
1493	1978
1493	1987
1493	1989
1493	1907
1493	2048
1493	1971
1493	1918
1493	2004
1493	1957
1493	1973
1493	1917
1493	1937
1493	1895
1493	1966
1483	2005
1483	1986
1483	1850
1483	1892
1483	1980
1483	1997
1483	1901
1483	1954
1483	2089
1483	1950
1483	2128
1483	1978
1483	2045
1483	1919
1483	1901
1483	1993
1483	1937
1483	1955
1483	1952
1483	1884
1483	1950
1483	2003
1483	1908
1483	1936
1483	1959
1483	1856
1483	1856
1483	2109
1483	1849
1483	1920
1483	1751

melhor e media

1542	3155
1542	2314
1542	1998
1538	1927
1538	1934
1526	2067
1526	1987
1526	1978
1526	2016
1526	2097
1526	1816
1526	1831
1526	1912
1526	1903
1526	1937
1526	2056
1526	1924
1500	1835
1500	1977
1500	1910
1500	1916
1500	1888
1500	1882
1500	1920
1490	1826
1475	1767
1475	1850
1475	1941
1475	1942
1475	1946
1475	1988
1475	1999
1475	1899
1475	1944
1475	1870
1475	1910
1475	1826
1475	1833
1475	1923
1475	1926
1475	1914
1475	1857
1475	2089
1475	1760
1475	1916
1475	1967
1475	1835
1475	1911
1475	1910
1475	1825
1475	1976
1475	1920
1475	2038
1475	1772
1475	1888
1475	1850
1475	1871
1475	1776
1475	1930
1475	1898
1475	1853
1475	1975
1475	1856
1475	1911
1475	1957
1475	1903
1475	1899
1475	1975
1475	1999
1475	2068
1475	1978
1475	1852
1475	1881
1475	1972
1475	1907
1475	1893
1475	2064
1475	1905
1475	1901
1475	1934
1475	1958
1475	1858
1475	1865
1475	1904
1475	1908
1475	2015
1475	1968
1475	1955
1475	1925
1475	1864
1475	1882
1475	2006
1475	1876
1475	1951
1475	1999
1475	1982
1475	1866
1475	1985
1475	1881
1475	1888

melhor e media

1747	3185
1564	2402
1557	2238
1557	1965
1557	2005
1556	2039
1535	2053
1535	2120
1501	2055
1501	2020
1501	1942
1501	2085
1501	2112
1501	2051
1501	1963
1501	2003
1501	2000
1501	2026
1501	2029
1501	1946
1501	2027
1501	1928
1501	1857
1501	1897
1501	2066
1501	2165
1501	2039
1501	2061
1501	1999
1501	2014
1501	1907
1501	1980
1501	2110
1501	2142
1501	1891
1489	1828
1489	1834
1489	1904
1489	1973
1489	1876
1489	1878
1489	1900
1489	2026
1489	1953
1489	1884
1489	1856
1489	1970
1489	1974
1489	1868
1489	1969
1489	1934
1489	2012
1489	1929
1489	1943
1489	1845
1489	2021
1489	1912
1489	1946
1489	1867
1489	1925
1489	2159
1489	1981
1489	1895
1489	1879
1489	1966
1489	1891
1489	1915
1489	1957
1489	1875
1489	1941
1489	2088
1489	1974
1489	1881
1489	1914
1489	1859
1489	1994
1489	1944
1489	2092
1484	1948
1484	1910
1484	1956
1484	1841
1484	1835
1484	1941
1484	1903
1484	1905
1484	1852
1484	1885
1484	1969
1484	1870
1484	1916
1439	1708
1439	1821
1439	1990
1439	2037
1439	2062
1439	1915
1439	2027
1439	1962
1439	1986

