melhor e media

1646	3123
1608	2281
1562	1953
1538	1820
1536	1858
1536	1801
1522	1826
1520	1786
1520	1730
1520	1802
1506	1881
1506	2039
1505	1715
1505	1953
1495	1948
1495	1741
1492	1660
1491	1681
1491	1851
1491	1723
1491	1691
1491	1687
1491	1750
1487	1803
1487	1823
1487	1730
1473	1707
1467	1724
1467	1813
1465	1780
1465	1741
1465	1797
1463	1860
1463	1813
1463	1659
1460	1711
1460	1842
1458	1701
1458	1779
1458	1658
1455	1758
1455	1705
1455	1691
1455	1763
1455	1674
1455	1743
1454	1665
1454	1807
1454	1663
1454	1847
1454	1851
1454	1739
1395	1538
1395	1691
1395	1690
1395	1816
1395	1832
1395	1549
1395	1705
1395	1753
1395	1774
1395	1660
1395	1753
1395	1677
1395	1831
1395	1687
1395	1692
1395	1670
1395	1743
1395	1670
1395	1899
1395	1807
1395	1673
1395	1721
1386	1560
1386	1673
1386	1697
1386	1703
1386	1695
1386	1720
1386	1714
1386	1760
1386	1667
1386	1746
1386	1757
1386	1759
1386	1725
1386	1782
1386	1715
1386	1771
1386	1750
1386	1759
1386	1807
1386	1943
1386	1803
1386	1718
1386	1726
1386	1779
1386	1741
1386	1539

melhor e media

1611	3104
1501	1882
1499	1793
1479	1865
1479	1750
1479	1922
1479	1741
1479	1758
1479	1763
1457	1651
1457	1858
1457	1734
1457	1735
1457	1859
1450	1706
1430	1680
1430	1753
1430	1828
1430	1685
1430	1680
1430	1668
1430	1641
1430	1741
1430	1787
1430	1812
1430	1665
1430	1816
1430	1811
1430	1832
1430	1864
1430	1671
1430	1737
1430	1688
1430	1736
1430	1755
1430	1798
1430	1694
1430	1738
1430	1880
1430	1707
1430	1774
1430	1812
1430	1726
1430	1714
1430	1783
1430	1792
1430	1694
1430	1758
1430	1706
1430	1831
1430	1759
1430	1801
1430	1803
1430	1643
1430	1613
1430	1853
1430	1734
1430	1757
1430	1669
1430	1793
1430	1732
1430	1807
1430	1767
1430	1702
1422	1638
1422	1774
1422	1654
1422	1711
1422	1931
1422	1715
1422	1722
1422	1697
1422	1749
1422	1668
1422	1776
1422	1803
1422	1803
1422	1649
1422	1745
1422	1784
1422	1698
1422	1711
1422	1702
1389	1589
1389	1865
1389	1742
1389	1712
1389	1732
1389	1712
1389	1643
1389	1752
1389	1683
1389	1742
1389	1723
1389	1700
1389	1831
1389	1714
1389	1789
1389	1813
1389	1799

melhor e media

1713	3089
1573	2129
1532	1980
1513	1763
1510	1823
1499	1886
1487	1742
1478	1777
1478	1897
1478	1791
1478	1737
1478	1889
1478	1768
1478	1785
1478	1806
1478	1747
1425	1612
1425	1724
1425	1668
1425	1847
1425	1791
1425	1663
1425	1644
1425	1779
1425	1699
1425	1668
1425	1655
1425	1804
1425	1820
1425	1795
1425	1712
1425	1692
1425	1852
1425	1726
1425	1829
1425	1773
1425	1706
1425	1744
1425	1780
1425	1862
1425	1747
1425	1767
1425	1868
1425	1735
1425	1790
1425	1727
1425	1825
1425	1675
1425	1800
1425	1774
1425	1839
1425	1813
1425	1872
1425	1800
1425	1670
1425	1731
1425	1789
1425	1840
1425	1829
1425	1786
1425	1786
1425	1764
1425	1740
1425	1689
1425	1765
1425	1762
1425	1871
1425	1978
1425	1792
1425	1746
1425	1713
1425	1815
1425	1801
1425	1750
1425	1691
1425	1676
1425	1772
1425	1915
1425	1829
1425	1801
1425	1732
1425	1676
1425	1610
1425	1700
1425	1690
1425	1806
1425	1822
1425	1681
1425	1677
1425	1647
1425	1906
1425	1833
1425	1712
1425	1888
1425	1768
1425	1694
1425	1747
1425	1606
1425	1679
1425	1703

melhor e media

1604	3035
1549	2133
1537	1808
1490	1855
1490	1923
1481	1779
1468	1776
1468	1736
1468	1746
1468	1715
1468	1840
1468	1733
1468	1770
1468	1724
1468	1764
1468	1743
1467	1820
1460	1806
1458	1778
1458	1759
1458	1687
1458	1708
1458	1836
1458	1772
1458	1767
1458	1822
1458	1771
1458	1807
1456	1695
1456	1732
1456	1686
1456	1719
1456	1775
1456	1656
1456	1811
1456	1681
1456	1685
1456	1728
1456	1723
1456	1775
1439	1670
1439	1684
1439	1836
1439	1837
1439	1928
1439	1745
1439	1803
1439	1797
1439	1838
1439	1717
1439	1674
1439	1815
1439	1831
1439	1752
1439	1655
1439	1749
1439	1743
1439	1736
1439	1826
1439	1813
1439	1814
1439	1819
1439	1718
1439	1683
1439	1776
1439	1785
1439	1813
1439	1784
1439	1773
1439	1706
1439	1699
1439	1780
1439	1671
1439	1770
1439	1838
1439	1844
1439	1711
1439	1677
1439	1873
1439	1701
1427	1638
1427	1741
1427	1766
1427	1720
1427	1823
1427	1841
1427	1804
1427	1754
1427	1745
1427	1623
1427	1714
1427	1782
1427	1779
1427	1677
1427	1754
1427	1777
1427	1785
1427	1791
1427	1885
1427	1847

melhor e media

1645	3177
1551	2280
1546	1902
1506	1901
1506	1981
1503	2020
1503	2102
1503	1921
1503	1915
1503	1808
1503	1810
1503	1855
1503	1782
1503	1803
1503	1871
1503	1780
1503	1796
1503	1757
1503	1836
1503	1782
1503	1939
1503	1878
1502	1744
1502	1723
1492	1903
1489	1909
1489	1963
1489	1982
1459	1719
1459	1792
1459	1848
1459	1789
1459	1792
1459	1934
1459	1908
1459	1899
1459	1792
1459	1826
1459	1672
1459	1844
1459	1810
1459	1938
1459	1772
1459	1758
1459	1702
1459	1821
1459	1784
1459	1663
1459	1947
1459	2076
1459	1893
1459	1881
1459	1759
1459	1736
1459	1918
1459	1777
1459	1742
1459	1780
1459	1778
1459	1827
1458	1903
1458	1857
1458	1989
1458	1826
1458	1809
1458	1772
1458	1850
1458	1741
1456	1771
1453	1725
1449	1801
1449	1854
1449	1940
1449	1873
1449	1826
1449	1834
1418	1656
1418	1880
1418	1759
1418	1832
1418	1838
1418	2043
1418	1910
1418	1801
1418	1791
1418	1822
1418	1746
1418	1782
1418	1840
1418	1911
1418	1883
1418	1832
1418	1782
1418	1795
1418	1912
1418	1918
1418	1725
1418	1840
1418	1809
1418	1657

melhor e media

1561	3123
1547	2158
1478	1947
1475	1947
1475	1850
1474	1926
1474	1955
1471	1888
1471	1742
1471	1809
1471	1968
1471	2036
1471	1917
1471	1882
1460	1853
1460	1980
1460	2111
1460	1907
1460	1962
1460	2017
1460	2018
1460	2070
1460	2086
1460	1958
1460	2055
1460	1922
1460	1943
1460	1894
1460	1901
1460	2039
1460	1820
1460	1839
1460	1930
1460	1810
1460	1990
1460	1932
1460	1874
1460	1873
1460	1955
1460	1969
1460	1860
1460	1997
1460	1895
1460	2037
1460	1997
1460	1996
1460	1874
1460	2069
1460	2029
1460	1889
1460	2191
1460	1916
1460	1804
1460	1868
1460	1899
1460	1930
1460	1931
1460	1850
1460	2083
1460	2123
1460	1981
1460	1986
1460	2033
1460	2002
1460	2117
1460	2023
1460	1921
1460	1907
1460	1878
1460	1705
1460	1858
1460	1916
1460	2030
1460	1827
1460	1970
1460	1770
1460	2018
1460	1777
1460	1757
1460	1747
1460	1844
1460	1991
1460	1770
1460	1979
1460	1914
1460	1938
1460	2019
1460	2023
1460	2020
1460	1795
1460	2230
1460	2015
1460	1955
1460	2032
1460	1840
1460	1874
1460	1945
1460	2019
1460	2039
1460	2088

melhor e media

1596	3063
1531	2202
1509	1945
1509	1899
1507	1789
1507	1753
1507	1767
1507	1696
1506	1976
1506	1804
1506	1973
1506	1876
1506	1843
1500	1892
1496	1881
1490	1853
1490	1838
1490	1827
1490	1823
1490	1802
1489	1697
1488	1832
1488	1742
1488	1743
1487	1782
1487	1816
1487	1768
1487	1773
1487	1871
1487	1710
1487	1688
1487	1794
1487	1865
1487	1817
1487	1818
1487	1968
1487	1834
1487	1881
1487	1796
1487	1779
1487	1930
1443	1625
1443	1820
1443	1885
1443	1826
1443	1789
1443	1839
1443	1836
1443	1773
1443	1788
1443	1809
1443	1869
1443	1785
1443	1951
1443	1775
1443	1759
1443	1790
1443	1758
1443	1783
1443	1866
1443	1771
1443	1763
1443	1849
1443	1797
1443	1815
1443	1918
1443	1860
1443	1749
1443	1758
1443	1855
1443	1858
1443	1770
1443	1945
1443	1872
1443	1713
1443	1756
1443	1771
1443	1786
1443	1783
1443	1837
1443	1710
1443	1933
1443	1860
1443	1821
1443	1685
1443	1773
1443	1717
1443	1738
1443	1756
1443	1896
1443	1817
1443	1958
1443	1841
1443	1849
1443	2004
1443	1757
1443	1708
1443	1684
1443	1804
1443	1864

melhor e media

1545	3040
1540	1921
1493	1893
1489	1917
1487	1792
1487	1764
1474	1771
1474	1925
1474	1953
1470	1980
1470	1870
1470	1971
1470	2258
1470	1948
1470	2005
1470	1891
1470	1997
1470	1998
1470	1969
1470	1945
1470	1883
1470	2056
1470	1843
1470	1965
1470	1907
1470	1857
1470	1840
1470	1948
1470	1990
1470	1983
1470	1945
1470	2068
1470	1930
1470	1922
1470	1942
1470	1904
1470	1857
1470	1943
1470	1932
1470	1858
1470	1976
1470	2180
1470	2120
1470	2035
1470	2087
1470	2118
1470	1910
1470	1939
1470	1921
1470	1901
1470	1988
1470	2098
1470	2023
1470	1926
1470	1939
1470	1934
1470	1778
1470	1865
1470	1781
1470	1841
1470	1824
1470	1743
1470	1924
1470	1909
1470	1960
1470	1904
1470	1999
1470	1852
1470	1964
1470	1927
1470	2010
1470	1950
1470	1910
1470	1979
1470	1959
1470	1953
1470	1932
1470	1861
1470	1805
1470	1862
1470	1945
1470	1933
1470	2005
1470	1852
1470	1931
1470	2030
1470	1855
1470	2124
1470	2119
1470	1993
1470	1871
1470	1933
1470	2000
1470	1824
1470	1919
1470	1909
1470	1820
1470	1854
1470	1816
1470	1932

melhor e media

1548	3080
1548	2180
1548	2030
1548	1920
1547	1908
1518	1977
1518	1912
1518	1996
1518	1956
1506	1807
1506	1885
1506	2044
1506	1950
1506	1867
1506	1915
1506	2003
1506	1899
1506	1993
1506	1963
1506	2085
1506	1929
1506	1823
1506	1865
1506	1869
1506	1867
1506	1822
1506	1887
1506	1962
1506	2053
1506	1857
1506	2030
1506	1905
1506	1946
1506	2013
1506	1960
1506	2052
1506	1970
1506	1900
1506	1939
1506	1892
1506	1912
1506	1885
1506	2058
1506	1991
1506	1996
1506	2043
1506	1978
1506	1956
1506	1952
1506	1983
1506	1824
1506	1967
1506	1944
1506	1984
1506	1911
1506	2009
1506	1948
1506	1964
1506	2058
1506	1923
1506	1998
1506	1916
1506	1938
1506	1956
1506	2003
1506	1943
1506	1964
1506	1854
1506	1833
1494	1698
1494	1878
1494	1919
1494	1960
1494	1915
1494	1959
1494	1915
1494	1957
1494	1987
1494	1913
1494	1970
1494	1781
1494	1772
1494	1974
1494	1948
1494	1782
1494	1920
1494	1968
1494	2031
1494	2112
1494	2074
1494	1807
1494	1873
1494	1861
1494	1960
1494	1952
1494	1969
1494	1885
1494	2094
1494	1969
1494	2051

melhor e media

1703	3112
1587	2196
1577	1864
1577	1826
1565	1833
1563	1838
1539	1949
1491	1805
1490	1742
1487	1867
1487	1804
1487	1807
1487	1992
1487	1983
1485	1968
1485	1876
1485	1728
1485	1762
1485	1836
1461	1749
1461	1836
1461	1933
1461	1802
1461	1998
1461	1791
1461	1855
1461	1868
1461	1785
1461	1875
1461	1805
1461	1807
1461	2023
1461	1800
1461	1817
1461	1887
1461	1923
1461	1778
1461	1812
1461	1741
1461	1926
1461	1868
1461	2040
1461	1829
1461	1978
1461	1995
1461	1774
1438	1599
1438	1788
1438	1904
1438	1871
1438	1834
1438	1817
1438	1766
1438	1713
1438	1769
1438	1791
1425	1563
1425	1665
1425	1782
1425	1738
1425	1876
1425	1955
1425	1838
1425	1938
1425	1825
1425	1818
1425	1856
1425	1727
1425	1724
1425	1788
1425	1851
1425	1939
1425	1783
1425	1871
1425	1820
1425	1757
1425	1703
1425	1818
1425	1845
1425	1831
1425	1850
1425	1763
1425	1879
1425	1849
1425	1876
1425	2010
1425	1829
1425	1674
1425	1876
1425	1902
1425	1875
1425	1845
1425	1767
1425	1865
1425	1843
1425	1825
1425	1825
1425	1759
1425	1799
1425	1859

melhor e media

1654	3156
1586	2225
1522	1830
1522	1941
1522	1794
1522	1893
1519	1787
1509	1847
1503	1858
1503	1915
1501	1847
1501	1950
1501	1819
1501	1907
1497	1738
1497	1910
1497	1817
1497	1894
1497	1938
1497	1858
1497	1846
1497	1944
1497	1832
1497	1884
1497	1780
1497	1740
1497	1909
1497	1808
1497	1833
1497	1845
1497	1884
1497	1870
1497	1866
1497	1794
1497	1781
1497	1797
1497	1915
1497	1909
1497	1836
1497	1749
1497	1812
1497	1668
1497	1882
1497	1841
1497	1835
1497	1792
1497	1964
1497	1956
1497	1841
1497	1819
1497	1912
1497	1887
1497	1741
1497	1825
1497	1785
1497	1755
1497	1863
1497	1821
1497	1818
1497	1753
1497	1791
1497	1804
1497	1747
1497	1834
1497	1869
1497	1782
1497	1806
1497	1776
1497	1790
1497	1794
1497	1833
1497	1979
1497	1907
1497	1856
1497	1858
1497	1911
1497	1689
1497	1842
1497	1917
1497	1820
1497	1878
1497	1950
1497	1941
1497	1793
1497	2016
1497	1911
1468	1682
1468	1858
1468	1754
1468	1706
1468	1796
1468	1760
1468	1802
1468	1777
1468	1746
1468	1740
1468	1882
1468	1691
1468	1784
1468	1845

melhor e media

1685	2887
1556	2308
1509	1749
1509	1767
1509	1774
1509	1800
1509	1705
1509	1921
1509	1827
1509	1888
1509	1903
1509	1974
1509	1855
1509	1730
1509	1811
1509	1912
1509	1826
1509	1918
1509	1733
1509	1770
1509	1812
1442	1672
1442	1811
1442	1802
1442	1879
1442	1722
1442	1856
1442	1776
1442	1959
1442	1724
1442	1734
1442	1799
1442	1845
1442	1707
1442	1747
1442	1864
1442	1912
1442	1899
1442	1851
1442	1655
1442	1717
1442	1699
1442	1669
1442	1768
1442	1769
1442	1688
1442	1723
1442	1713
1442	1818
1442	1760
1442	1745
1442	1799
1442	1917
1442	1629
1442	1708
1442	1728
1442	1820
1442	1753
1442	1846
1442	1841
1442	1860
1442	1715
1442	1759
1442	1707
1442	1692
1442	1785
1442	1709
1442	1696
1442	1747
1442	1757
1442	1824
1442	1716
1442	1812
1442	1838
1442	1819
1442	1780
1442	1836
1442	2072
1442	1903
1431	1628
1431	1850
1431	1813
1431	1790
1431	1822
1431	1693
1431	1740
1431	1759
1431	1839
1431	1775
1431	1767
1431	1838
1431	1827
1431	1777
1431	1790
1431	1725
1417	1563
1417	1839
1417	1814
1417	1766
1417	1751

melhor e media

1801	3265
1554	2156
1526	1916
1521	1797
1520	1828
1483	1935
1471	1821
1471	1854
1471	1710
1471	1854
1471	1773
1471	1699
1471	1687
1468	1664
1468	1809
1468	1783
1468	1816
1468	1714
1468	1715
1468	1729
1468	1779
1468	1944
1468	1750
1468	1757
1424	1584
1424	1737
1424	1817
1424	1875
1424	1685
1424	1860
1424	1735
1424	1738
1424	1741
1424	1835
1424	1629
1424	1653
1424	1781
1424	1710
1394	1527
1394	1632
1394	1717
1394	1632
1394	1679
1394	1771
1394	1674
1394	1810
1394	1762
1394	1769
1394	1765
1394	1806
1394	1928
1394	1674
1394	1789
1394	1680
1394	1651
1394	1622
1394	1755
1394	1707
1394	1674
1394	1802
1394	1677
1394	1875
1394	1795
1394	1715
1394	1749
1394	1581
1394	1693
1394	1672
1394	1756
1394	1805
1394	1875
1394	1884
1394	1725
1394	1773
1394	1727
1394	1690
1394	1831
1394	1734
1394	1782
1394	1729
1394	1831
1394	1685
1394	1665
1394	1648
1394	1749
1394	1770
1394	1752
1394	1665
1394	1690
1394	1638
1394	1680
1394	1653
1394	1711
1394	1546
1394	1845
1394	1663
1394	1836
1394	1610
1394	1769
1394	1796

melhor e media

1561	3137
1561	2199
1561	2110
1533	2023
1507	1915
1472	1728
1472	1809
1472	2035
1472	1867
1472	1748
1472	1844
1472	1732
1472	1915
1472	1869
1472	1978
1472	1881
1472	1904
1472	1904
1472	1800
1472	1785
1472	1880
1472	1897
1472	1930
1472	1858
1472	1940
1472	1901
1472	1854
1472	1823
1472	1793
1472	1846
1472	1960
1472	1809
1472	1946
1472	1962
1472	1852
1472	1945
1472	1844
1472	2090
1472	1725
1472	1884
1472	1805
1472	1932
1472	1808
1472	1877
1472	1856
1472	1918
1472	1850
1472	1938
1472	1837
1472	1874
1472	1767
1472	1765
1472	1772
1472	1961
1472	1990
1472	1879
1472	1796
1472	1788
1472	1865
1472	1871
1472	1794
1472	1931
1472	1867
1472	2044
1472	1896
1472	1870
1472	1748
1472	1979
1472	1907
1472	1836
1472	1840
1472	1807
1472	1902
1472	1873
1472	1918
1472	1834
1472	1984
1472	1938
1472	1830
1472	1900
1472	1940
1472	1719
1472	1825
1472	1895
1472	1940
1472	2015
1472	1884
1472	1860
1472	1892
1472	1852
1472	1777
1472	1848
1472	1836
1472	1783
1472	1828
1472	1874
1472	2012
1472	1981
1472	1978
1472	1893

melhor e media

1628	3293
1533	2131
1518	1846
1518	1864
1517	1826
1517	1817
1514	1749
1497	1761
1494	1794
1494	1737
1494	1782
1494	1759
1494	1732
1494	1819
1494	1808
1494	1784
1494	1779
1494	1772
1494	1806
1494	1714
1494	1713
1494	1801
1494	1753
1494	1666
1481	1663
1481	1700
1481	1843
1481	1831
1481	1861
1481	1819
1481	1896
1481	1846
1481	1886
1481	1703
1481	1797
1481	1734
1481	1786
1481	1750
1481	1770
1481	1824
1481	1831
1481	1687
1481	1748
1481	1743
1481	1769
1481	1700
1481	1828
1481	1777
1481	1791
1481	1795
1481	1723
1481	1697
1481	1749
1481	1777
1481	1695
1481	1730
1481	2039
1481	1745
1481	1838
1481	1962
1481	1783
1481	1765
1481	1754
1481	1798
1481	1793
1481	1838
1481	1824
1481	1876
1481	1813
1481	1689
1481	1762
1481	1847
1481	1881
1481	1885
1481	1838
1481	1779
1481	1753
1481	1827
1481	1799
1481	1890
1481	1944
1481	1966
1481	1897
1481	1982
1481	1770
1481	1771
1481	1773
1481	1794
1481	1950
1481	1787
1481	1774
1481	1805
1481	1765
1481	1716
1481	1809
1481	1777
1481	1785
1481	1642
1481	1778
1481	1766

melhor e media

1612	3207
1555	2161
1529	1932
1519	1847
1519	1769
1505	1804
1505	1830
1505	1757
1498	1765
1498	1873
1498	1867
1498	2032
1498	1841
1498	1888
1498	1801
1498	1896
1498	1898
1485	1718
1485	1812
1485	2042
1485	1871
1485	1780
1485	1861
1485	1865
1485	1848
1485	1818
1485	1906
1485	1853
1485	1885
1485	1955
1485	1850
1485	1872
1485	1948
1485	1851
1485	1815
1485	1863
1485	1929
1485	2106
1485	1994
1485	1803
1485	1928
1485	1885
1485	1821
1485	1851
1485	1858
1485	1864
1485	1928
1485	1962
1485	1820
1485	1912
1485	1939
1485	1849
1485	1936
1485	1882
1485	1919
1485	1859
1485	1885
1485	1787
1485	1811
1485	1844
1485	1860
1485	1858
1485	1922
1485	1911
1484	1712
1484	1908
1484	1826
1484	1985
1484	1955
1484	1858
1484	1875
1484	1853
1484	1799
1484	1841
1484	1857
1484	1852
1484	1732
1484	1855
1484	1805
1484	1790
1484	1970
1484	1775
1484	1923
1484	1758
1484	1729
1484	1780
1484	1822
1484	1956
1484	1810
1484	1753
1484	1832
1484	2005
1484	1946
1484	1857
1484	1782
1484	1943
1484	1764
1484	1806
1484	1784
1484	1780

melhor e media

1553	3093
1487	2062
1487	1900
1484	1804
1483	1836
1472	1864
1472	1770
1468	1712
1468	1627
1468	1699
1468	1758
1468	1708
1468	1773
1468	1774
1468	1827
1468	1819
1468	1719
1468	1752
1468	1723
1468	1847
1468	1747
1468	1954
1468	1749
1468	1854
1468	1870
1468	1705
1468	1806
1468	1813
1468	1789
1468	1763
1468	1892
1468	1803
1468	1729
1468	1774
1468	1850
1468	1804
1468	1889
1468	1780
1468	1893
1468	1872
1468	1770
1468	1794
1468	1956
1468	1898
1468	1753
1468	1811
1468	1775
1468	1859
1468	1711
1468	1775
1468	1729
1468	1844
1468	1802
1468	1888
1451	1782
1451	1796
1450	1688
1445	1684
1445	1729
1418	1637
1418	1814
1418	1856
1418	1672
1418	1828
1418	1740
1418	1671
1418	1876
1418	1836
1418	1692
1418	1624
1418	1975
1418	1671
1418	1768
1418	1742
1418	1670
1418	1659
1418	1687
1418	1725
1418	1723
1418	1667
1418	1627
1418	1716
1418	1688
1418	1735
1418	1700
1418	1708
1418	1686
1418	1753
1418	1742
1418	1811
1418	1744
1418	1728
1418	1873
1418	1738
1388	1572
1388	1720
1388	1706
1388	1657
1388	1752
1388	1651

melhor e media

1702	2909
1527	2006
1505	1918
1476	1889
1476	1906
1476	1745
1476	1808
1474	1858
1474	1753
1474	1809
1473	1804
1469	1729
1469	1710
1469	1809
1465	1780
1465	1708
1465	1651
1465	1659
1465	1810
1465	1786
1465	1671
1465	1788
1465	1906
1465	1753
1465	1765
1465	1767
1465	1691
1459	1722
1459	1690
1459	1782
1459	1707
1459	1642
1459	1675
1459	1787
1459	1708
1459	1805
1459	1826
1459	1860
1459	1840
1459	1732
1459	1709
1459	1804
1459	1744
1459	1695
1459	1649
1459	1753
1459	1660
1459	1978
1459	1713
1459	1832
1459	1831
1459	1853
1459	1859
1459	1703
1459	1757
1459	1673
1459	1651
1459	1736
1443	1620
1443	1634
1443	1815
1443	1753
1443	1777
1433	1587
1433	1705
1433	1759
1433	1632
1433	1763
1433	1799
1433	1752
1433	1792
1433	1721
1433	1693
1433	1713
1433	1594
1433	1738
1433	1750
1433	1771
1433	1779
1433	1675
1433	1783
1433	1760
1433	1824
1433	1783
1433	1727
1433	1713
1433	1711
1433	1719
1433	1698
1433	1847
1433	1882
1433	1820
1433	1830
1433	1707
1433	1988
1433	1780
1433	1740
1433	1759
1433	1754
1433	1985

melhor e media

1637	3023
1550	2182
1491	1976
1490	1888
1490	1863
1489	1827
1488	1787
1488	1884
1483	1880
1483	1844
1483	1822
1483	1890
1483	1869
1483	1855
1483	1918
1483	1861
1483	1830
1483	1791
1483	1702
1483	1905
1473	1696
1473	1785
1473	1909
1473	1820
1473	1747
1473	1786
1473	1819
1473	1795
1473	1747
1473	1768
1473	1806
1473	1866
1473	1741
1473	1792
1456	1659
1456	1696
1456	1707
1456	1763
1456	1943
1456	1678
1456	1832
1456	1837
1456	1756
1456	1851
1456	2058
1456	1882
1456	1853
1456	1827
1456	1833
1456	1693
1456	1791
1456	1754
1456	1715
1456	1788
1456	1790
1456	1750
1456	1757
1456	1780
1456	1755
1456	1766
1456	1731
1456	1856
1456	1726
1456	1749
1456	1765
1456	1860
1456	1870
1456	1769
1456	1775
1456	1947
1456	1664
1456	1809
1456	1797
1456	1813
1456	1746
1456	1866
1456	1701
1456	1787
1456	1756
1456	1763
1456	1723
1434	1632
1434	1778
1434	1756
1414	1556
1414	1891
1414	1729
1414	1819
1414	1765
1414	1742
1414	1833
1414	2026
1414	1886
1414	1851
1414	1855
1414	1771
1414	1740
1414	1727
1414	1890
1414	1954

melhor e media

1597	2944
1500	2101
1463	1822
1460	1786
1460	1843
1450	1840
1450	1729
1450	1873
1450	1728
1450	1900
1447	1704
1447	1740
1447	1771
1447	1836
1443	1792
1443	1752
1439	1800
1439	1830
1439	1816
1438	1986
1438	1801
1438	1743
1438	1691
1438	1950
1438	1804
1438	1688
1438	1811
1438	1728
1438	1698
1438	1878
1438	1880
1438	1835
1438	1792
1438	1689
1438	1738
1438	1666
1438	1663
1438	1810
1438	1861
1438	1823
1438	1791
1438	1717
1438	1696
1438	1750
1438	1749
1438	1686
1438	1747
1438	1716
1438	1816
1438	1753
1438	1692
1438	1692
1438	1744
1438	1768
1438	1906
1438	1908
1438	1923
1438	1911
1438	1910
1438	1726
1438	1783
1438	1814
1438	1860
1438	1699
1438	1748
1438	1739
1438	1735
1438	1706
1438	1795
1438	1692
1438	1800
1438	1794
1438	1801
1438	1806
1438	1935
1438	1696
1438	1706
1438	1752
1438	1662
1438	1628
1438	1928
1438	1768
1438	1707
1438	1628
1438	1666
1438	1790
1438	1638
1438	1735
1438	1849
1438	1704
1438	1704
1438	1698
1438	1694
1438	1891
1438	1784
1438	1772
1438	1768
1438	1742
1438	1850
1438	1756

melhor e media

1654	3135
1524	2343
1524	2069
1524	2039
1498	1911
1498	1824
1498	1794
1482	1772
1482	1725
1476	1698
1476	1743
1476	1642
1476	1910
1476	1813
1476	1728
1476	1778
1476	1776
1476	1885
1476	1693
1476	1825
1476	1861
1476	1828
1476	1732
1476	1782
1476	1773
1476	1917
1476	1808
1476	1870
1476	1855
1476	1719
1406	1550
1406	1810
1406	1692
1406	1633
1406	1722
1406	1772
1406	1751
1406	1668
1406	1693
1406	1752
1406	1867
1406	1762
1406	1839
1406	1898
1406	1769
1406	1894
1406	1857
1406	1855
1406	1836
1406	1951
1406	1651
1406	1739
1406	1703
1406	1729
1406	1774
1406	1854
1406	1779
1406	1795
1406	1752
1406	1800
1406	1922
1406	1820
1406	1767
1406	1885
1406	2041
1406	1726
1406	1726
1406	1803
1406	1595
1406	1856
1406	1909
1406	1837
1406	1806
1406	1842
1406	1956
1406	1773
1406	1761
1406	1839
1406	1989
1406	1828
1406	1702
1406	1693
1406	1703
1406	1806
1406	1784
1406	1805
1406	1919
1406	1868
1406	1883
1406	1815
1406	1780
1406	1845
1406	1737
1406	1575
1406	1741
1406	1863
1406	1912
1406	1748
1406	1818
1406	1873

melhor e media

1758	3133
1552	2321
1522	1945
1501	1791
1471	1812
1471	1762
1471	1818
1470	1699
1468	1700
1468	1831
1468	1866
1468	1790
1468	1832
1468	1694
1468	1720
1468	1692
1468	1713
1468	1686
1468	1691
1468	1757
1468	1730
1406	1554
1406	1834
1406	1812
1406	1721
1406	1578
1406	1680
1406	1685
1406	1810
1406	1861
1406	1843
1406	1716
1406	1857
1406	1731
1406	1867
1406	1698
1406	1875
1406	1841
1406	1702
1406	1785
1406	1857
1406	1757
1406	1818
1406	1770
1406	1659
1406	1683
1406	1786
1406	1773
1406	1771
1406	1670
1406	1749
1406	1767
1406	1825
1406	1736
1406	1686
1406	1837
1406	1768
1406	1813
1406	1667
1406	1901
1406	1714
1406	1749
1406	1716
1406	1844
1406	1951
1406	1691
1406	1716
1406	1629
1406	1871
1406	1737
1406	1740
1406	1758
1406	1636
1406	1888
1406	1630
1406	1764
1406	1754
1406	1729
1406	1741
1406	1673
1406	1828
1406	2011
1406	1965
1406	1716
1406	1765
1406	1746
1406	1904
1406	1736
1406	1682
1406	1698
1406	1737
1406	1610
1406	1696
1406	1747
1406	1844
1406	1754
1406	1663
1406	1757
1406	1718
1406	1903

melhor e media

1675	3099
1515	2745
1510	2449
1510	2120
1510	2053
1510	1988
1494	2112
1494	2139
1494	1992
1494	2121
1484	2060
1483	2002
1477	2102
1466	2078
1466	2064
1466	2145
1466	2098
1466	2257
1466	2000
1466	2240
1466	2073
1466	1872
1463	1956
1463	2106
1463	2113
1463	2014
1456	2114
1456	2298
1456	2172
1456	2190
1456	2133
1456	1996
1456	2131
1456	2098
1456	2178
1456	2021
1456	2032
1456	1922
1456	1965
1456	1986
1456	2235
1456	2222
1456	2147
1456	2031
1456	1841
1456	2035
1456	2234
1456	2052
1456	2033
1456	2003
1456	1993
1456	2020
1456	1975
1456	2253
1456	2081
1456	2076
1456	2001
1456	2083
1456	1940
1456	2133
1456	2117
1456	2262
1456	2283
1456	2115
1456	1934
1456	1833
1456	1974
1456	2062
1456	2130
1456	2080
1456	1945
1456	2199
1456	2238
1456	2128
1456	2151
1456	2039
1456	2202
1456	2189
1456	1960
1456	1990
1456	1965
1456	1994
1456	1867
1456	1858
1456	1995
1456	1867
1456	1972
1456	2052
1456	2078
1456	1973
1456	2053
1456	2193
1456	1992
1456	2069
1456	2093
1456	2200
1456	2211
1456	2065
1456	1998
1456	2061

melhor e media

1650	3107
1522	2274
1522	2046
1501	1947
1497	1994
1491	2030
1477	1923
1477	1887
1477	1934
1477	1721
1477	1687
1477	1856
1477	1712
1460	1673
1455	1676
1446	1766
1443	1791
1443	1706
1417	1610
1417	1657
1417	1801
1417	1867
1417	1726
1417	1751
1417	1697
1417	1810
1417	1904
1417	1809
1417	1726
1417	1769
1417	1647
1417	1717
1417	1635
1417	1773
1417	1661
1417	1724
1417	1644
1417	1764
1417	1755
1417	1721
1417	1649
1417	1697
1417	1633
1417	1658
1417	1719
1417	1766
1417	1672
1417	1938
1417	1833
1417	1813
1417	1670
1417	1713
1417	1693
1417	1714
1417	1587
1417	1699
1417	1768
1417	1660
1417	1716
1417	1725
1417	1797
1417	1768
1417	1817
1417	1788
1417	1715
1417	1724
1417	1743
1417	1722
1417	1693
1417	1778
1417	1735
1417	1762
1417	1779
1417	1713
1417	1641
1417	1699
1417	1784
1417	1811
1417	1760
1417	1866
1417	1781
1417	1812
1417	1704
1417	1838
1417	1727
1417	1785
1417	1738
1417	1728
1417	1734
1417	1743
1417	1742
1417	1672
1417	1635
1417	1698
1417	1724
1417	1720
1417	1701
1417	1808
1417	1728
1417	1752

melhor e media

1541	3236
1540	2055
1487	1978
1481	1828
1479	1785
1479	1748
1476	1669
1476	1724
1476	1760
1476	1965
1476	1871
1476	1700
1476	1709
1413	1565
1413	1767
1413	1936
1413	1735
1413	1713
1413	1721
1413	1873
1413	1786
1413	1714
1413	1803
1413	1810
1413	1715
1413	1742
1413	1732
1413	1769
1413	1753
1413	1743
1413	2001
1413	1784
1413	1723
1413	1761
1413	1700
1413	1752
1413	1877
1413	1774
1413	1816
1413	1625
1413	1803
1413	1725
1413	1688
1413	1756
1413	1707
1413	1783
1413	1788
1413	1691
1413	1714
1413	1774
1413	1842
1413	1827
1413	1812
1413	1974
1413	1816
1413	1792
1413	1803
1413	1843
1413	1695
1413	1816
1413	1592
1413	1772
1413	1762
1413	1737
1413	1819
1413	1730
1413	1723
1413	1741
1413	1672
1413	1674
1413	1718
1413	1984
1413	1817
1413	1677
1413	1721
1413	1572
1413	1798
1413	1817
1413	1748
1413	1789
1413	1775
1413	1798
1413	1849
1413	1880
1413	1762
1413	1705
1413	1828
1413	1784
1413	1767
1413	1850
1413	1771
1413	1666
1413	1681
1413	1656
1413	1749
1413	1736
1413	1731
1413	1885
1413	1707
1413	1854

melhor e media

1682	3049
1659	2240
1564	1933
1533	1860
1514	1980
1504	1713
1499	1783
1486	1797
1486	1775
1486	1881
1486	1888
1483	1810
1481	1742
1481	1715
1477	1853
1477	1717
1477	1712
1477	1700
1477	1762
1477	1801
1475	1750
1475	1744
1475	1832
1475	1732
1475	1740
1475	1727
1475	1611
1431	1588
1431	1740
1431	1739
1431	1711
1431	1827
1431	1748
1431	1680
1431	1730
1431	1878
1431	1846
1431	1721
1431	1744
1431	1731
1431	1949
1431	1824
1431	1653
1431	1700
1431	1680
1431	1806
1431	1638
1431	1754
1431	1743
1431	1653
1431	1794
1431	1782
1431	1726
1431	1671
1431	1625
1431	1735
1425	1591
1425	1712
1425	1812
1425	1722
1425	1718
1425	1729
1425	1688
1425	1840
1425	1805
1425	1666
1425	1795
1425	1865
1425	1896
1425	1865
1425	1871
1425	1818
1425	2014
1425	1759
1425	1712
1425	1871
1425	1751
1425	1620
1425	1916
1425	1894
1425	1787
1425	1785
1425	1741
1425	1739
1425	1721
1425	1689
1425	1698
1425	1780
1425	1758
1425	1786
1425	1856
1425	1752
1425	1757
1425	1753
1425	1705
1425	1707
1425	1776
1425	1813
1425	1800
1425	1728

melhor e media

1624	3283
1622	2429
1582	2229
1574	1837
1560	1821
1531	2023
1515	1963
1503	1959
1497	1874
1495	1918
1493	2003
1493	1953
1493	1857
1493	1854
1493	1916
1493	2022
1493	2002
1493	1928
1493	1885
1493	1960
1493	1888
1493	2061
1493	1880
1493	1963
1493	1830
1493	1976
1493	1957
1493	2030
1493	1959
1493	1856
1493	1834
1493	2027
1493	1806
1493	2058
1493	1845
1493	1875
1493	1976
1493	1862
1493	1974
1493	1923
1493	1903
1493	1831
1491	1889
1490	1950
1490	1918
1484	2180
1484	2128
1484	1998
1484	2262
1484	2106
1484	2016
1484	2142
1484	2086
1484	2037
1484	2283
1484	2245
1484	1963
1484	1902
1484	2083
1484	2257
1484	2109
1484	2080
1484	2026
1484	1975
1484	2107
1484	2257
1484	2048
1484	2188
1484	2094
1484	2174
1484	2197
1484	2369
1484	2047
1484	2088
1484	2053
1484	2044
1484	1997
1484	1936
1484	1920
1484	2087
1484	2081
1484	2198
1484	2003
1484	2191
1484	2000
1484	2100
1484	1957
1484	2082
1484	2300
1484	1938
1484	2090
1484	2141
1484	2183
1484	1992
1484	2001
1484	2045
1484	2099
1484	2222
1484	2093
1484	2084

melhor e media

1689	3210
1605	2451
1605	2208
1578	2082
1578	2138
1578	2048
1576	2039
1571	1914
1571	2113
1571	2055
1571	2141
1547	2113
1547	2055
1547	1909
1547	1954
1547	2046
1547	1926
1547	2078
1547	2001
1547	2072
1547	2110
1547	2178
1547	2093
1547	2072
1547	1988
1547	1992
1547	2137
1547	2064
1547	2269
1547	2146
1547	1978
1547	2116
1547	1936
1547	2034
1547	1925
1547	1920
1547	1890
1531	1845
1531	1959
1531	2026
1531	2283
1531	2177
1531	1943
1531	2047
1531	2109
1531	1951
1531	2113
1531	2085
1531	2099
1531	2124
1531	1964
1531	1915
1531	2043
1531	1942
1531	2050
1531	2062
1531	2147
1531	2004
1531	2053
1531	2046
1531	2021
1531	1907
1531	2069
1531	2034
1531	2060
1531	1957
1531	1954
1531	1985
1531	2087
1531	2011
1531	2260
1531	1856
1531	1815
1531	2119
1531	2201
1531	2064
1531	1917
1531	2078
1531	1965
1531	2048
1531	2180
1531	1943
1531	2036
1531	1919
1531	2047
1531	2132
1531	1994
1531	2008
1531	2036
1531	2178
1531	2131
1531	2190
1531	1948
1531	1885
1531	2024
1531	2116
1531	2084
1531	1972
1531	2064
1531	2198

melhor e media

1721	3216
1541	2148
1541	2042
1541	1908
1534	1891
1512	1971
1509	1925
1509	1843
1509	1957
1509	1798
1509	1858
1509	1895
1509	1789
1509	1899
1509	1867
1509	1774
1509	1851
1509	1813
1487	1811
1487	1791
1487	1784
1487	1777
1487	1799
1487	1983
1487	1811
1487	1743
1487	1766
1487	1857
1487	1817
1487	1720
1487	1793
1487	1766
1486	1718
1486	1830
1486	1802
1486	1920
1486	1928
1486	1913
1486	1892
1486	1937
1486	2090
1486	1950
1486	1881
1486	2007
1486	1864
1486	1906
1486	1881
1486	1955
1486	1991
1486	2014
1486	1866
1486	1817
1486	1855
1486	1877
1486	1889
1486	1830
1486	1780
1486	1953
1486	1976
1486	2091
1486	1978
1486	1809
1486	2130
1486	1852
1486	1811
1486	1911
1486	1668
1486	1842
1486	1849
1486	1840
1486	1963
1486	1901
1486	1935
1486	2074
1486	2027
1486	1875
1486	1941
1486	1922
1486	1729
1486	1910
1486	1729
1486	1802
1486	1969
1486	1707
1486	1821
1486	2006
1486	1906
1486	1860
1486	1915
1486	1864
1486	1972
1486	1814
1486	1730
1486	1946
1486	1981
1486	1908
1486	1912
1486	1829
1486	2042
1486	1837

melhor e media

1753	3156
1656	2432
1602	2021
1571	1843
1557	1813
1552	2080
1552	1970
1552	1858
1525	1869
1506	1836
1506	1834
1506	1822
1506	1779
1506	1945
1506	1880
1506	1850
1506	1887
1506	1918
1506	1865
1506	1882
1506	1978
1506	1892
1506	1828
1506	1804
1506	1855
1506	1953
1505	1752
1505	1830
1505	1829
1505	1763
1505	1906
1505	1791
1505	1694
1505	1974
1505	1966
1505	1798
1505	1712
1505	1803
1505	1763
1505	1845
1505	1889
1505	1916
1505	1908
1505	1944
1505	1870
1499	1670
1499	1866
1499	1802
1499	1731
1499	1860
1499	1803
1499	1907
1499	1889
1499	1971
1499	1779
1499	1754
1499	1834
1499	1824
1499	1834
1499	1811
1499	1785
1499	1891
1493	1809
1493	1764
1493	1903
1491	1754
1484	1725
1484	1822
1479	1812
1476	1811
1476	1719
1476	1832
1476	1872
1476	1694
1474	1855
1470	1791
1470	1715
1467	1682
1467	1807
1467	1662
1467	1810
1467	1663
1467	1732
1467	1748
1467	1760
1467	1805
1467	1774
1467	1900
1467	1808
1467	1790
1467	1859
1467	1850
1467	1708
1467	1719
1467	1776
1467	1898
1467	1734
1467	1737
1467	1772
1467	1826

