melhor e media

1551	2422
1551	1960
1551	2040
1551	1983
1551	2016
1551	1959
1551	1803
1551	1840
1543	1875
1543	1799
1543	1818
1543	1912
1543	1940
1543	2028
1543	1911
1543	2016
1543	2100
1543	1850
1543	1968
1543	1925
1543	2013
1543	1929
1543	1964
1543	1847
1543	1853
1543	1980
1543	1816
1543	1931
1543	1812
1543	1923
1543	1816
1543	1967
1543	1894
1543	1824
1543	1938
1543	1826
1543	1804
1543	1950
1543	1936
1543	1876
1543	1832
1543	1842
1543	1974
1543	1921
1543	1957
1543	1897
1543	1861
1543	1932
1543	1875
1543	1874
1543	1751
1543	1820
1543	1842
1543	1919
1543	1884
1543	1797
1543	1818
1543	1936
1543	1849
1543	1818
1543	1991
1543	1926
1543	1946
1543	1849
1543	1911
1543	1996
1543	1885
1543	1911
1543	1808
1543	1831
1543	1985
1543	1955
1543	2072
1543	1942
1543	1889
1543	2033
1543	1782
1543	1946
1543	1851
1543	1938
1543	1941
1543	1913
1543	1849
1543	1901
1543	1904
1543	1879
1543	1882
1543	1909
1543	1853
1543	1798
1543	1934
1543	1884
1543	1896
1543	1820
1543	1829
1543	1812
1543	1815
1543	1971
1543	1912
1543	1902

melhor e media

1551	2309
1551	1996
1551	1923
1551	1834
1551	1793
1551	2028
1551	1924
1551	1766
1551	1865
1551	1873
1551	1962
1551	1863
1551	1871
1551	1996
1551	2054
1551	1839
1551	1861
1551	1904
1551	1911
1551	1948
1551	1973
1551	1830
1551	1942
1551	1832
1551	1909
1551	1798
1551	1802
1543	1846
1543	1838
1543	1974
1543	1987
1543	1841
1543	1952
1543	1957
1543	1897
1543	2014
1543	2042
1543	2039
1543	1864
1543	1967
1543	1833
1543	1956
1543	1934
1543	1843
1543	1900
1543	1775
1543	1762
1543	1888
1543	2003
1543	1953
1543	1972
1543	2024
1543	1872
1543	2044
1543	1822
1543	1838
1543	1970
1543	2080
1543	1924
1543	2048
1543	2061
1543	1866
1543	1873
1543	1912
1543	1939
1543	1897
1543	1972
1543	1853
1543	1955
1543	2017
1543	1949
1543	1935
1543	1829
1543	1953
1543	2042
1543	1819
1543	1913
1543	1965
1543	2031
1543	1933
1543	1873
1543	1899
1543	1858
1543	1948
1543	1879
1543	1975
1543	1882
1543	1969
1543	1961
1543	2023
1543	2019
1543	2103
1543	1996
1543	1998
1543	2076
1543	2113
1543	1975
1543	1897
1543	1903
1543	1812

melhor e media

1582	2378
1562	1974
1555	1937
1543	1910
1543	1932
1543	1925
1543	1840
1543	1858
1543	1836
1543	1911
1543	1828
1543	2020
1543	1850
1543	1866
1543	1787
1543	1871
1543	1809
1543	1886
1543	1795
1543	1894
1543	1883
1543	1941
1543	1950
1543	2078
1543	1811
1543	2114
1543	2016
1543	2033
1543	1987
1543	1865
1543	1875
1543	1864
1543	1892
1543	1851
1543	1969
1543	2030
1543	1906
1543	1883
1543	1935
1543	1885
1543	1895
1543	1978
1543	2037
1543	1920
1543	1947
1543	2064
1543	1961
1543	1882
1543	1828
1543	1935
1543	1898
1543	1930
1543	1837
1543	1900
1543	2010
1543	2010
1543	1837
1543	1992
1543	1873
1543	1805
1543	2033
1543	1873
1543	1936
1543	1816
1543	1925
1543	1980
1543	1946
1543	1899
1543	2059
1543	1835
1543	1883
1543	1850
1543	2014
1543	1892
1543	1881
1543	1960
1543	1860
1543	2004
1543	1972
1543	1972
1543	1814
1543	1863
1543	1876
1543	1876
1543	1894
1543	2080
1543	1908
1543	1807
1543	1897
1543	1942
1543	2023
1543	1934
1543	1859
1543	1960
1543	1805
1543	2023
1543	1898
1543	1892
1543	1918
1543	1936

melhor e media

1628	2428
1589	2026
1589	1883
1551	1963
1551	1937
1551	1962
1551	1790
1551	1754
1551	1775
1551	1755
1551	1812
1551	1992
1551	1898
1551	1972
1551	1829
1551	1995
1551	1975
1551	1798
1551	1939
1551	1965
1551	1898
1551	1888
1551	1895
1551	1922
1551	1841
1551	1883
1551	1785
1551	1872
1551	1904
1551	1887
1551	1948
1551	1845
1551	1897
1551	2088
1551	2051
1551	1966
1551	1931
1551	2047
1551	1938
1551	1933
1551	1915
1551	1949
1551	1830
1551	1866
1551	1868
1551	1891
1551	1872
1551	1783
1551	1990
1551	1907
1551	1819
1551	1846
1551	1920
1551	2122
1551	1852
1551	1821
1551	1989
1551	1916
1551	1983
1551	1889
1551	1894
1551	1903
1551	2021
1551	1812
1551	1840
1551	1861
1551	1921
1551	1926
1551	1916
1551	1901
1551	1774
1551	1844
1551	1850
1551	1917
1551	1968
1551	1870
1551	1965
1551	1845
1551	1925
1551	2014
1551	1849
1551	1894
1551	1890
1551	1936
1551	1853
1551	1894
1551	1987
1551	1975
1551	1982
1551	2160
1551	1928
1551	1924
1551	1901
1551	1988
1551	1893
1551	1954
1551	2019
1551	1899
1551	2040
1551	1952

melhor e media

1551	2313
1551	2021
1543	1890
1543	1902
1543	1887
1543	1915
1543	1892
1543	1832
1543	1881
1543	1902
1543	1969
1543	1929
1543	1857
1543	1779
1543	1786
1543	1914
1543	2043
1543	1827
1543	1907
1543	1892
1543	1752
1543	1886
1543	1765
1543	1779
1543	1890
1543	1803
1543	1823
1543	1808
1543	1910
1543	1891
1543	1891
1543	2029
1543	1910
1543	1878
1543	1826
1543	1925
1543	1902
1543	1902
1543	1891
1543	2000
1543	1938
1543	1813
1543	1857
1543	1916
1543	1931
1543	1894
1543	1983
1543	1779
1543	1928
1543	1799
1543	1833
1543	1945
1543	1935
1543	1851
1543	1868
1543	1850
1543	2033
1543	2014
1543	1961
1543	2016
1543	1917
1543	1940
1543	1983
1543	1842
1543	1955
1543	1901
1543	1811
1543	1918
1543	1898
1543	1970
1543	1911
1543	1961
1543	1880
1543	2025
1543	2007
1543	2041
1543	1884
1543	1960
1543	1879
1543	1779
1543	1785
1543	2054
1543	1959
1543	1900
1543	1894
1543	1856
1543	1898
1543	1762
1543	2025
1543	1863
1543	1826
1543	1840
1543	1792
1543	1865
1543	1808
1543	1837
1543	1980
1543	1839
1543	1812
1543	1855

melhor e media

1551	2299
1551	1955
1551	1774
1551	1706
1543	1826
1543	1742
1543	1806
1543	1897
1543	1885
1543	1821
1543	1815
1543	1831
1543	1880
1543	1949
1543	1948
1543	1973
1543	1887
1543	1819
1543	1910
1543	1938
1543	1861
1543	1817
1543	1843
1543	1801
1543	1782
1543	1869
1543	1944
1543	1917
1543	1874
1543	1853
1543	1856
1543	1831
1543	1801
1543	1774
1543	1898
1543	1821
1543	1891
1543	1862
1543	1841
1543	1820
1543	1878
1543	1911
1543	1837
1543	1962
1543	1863
1543	1887
1543	1987
1543	1913
1543	1878
1543	1813
1543	1821
1543	1765
1543	1943
1543	1833
1543	1900
1543	1930
1543	2010
1543	1878
1543	1962
1543	1972
1543	1861
1543	1881
1543	1899
1543	1824
1543	1828
1543	1987
1543	1932
1543	1838
1543	1900
1543	2070
1543	1880
1543	1865
1543	1893
1543	2027
1543	2007
1543	1837
1543	1854
1543	1802
1543	1905
1543	1876
1543	1916
1543	1974
1543	2044
1543	1840
1543	1966
1543	1959
1543	1869
1543	1898
1543	1892
1543	1956
1543	1897
1543	1853
1543	1784
1543	1747
1543	1840
1543	1912
1543	1864
1543	2023
1543	1914
1543	2075

melhor e media

1618	2353
1555	1887
1555	1840
1543	2028
1543	1862
1543	1848
1543	1970
1543	1860
1543	1874
1543	1808
1543	1882
1543	1808
1543	1870
1543	1912
1543	1828
1543	1751
1543	1885
1543	1870
1543	1964
1543	1830
1543	1883
1543	1875
1543	1883
1543	1897
1543	1852
1543	1868
1543	2042
1543	1948
1543	1939
1543	1914
1543	1949
1543	1985
1543	1868
1543	1889
1543	1889
1543	1890
1543	1837
1543	1956
1543	1986
1543	1938
1543	1923
1543	1966
1543	1955
1543	1900
1543	1879
1543	1946
1543	1952
1543	1864
1543	2014
1543	1834
1543	1814
1543	1865
1543	1843
1543	1852
1543	1975
1543	1986
1543	2065
1543	1917
1543	1991
1543	1845
1543	1916
1543	1879
1543	1967
1543	1878
1543	1897
1543	1912
1543	1959
1543	1857
1543	1904
1543	1888
1543	1896
1543	1995
1543	1941
1543	1869
1543	1885
1543	1900
1543	1879
1543	1966
1543	1864
1543	1882
1543	1948
1543	1966
1543	2046
1543	2004
1543	1917
1543	1942
1543	2057
1543	1935
1543	1851
1543	2008
1543	1937
1543	2020
1543	1991
1543	1955
1543	1905
1543	1912
1543	1920
1543	1957
1543	2100
1543	1808

melhor e media

1589	2375
1551	2089
1551	1971
1551	1937
1551	1890
1551	1923
1551	1854
1551	1861
1551	2064
1551	1882
1551	1820
1551	1931
1551	1973
1551	2074
1551	1972
1551	1945
1551	2045
1551	1848
1551	1877
1551	1976
1551	1953
1551	1902
1551	1945
1551	1958
1551	1836
1551	1968
1551	1905
1551	1900
1551	1982
1551	1844
1551	1771
1551	1887
1551	1954
1551	1821
1551	1954
1551	2017
1551	1927
1551	1853
1551	1880
1551	1868
1551	1896
1551	1888
1551	2085
1551	2124
1551	2007
1551	1938
1551	1833
1551	1973
1551	1959
1551	1955
1551	1947
1551	1800
1551	1795
1551	1995
1551	1862
1551	1852
1551	1855
1551	1846
1551	1899
1551	1824
1551	1885
1551	1919
1551	1995
1551	1918
1551	1869
1551	1883
1551	2061
1551	1770
1551	1842
1551	2081
1551	1933
1551	1797
1551	1975
1551	1919
1551	1949
1551	1845
1551	1890
1551	1940
1551	1920
1551	1852
1551	1812
1551	1985
1551	1793
1551	1812
1551	2047
1551	1866
1551	1886
1551	1937
1551	1795
1551	1823
1551	1792
1551	1858
1551	1932
1551	1902
1551	1910
1551	1950
1551	1859
1551	1768
1551	1869
1551	1865

melhor e media

1649	2473
1603	1979
1577	2043
1563	1940
1555	1933
1555	1917
1543	1910
1543	1987
1543	1942
1543	1864
1543	1828
1543	1923
1543	1924
1543	1807
1543	1914
1543	1861
1543	1936
1543	1941
1543	1979
1543	1868
1543	1816
1543	1976
1543	1934
1543	1927
1543	2022
1543	1854
1543	1899
1543	1828
1543	1870
1543	1844
1543	1931
1543	2018
1543	1892
1543	1822
1543	1865
1543	1890
1543	1814
1543	1808
1543	1846
1543	1808
1543	1948
1543	1978
1543	1895
1543	1904
1543	1957
1543	1906
1543	1960
1543	1937
1543	1910
1543	1848
1543	1860
1543	1825
1543	1888
1543	1918
1543	1968
1543	1808
1543	1914
1543	1874
1543	1915
1543	1900
1543	1956
1543	1940
1543	1809
1543	1960
1543	1971
1543	1851
1543	1962
1543	1825
1543	1879
1543	1912
1543	1843
1543	1874
1543	1764
1543	1935
1543	1880
1543	1896
1543	1974
1543	1916
1543	1950
1543	1962
1543	1848
1543	2095
1543	1950
1543	2015
1543	1877
1543	1826
1543	1935
1543	1826
1543	1848
1543	1848
1543	1894
1543	1974
1543	1830
1543	1929
1543	1985
1543	1860
1543	1814
1543	1891
1543	1798
1543	1952

melhor e media

1622	2488
1610	2049
1610	2079
1589	1939
1589	2036
1589	1913
1589	2037
1551	2018
1551	2036
1551	1947
1551	1979
1551	2001
1551	1861
1551	1907
1551	1870
1551	1926
1551	1834
1551	1938
1551	1889
1551	1873
1551	1833
1551	1950
1551	1944
1551	2045
1551	1876
1551	1856
1551	1987
1551	1914
1551	1894
1551	1812
1551	1998
1551	1998
1551	1940
1551	1852
1551	2033
1551	1899
1551	1858
1551	1789
1551	1844
1551	1792
1551	1859
1551	1846
1551	1838
1551	1805
1551	1786
1551	1801
1551	1888
1551	1811
1551	1729
1551	1732
1551	1983
1551	1900
1551	1925
1551	1887
1551	1917
1551	1892
1551	1746
1551	1951
1551	1825
1551	1919
1551	1915
1551	1969
1551	1836
1551	1830
1551	1759
1551	1827
1551	1855
1551	1862
1551	1791
1551	1904
1551	1813
1551	1945
1551	1837
1551	1813
1551	1796
1551	1805
1543	1829
1543	1893
1543	1807
1543	1871
1543	1864
1543	1919
1543	1935
1543	1841
1543	1947
1543	1972
1543	1881
1543	1922
1543	1920
1543	1944
1543	1811
1543	2051
1543	1902
1543	1769
1543	1920
1543	1940
1543	1838
1543	1940
1543	1929
1543	1812

melhor e media

1670	2473
1589	2021
1555	1948
1555	1923
1555	1883
1555	2091
1555	2076
1551	1954
1551	1810
1551	2068
1551	1927
1551	1859
1551	2083
1551	1934
1551	1955
1551	1957
1551	1962
1551	1797
1551	1840
1551	1971
1551	1895
1551	1898
1551	1871
1551	1879
1551	2039
1551	1936
1551	1868
1551	1964
1551	1837
1551	1857
1551	1837
1551	1833
1551	1930
1551	1882
1551	1733
1551	1925
1551	2046
1551	1867
1551	1885
1551	1838
1551	1822
1551	1965
1551	1912
1551	1890
1551	1957
1551	1933
1551	1928
1551	1919
1551	1852
1551	1786
1551	2051
1551	1982
1551	1845
1551	1803
1551	1902
1551	1824
1551	1949
1551	1934
1551	1953
1551	1896
1551	1944
1551	1950
1551	1987
1551	1928
1551	1959
1551	1824
1551	1955
1551	1862
1551	1956
1551	1902
1551	1807
1551	1821
1551	1896
1551	1979
1551	1863
1551	1850
1551	1862
1551	1925
1551	1911
1551	2048
1551	1969
1551	1893
1551	2014
1551	1939
1551	1992
1551	1889
1551	1900
1551	1848
1551	1911
1551	1929
1551	1892
1551	2013
1551	1807
1551	1915
1551	1897
1551	1967
1551	1838
1551	1949
1551	1931
1551	2096

melhor e media

1601	2444
1589	2055
1589	2057
1589	2025
1589	2094
1589	1958
1589	1989
1589	1993
1589	1986
1589	1941
1589	2041
1589	1943
1589	1995
1589	2066
1589	1892
1589	1999
1589	2081
1589	2037
1551	2031
1551	1998
1551	1935
1551	1947
1551	2061
1551	2034
1551	1982
1551	1915
1551	1901
1551	1906
1551	1812
1551	1931
1551	1867
1551	1928
1551	1960
1551	1962
1551	1869
1551	1885
1551	1883
1551	1852
1551	1839
1551	1925
1551	1977
1551	2082
1551	1961
1551	1938
1551	2052
1551	1937
1551	1922
1551	1969
1551	1826
1551	1868
1551	1997
1551	1941
1551	1964
1551	2015
1551	1886
1543	1950
1543	1943
1543	1916
1543	2020
1543	1971
1543	1923
1543	1916
1543	2006
1543	1848
1543	2105
1543	1953
1543	2036
1543	2008
1543	1987
1543	2001
1543	1917
1543	1908
1543	1840
1543	1948
1543	1999
1543	1962
1543	1907
1543	2032
1543	1912
1543	1947
1543	1951
1543	1972
1543	2000
1543	2101
1543	1857
1543	1935
1543	1901
1543	1899
1543	1956
1543	1924
1543	2020
1543	1839
1543	1982
1543	1849
1543	1856
1543	1882
1543	1996
1543	1950
1543	2024
1543	1946

melhor e media

1642	2476
1589	1947
1589	1965
1589	2037
1589	2004
1589	1917
1589	1991
1589	1919
1589	1999
1589	1936
1589	1924
1589	1917
1589	1957
1589	1954
1589	1922
1589	1905
1589	2006
1589	2166
1589	1999
1589	1992
1551	1971
1551	2101
1551	1985
1551	2065
1551	1805
1551	1952
1551	1870
1551	1946
1551	1861
1551	1876
1551	1883
1551	1843
1551	1983
1551	1887
1551	1879
1551	1847
1551	1948
1551	1973
1551	1854
1551	1980
1551	1820
1551	1901
1551	1900
1551	1794
1551	2057
1551	1867
1551	1976
1551	1912
1551	1927
1551	1816
1551	2022
1551	1907
1551	1885
1551	1979
1551	1835
1551	2087
1551	1939
1543	1876
1543	1873
1543	1948
1543	2019
1543	2032
1543	1920
1543	1932
1543	1975
1543	1983
1543	1824
1543	1948
1543	1946
1543	2072
1543	1913
1543	1973
1543	1936
1543	1908
1543	1942
1543	1948
1543	1921
1543	1934
1543	1877
1543	1909
1543	1928
1543	1947
1543	1985
1543	1952
1543	1845
1543	1867
1543	1887
1543	1934
1543	1796
1543	1988
1543	1892
1543	1929
1543	2022
1543	1941
1543	1904
1543	1918
1543	1922
1543	2022
1543	1956
1543	1958

melhor e media

1589	2502
1589	2073
1551	1959
1551	1982
1551	1910
1551	1878
1551	1886
1551	1905
1551	1863
1551	1831
1551	1851
1551	1841
1551	1896
1551	1839
1551	1847
1551	1785
1551	1699
1551	1774
1551	1775
1551	1795
1551	1755
1551	1844
1551	1790
1551	1836
1551	1860
1551	1848
1551	1783
1551	1806
1551	1857
1551	1833
1551	1863
1551	1984
1551	1819
1551	1800
1551	1800
1551	1771
1551	1749
1551	1725
1551	1727
1551	1766
1551	1886
1551	1880
1551	1795
1551	1816
1551	1807
1551	1811
1551	1837
1551	1824
1551	1774
1551	1756
1551	1975
1551	1861
1551	1770
1551	1770
1551	1834
1551	1827
1551	1940
1551	1740
1551	1752
1551	1837
1551	1833
1551	1727
1551	1828
1551	1793
1551	1848
1551	1850
1551	1822
1551	1777
1551	1912
1551	1886
1551	1879
1551	1838
1551	1862
1551	1757
1551	1796
1551	1909
1551	1844
1551	1787
1551	1766
1551	1863
1551	1837
1551	1900
1551	1782
1551	1751
1551	1799
1551	1732
1551	1913
1543	1878
1543	1950
1543	1902
1543	1887
1543	1901
1543	1822
1543	1858
1543	1866
1543	1887
1543	1803
1543	1936
1543	1829
1543	1868

melhor e media

1600	2330
1600	1930
1543	1936
1543	1939
1543	1899
1543	1893
1543	2123
1543	1932
1543	1947
1543	2006
1543	1951
1543	1951
1543	1900
1543	1810
1543	1880
1543	1914
1543	1915
1543	1977
1543	2027
1543	2021
1543	1836
1543	1884
1543	1927
1543	1989
1543	2064
1543	1942
1543	2074
1543	2066
1543	2096
1543	2004
1543	1994
1543	2020
1543	1878
1543	1864
1543	1849
1543	2033
1543	1849
1543	2042
1543	1930
1543	1929
1543	1959
1543	1962
1543	1925
1543	1953
1543	1748
1543	1975
1543	1840
1543	1815
1543	2058
1543	1963
1543	1941
1543	1979
1543	1987
1543	1799
1543	1966
1543	1893
1543	1818
1543	2002
1543	1929
1543	1946
1543	1952
1543	1873
1543	1999
1543	1926
1543	1844
1543	1911
1543	1940
1543	2060
1543	1905
1543	1989
1543	1878
1543	1928
1543	1855
1543	1937
1543	1886
1543	1830
1543	1807
1543	1814
1543	1818
1543	1855
1543	1994
1543	1941
1543	1929
1543	1904
1543	1843
1543	1878
1543	1827
1543	1946
1543	1880
1543	1924
1543	1913
1543	1928
1543	1924
1543	1945
1543	1983
1543	1961
1543	1962
1543	1985
1543	1886
1543	1880

melhor e media

1629	2428
1592	2031
1589	2022
1589	2056
1551	2071
1551	1920
1551	1858
1551	1824
1551	1831
1551	1730
1551	1775
1551	1843
1551	1985
1551	1827
1551	1937
1551	1877
1551	1849
1551	1884
1551	1840
1551	1935
1551	1850
1551	1909
1551	1780
1551	2013
1551	1927
1551	1883
1551	1909
1551	1972
1551	1924
1551	1930
1551	1918
1551	1972
1551	1840
1551	1916
1551	1799
1551	1888
1551	1860
1551	1857
1551	2052
1551	1950
1551	1868
1551	1911
1551	1860
1551	1910
1551	1808
1551	1850
1551	1917
1551	1894
1551	1824
1551	1918
1551	1823
1551	1800
1551	1907
1551	1979
1551	1821
1551	1966
1551	1979
1551	2021
1551	2017
1551	1786
1551	1839
1551	1868
1551	1974
1551	1796
1551	2070
1551	2020
1551	1895
1551	1881
1551	1955
1551	1940
1551	2077
1551	1919
1551	1983
1551	1876
1551	1966
1551	1798
1551	1865
1551	1742
1551	1896
1551	1948
1551	1785
1551	1952
1551	1881
1551	1902
1543	1959
1543	1952
1543	1863
1543	1837
1543	1817
1543	2073
1543	1928
1543	1833
1543	1878
1543	1829
1543	1862
1543	1952
1543	1908
1543	1991
1543	1801
1543	2079

melhor e media

1616	2314
1589	1939
1589	1970
1589	2033
1589	2074
1589	1963
1589	1947
1589	2048
1589	2131
1551	2025
1551	1970
1551	2036
1551	1905
1551	1901
1551	1930
1551	1976
1551	1845
1551	1824
1551	1891
1551	1924
1551	1922
1551	2052
1551	1939
1551	1845
1551	1889
1551	1892
1551	1857
1551	1915
1551	2007
1551	1842
1551	1990
1551	1904
1551	1847
1551	1924
1551	1939
1551	2022
1551	2103
1551	1969
1551	1928
1551	1865
1551	1969
1551	1956
1551	1843
1551	1839
1551	1781
1551	1887
1551	1967
1551	1913
1551	1760
1551	1891
1551	1805
1551	1955
1551	1922
1551	1966
1551	1705
1551	1758
1551	1891
1551	1853
1551	1956
1551	1824
1551	2047
1551	1899
1551	1944
1551	1978
1551	1914
1551	1935
1551	1800
1551	1820
1551	1848
1551	1826
1551	1954
1551	1807
1551	1822
1551	1810
1551	1922
1551	1897
1551	1977
1551	1823
1551	1958
1551	1755
1551	1936
1551	1755
1551	1908
1551	1833
1551	1787
1551	1921
1551	1971
1551	1788
1551	1873
1551	1960
1551	1839
1551	2086
1551	1949
1551	1842
1551	1991
1551	1910
1551	1846
1551	1786
1551	1900
1551	1829

melhor e media

1551	2330
1551	2140
1551	1986
1551	1967
1551	1926
1551	1845
1551	1818
1551	2011
1551	1838
1551	1772
1551	1864
1551	1915
1551	1964
1551	1832
1551	1809
1551	1937
1551	1847
1551	1887
1551	1934
1551	2027
1551	2086
1551	1995
1551	1925
1551	1862
1551	1889
1551	1991
1551	1947
1543	1833
1543	1972
1543	1922
1543	1898
1543	1957
1543	1893
1543	1861
1543	1853
1543	1847
1543	1833
1543	1936
1543	1870
1543	2048
1543	1867
1543	1843
1543	1781
1543	1773
1543	1849
1543	1880
1543	1832
1543	1900
1543	1857
1543	1836
1543	1940
1543	1807
1543	1969
1543	1882
1543	1846
1543	1839
1543	1845
1543	1848
1543	1831
1543	1873
1543	1747
1543	1920
1543	1944
1543	1931
1543	1795
1543	1855
1543	1852
1543	1919
1543	1947
1543	1783
1543	1891
1543	1861
1543	1904
1543	1808
1543	1968
1543	1901
1543	1878
1543	1937
1543	1919
1543	1846
1543	1932
1543	1975
1543	1943
1543	1941
1543	1802
1543	2005
1543	1860
1543	1923
1543	2064
1543	1852
1543	1938
1543	1839
1543	1868
1543	1865
1543	1852
1543	1861
1543	1819
1543	1845
1543	1831
1543	1917

melhor e media

1551	2440
1551	2031
1551	1943
1551	1887
1551	1883
1551	1855
1551	1798
1551	1727
1551	1767
1551	1774
1551	1739
1551	1778
1551	1759
1551	1831
1551	1816
1551	1799
1551	1945
1551	1942
1551	1867
1551	1884
1551	1924
1551	1871
1551	1950
1551	1870
1551	1917
1551	1883
1551	1907
1551	1965
1551	1932
1551	1924
1551	1841
1551	1861
1551	1842
1551	1778
1551	1857
1551	1883
1551	1842
1551	1963
1551	1987
1551	1827
1551	1837
1551	1911
1551	1920
1551	1980
1551	1778
1551	1992
1551	1927
1551	1924
1551	1940
1551	1904
1551	1868
1551	1816
1551	1962
1551	1906
1551	2003
1551	1990
1551	1886
1551	1913
1551	1805
1551	1911
1551	1746
1551	1917
1551	1842
1551	1957
1551	1919
1551	2036
1551	1894
1551	1814
1551	1795
1551	1898
1551	1946
1551	1899
1551	1946
1551	1989
1551	1997
1551	2018
1551	1955
1551	2066
1551	2092
1551	1801
1551	1950
1551	1800
1551	1839
1551	1985
1551	1938
1551	1980
1551	1961
1551	2003
1551	1819
1551	1908
1543	1927
1543	1908
1543	1886
1543	1977
1543	1906
1543	1875
1543	1890
1543	1918
1543	2018
1543	1877

melhor e media

1563	2373
1555	2050
1543	1880
1543	1899
1543	2122
1543	1972
1543	1888
1543	2033
1543	1977
1543	2054
1543	1901
1543	1902
1543	1956
1543	2031
1543	1871
1543	2006
1543	1820
1543	2050
1543	1981
1543	1993
1543	1840
1543	2024
1543	1966
1543	1831
1543	1972
1543	2007
1543	1989
1543	2011
1543	1921
1543	1956
1543	1977
1543	2046
1543	1864
1543	1897
1543	1863
1543	1825
1543	1884
1543	1836
1543	1878
1543	1896
1543	1856
1543	1888
1543	1942
1543	1949
1543	1914
1543	2003
1543	1877
1543	1915
1543	1948
1543	1832
1543	1945
1543	1870
1543	1872
1543	1988
1543	1889
1543	1888
1543	1909
1543	1920
1543	1937
1543	1955
1543	2112
1543	1873
1543	1995
1543	1871
1543	1887
1543	1852
1543	1880
1543	1995
1543	1980
1543	1866
1543	2039
1543	1961
1543	1893
1543	2019
1543	1915
1543	1957
1543	2140
1543	1911
1543	1882
1543	1957
1543	1958
1543	2044
1543	2010
1543	1917
1543	2015
1543	2012
1543	1966
1543	1981
1543	2002
1543	1890
1543	1898
1543	2000
1543	1850
1543	2007
1543	1802
1543	2078
1543	1867
1543	1923
1543	1934
1543	1939

melhor e media

1551	2329
1551	2010
1543	1951
1543	1831
1543	1928
1543	1943
1543	1838
1543	1821
1543	1719
1543	1852
1543	1869
1543	1882
1543	1958
1543	1968
1543	1875
1543	1901
1543	1903
1543	1896
1543	1875
1543	1843
1543	1911
1543	1810
1543	1896
1543	1917
1543	1869
1543	1916
1543	1869
1543	1890
1543	2000
1543	1920
1543	1911
1543	1805
1543	1757
1543	1885
1543	1814
1543	1906
1543	2003
1543	1849
1543	1854
1543	2000
1543	1998
1543	1933
1543	1953
1543	1800
1543	1898
1543	1821
1543	1903
1543	1827
1543	1940
1543	1883
1543	1952
1543	1932
1543	1874
1543	1833
1543	1936
1543	1958
1543	1884
1543	1843
1543	1965
1543	1992
1543	1846
1543	1816
1543	1839
1543	1848
1543	1922
1543	1870
1543	1896
1543	2001
1543	1908
1543	1989
1543	1836
1543	1884
1543	1848
1543	1888
1543	1806
1543	1888
1543	1929
1543	1732
1543	1783
1543	1903
1543	1862
1543	1931
1543	1933
1543	1986
1543	1964
1543	2053
1543	2005
1543	1979
1543	1884
1543	1841
1543	1821
1543	1854
1543	1830
1543	1819
1543	1773
1543	1980
1543	1932
1543	1990
1543	1952
1543	1920

melhor e media

1646	2558
1607	1969
1598	1949
1598	1941
1598	1848
1598	1935
1598	1988
1594	2003
1594	1841
1594	1900
1585	1871
1585	1839
1551	1855
1551	1897
1551	1868
1551	1844
1551	1883
1551	1871
1551	1979
1551	1983
1551	1835
1551	1750
1551	1767
1551	1867
1551	1747
1551	1807
1551	1889
1551	1802
1551	1899
1551	1879
1551	1829
1551	1918
1551	1765
1551	1747
1551	1743
1551	1790
1551	1751
1551	1766
1551	1868
1551	1823
1543	1759
1543	1849
1543	1845
1543	1997
1543	2021
1543	2012
1543	1903
1543	1808
1543	1937
1543	1903
1543	1847
1543	1960
1543	2033
1543	1880
1543	1881
1543	1971
1543	1860
1543	1915
1543	1790
1543	1846
1543	2060
1543	1940
1543	2121
1543	1924
1543	1958
1543	1912
1543	1859
1543	1927
1543	1873
1543	1972
1543	1902
1543	1928
1543	2020
1543	2002
1543	1906
1543	1868
1543	1854
1543	1975
1543	1862
1543	1940
1543	1789
1543	1998
1543	1916
1543	1922
1543	2066
1543	1825
1543	1922
1543	1906
1543	1761
1543	1932
1543	1968
1543	2006
1543	1858
1543	1904
1543	1890
1543	2019
1543	1775
1543	1830
1543	1873
1543	1832

melhor e media

1618	2373
1594	1939
1589	1983
1589	2113
1589	1930
1589	2121
1589	1971
1551	1904
1551	1733
1551	1932
1551	1929
1551	1970
1551	1899
1551	1899
1551	1858
1551	1848
1551	1971
1551	1933
1551	1925
1551	1931
1551	1855
1551	1887
1551	1825
1551	1908
1551	2019
1551	1884
1551	1859
1551	2004
1551	1957
1551	1894
1551	1872
1551	1983
1551	1970
1551	1925
1551	1858
1551	1855
1551	1873
1551	1941
1551	1879
1551	1813
1551	1825
1551	2064
1551	1936
1551	2002
1551	1928
1551	1983
1551	1919
1551	2039
1551	1986
1551	1874
1551	2014
1551	2007
1551	1787
1551	1922
1551	1878
1551	1934
1551	1830
1551	1961
1551	1874
1551	1986
1551	1981
1551	1989
1551	2030
1551	1937
1551	1954
1551	1859
1551	1957
1551	1953
1551	1948
1551	1934
1551	1780
1551	1924
1551	2013
1551	1911
1551	1878
1551	1939
1551	1947
1551	1906
1551	1924
1551	1956
1551	1931
1551	1812
1551	1962
1543	1911
1543	1825
1543	1800
1543	1871
1543	1981
1543	1871
1543	1870
1543	1815
1543	1871
1543	1876
1543	1872
1543	1857
1543	1935
1543	1838
1543	1933
1543	1855
1543	1940

melhor e media

1595	2344
1551	1938
1551	1877
1551	1774
1551	1884
1551	1837
1551	1788
1551	1957
1551	1859
1551	1813
1551	1806
1551	1842
1551	1890
1551	1890
1551	1805
1551	1912
1551	1811
1551	1753
1551	1798
1551	2020
1551	1906
1551	1916
1551	2069
1551	1976
1551	1815
1551	1875
1551	2091
1551	1992
1551	1905
1551	1897
1551	2003
1551	1903
1551	1831
1551	1888
1551	1982
1551	2077
1551	1761
1551	1856
1551	2030
1551	1950
1551	1819
1551	1823
1551	1890
1551	1857
1551	1998
1551	1891
1551	1903
1551	1843
1551	1861
1551	1879
1551	1869
1551	1967
1551	1789
1551	1887
1551	1880
1551	2018
1551	2007
1551	1873
1551	1917
1551	1882
1551	1858
1551	1763
1551	1995
1551	1942
1551	1899
1551	1976
1551	1827
1551	1853
1551	1890
1551	1893
1551	1970
1551	1858
1551	1938
1551	1908
1551	1827
1551	1978
1551	1818
1551	1920
1551	2029
1551	1968
1551	1962
1551	1880
1551	1958
1551	1939
1551	1841
1551	1900
1551	1908
1551	1985
1551	1840
1551	1924
1551	1851
1551	1876
1551	1863
1551	1951
1551	1924
1551	1825
1551	2053
1551	1982
1551	2013
1551	1879

melhor e media

1593	2361
1589	2019
1589	1912
1551	1906
1551	1858
1551	1876
1551	1905
1551	1814
1551	1899
1551	1817
1551	1970
1551	1926
1551	1883
1551	1788
1551	1921
1551	1917
1551	1847
1551	1795
1551	1962
1551	1905
1551	1995
1551	1817
1551	1910
1551	1935
1551	1940
1551	1946
1551	1861
1551	1781
1551	1875
1551	1908
1551	1879
1551	1965
1551	1911
1543	1858
1543	1931
1543	1823
1543	1955
1543	1871
1543	1909
1543	2031
1543	2047
1543	2017
1543	1966
1543	1878
1543	1841
1543	1796
1543	1875
1543	1853
1543	1869
1543	1866
1543	1953
1543	1822
1543	1868
1543	1849
1543	1863
1543	2040
1543	1773
1543	1918
1543	1926
1543	1964
1543	1951
1543	1889
1543	1943
1543	1851
1543	1887
1543	1921
1543	1834
1543	1957
1543	1858
1543	1918
1543	1864
1543	1889
1543	1837
1543	2109
1543	1794
1543	1814
1543	1814
1543	1947
1543	1909
1543	1896
1543	1883
1543	1949
1543	1937
1543	1832
1543	1882
1543	1873
1543	1765
1543	1888
1543	1816
1543	1784
1543	1844
1543	1846
1543	1918
1543	1857
1543	1841
1543	1845
1543	1859
1543	1865
1543	1804
1543	1953

melhor e media

1594	2503
1594	2076
1594	1930
1589	1804
1589	1983
1589	2074
1589	1946
1589	1990
1589	1983
1551	1950
1551	1882
1551	2067
1551	1959
1551	1912
1551	1864
1551	1886
1551	1975
1551	1908
1551	1965
1551	1975
1551	2023
1551	1882
1551	1899
1551	1846
1551	1768
1551	1891
1551	1808
1543	1776
1543	1972
1543	1934
1543	1862
1543	1919
1543	2013
1543	2027
1543	1873
1543	1996
1543	1901
1543	1865
1543	1878
1543	1915
1543	1884
1543	1888
1543	2040
1543	1970
1543	1899
1543	1940
1543	2000
1543	1930
1543	1751
1543	1830
1543	1905
1543	1770
1543	1822
1543	1871
1543	1820
1543	1848
1543	1990
1543	1864
1543	1844
1543	1795
1543	1911
1543	1897
1543	1924
1543	1884
1543	2049
1543	1847
1543	1836
1543	1813
1543	1846
1543	1935
1543	1958
1543	1853
1543	1785
1543	1882
1543	1945
1543	1963
1543	1821
1543	1758
1543	1834
1543	1786
1543	1820
1543	1868
1543	1820
1543	1867
1543	1953
1543	1842
1543	1828
1543	1808
1543	1921
1543	1906
1543	1883
1543	1902
1543	1834
1543	1788
1543	1813
1543	1826
1543	1845
1543	1882
1543	1853
1543	1751

melhor e media

1589	2443
1589	2127
1589	2099
1589	2045
1589	1986
1589	1831
1551	1938
1551	1998
1551	1936
1551	2039
1551	1791
1551	1876
1551	2012
1551	1868
1551	1868
1551	1902
1551	1905
1551	2041
1551	1764
1551	1833
1551	1952
1551	1937
1551	1965
1551	1942
1551	2061
1551	1867
1551	1852
1551	1811
1551	1881
1551	1940
1551	1964
1551	1816
1551	1729
1551	1966
1551	1889
1551	1957
1551	1946
1551	1920
1551	1931
1551	1975
1551	1879
1551	1839
1551	1752
1551	1894
1551	1887
1551	1923
1551	1980
1551	1989
1551	1796
1551	1840
1551	2030
1551	1988
1551	2013
1551	1837
1551	2063
1551	1887
1551	1982
1551	2032
1551	2042
1551	1924
1551	1860
1551	1979
1551	1884
1551	1858
1551	1939
1551	1865
1551	2026
1551	1862
1551	1885
1551	1981
1551	1919
1551	1968
1551	1862
1551	1976
1551	1802
1551	1882
1551	1883
1551	1934
1551	1989
1551	1811
1551	2038
1551	1924
1551	2000
1551	1843
1551	2004
1551	1917
1551	1902
1551	1958
1551	2066
1551	1904
1551	1899
1551	1838
1551	1886
1551	1884
1551	1936
1551	2018
1551	1894
1551	1841
1551	1822
1551	1865

melhor e media

1634	2482
1571	2071
1571	1900
1571	1912
1571	1834
1569	1863
1569	1858
1569	1894
1569	1803
1569	1887
1569	1865
1569	1878
1569	1894
1555	1857
1543	1940
1543	1893
1543	1925
1543	2055
1543	2191
1543	2056
1543	1897
1543	1902
1543	1928
1543	1974
1543	1957
1543	2146
1543	1941
1543	1884
1543	1938
1543	1870
1543	1866
1543	1995
1543	1903
1543	2129
1543	2070
1543	2106
1543	1875
1543	1901
1543	1920
1543	1987
1543	1935
1543	2145
1543	1966
1543	1950
1543	1967
1543	1984
1543	1843
1543	1941
1543	2012
1543	1858
1543	1897
1543	1998
1543	1972
1543	1867
1543	1802
1543	1901
1543	1940
1543	1877
1543	2059
1543	1788
1543	1991
1543	1880
1543	2021
1543	1995
1543	2000
1543	1817
1543	1884
1543	1851
1543	1974
1543	1895
1543	1901
1543	2014
1543	1922
1543	1884
1543	1930
1543	1950
1543	1903
1543	1880
1543	1989
1543	1899
1543	1919
1543	1957
1543	2009
1543	1948
1543	1858
1543	1914
1543	1907
1543	1825
1543	1844
1543	1848
1543	1924
1543	1852
1543	1916
1543	1910
1543	1836
1543	2055
1543	1969
1543	1863
1543	1804
1543	1919

melhor e media

1634	2445
1589	1986
1551	1976
1551	1834
1551	1980
1551	1902
1551	1968
1551	1834
1551	1823
1551	1934
1551	1868
1551	1880
1551	1947
1551	2052
1551	2104
1551	1871
1551	1931
1551	1868
1551	1898
1551	1914
1551	1868
1551	1950
1551	1907
1551	1903
1551	1914
1551	1889
1551	1906
1551	1819
1551	1917
1551	1778
1551	1871
1551	1881
1551	1920
1551	1906
1551	1857
1551	1971
1551	1959
1551	1862
1551	1980
1551	2080
1551	1968
1551	1844
1551	1856
1543	1874
1543	1802
1543	1784
1543	1869
1543	1923
1543	1940
1543	1882
1543	1861
1543	1871
1543	1892
1543	1898
1543	1994
1543	1901
1543	1995
1543	1997
1543	1911
1543	2001
1543	2006
1543	2014
1543	1978
1543	1887
1543	1825
1543	1821
1543	1901
1543	1876
1543	1930
1543	1931
1543	1903
1543	1905
1543	1812
1543	1781
1543	2000
1543	1972
1543	1978
1543	2026
1543	1963
1543	2048
1543	1890
1543	1913
1543	2028
1543	1920
1543	2014
1543	1823
1543	2006
1543	2025
1543	2015
1543	1937
1543	1955
1543	1975
1543	1942
1543	1879
1543	1821
1543	1985
1543	1954
1543	1896
1543	1940
1543	2086

melhor e media

1589	2551
1551	2037
1551	1891
1551	2107
1551	2016
1551	1889
1551	1833
1551	1967
1551	1903
1551	1931
1551	1958
1551	1797
1551	1867
1551	1848
1551	1799
1551	1856
1551	1732
1551	1885
1551	1741
1551	1770
1551	1924
1551	1885
1551	1783
1551	1857
1551	1893
1551	1824
1551	1809
1551	1806
1551	1838
1551	1731
1551	1773
1543	1824
1543	1934
1543	1949
1543	1954
1543	2015
1543	2074
1543	1900
1543	1831
1543	1922
1543	1947
1543	1820
1543	1914
1543	1939
1543	2021
1543	2042
1543	1886
1543	1992
1543	1883
1543	1906
1543	1942
1543	1997
1543	1882
1543	1961
1543	1860
1543	2077
1543	1971
1543	1904
1543	2120
1543	1929
1543	2064
1543	2005
1543	2040
1543	1969
1543	1952
1543	1982
1543	1914
1543	1845
1543	1993
1543	1862
1543	1931
1543	1910
1543	1952
1543	1835
1543	1952
1543	1941
1543	1908
1543	2011
1543	1955
1543	1984
1543	1890
1543	1906
1543	1872
1543	1948
1543	1907
1543	1968
1543	2033
1543	1975
1543	2001
1543	1943
1543	1988
1543	2012
1543	1941
1543	1888
1543	1877
1543	1830
1543	1973
1543	2017
1543	2035
1543	1918

