melhor e media

1761	2748
1761	2579
1721	2548
1721	2771
1666	2755
1641	2833
1641	2823
1641	2823
1641	2776
1641	2892
1641	2826
1641	2852
1641	2976
1641	2882
1641	2854
1641	2895
1641	2989
1641	2772
1641	2825
1641	2860
1641	2858
1641	2617
1641	2958
1641	2911
1641	2642
1641	2899
1641	2731
1641	2701
1641	2888
1641	2749
1641	2715
1641	2733
1641	2839
1641	2907
1641	2839
1641	2938
1641	2849
1641	2915
1641	2894
1641	2736
1641	2791
1641	2936
1641	2818
1641	2867
1641	2883
1641	2930
1641	2841
1641	2957
1641	2916
1641	2771
1641	2881
1641	2775
1641	2765
1641	2665
1641	2807
1641	2819
1641	2840
1641	2749
1641	2787
1641	2761
1641	2838
1641	2907
1641	2850
1641	2591
1641	2886
1641	2875
1641	2905
1641	2898
1641	2868
1641	2645
1641	2715
1641	2770
1641	2829
1641	2792
1641	2817
1641	2893
1641	2771
1641	2883
1641	2902
1641	2709
1641	2805
1641	2771
1641	2904
1641	2818
1641	2761
1641	2777
1641	2804
1641	2862
1641	2782
1641	3002
1641	2925
1641	2799
1641	2884
1641	2779
1641	2958
1641	2942
1641	2647
1641	2897
1641	2993
1641	2758

melhor e media

1832	3043
1796	2640
1796	2764
1762	2509
1762	2496
1762	2366
1762	2464
1696	2415
1696	2473
1696	2393
1696	2555
1696	2490
1696	2481
1696	2546
1696	2520
1696	2479
1696	2523
1696	2557
1696	2412
1696	2615
1696	2460
1696	2528
1696	2467
1696	2437
1696	2365
1696	2536
1696	2510
1696	2539
1696	2448
1696	2462
1696	2686
1696	2397
1696	2434
1696	2622
1696	2537
1696	2539
1696	2369
1696	2576
1696	2608
1696	2488
1696	2420
1696	2520
1696	2491
1696	2550
1696	2566
1696	2382
1696	2514
1696	2465
1696	2363
1696	2553
1696	2395
1696	2517
1696	2633
1696	2462
1696	2393
1696	2438
1696	2275
1696	2389
1696	2671
1696	2484
1696	2394
1696	2517
1696	2466
1696	2529
1696	2743
1696	2475
1696	2499
1696	2469
1696	2494
1696	2567
1696	2521
1696	2312
1696	2439
1696	2556
1696	2479
1696	2421
1696	2490
1696	2553
1696	2509
1696	2538
1696	2446
1696	2357
1696	2382
1696	2514
1696	2532
1696	2588
1696	2497
1696	2508
1696	2480
1696	2497
1696	2475
1696	2566
1696	2370
1696	2479
1696	2438
1696	2522
1696	2472
1696	2489
1696	2433
1696	2395

melhor e media

1796	2805
1782	2629
1696	2626
1696	2556
1696	2542
1696	2577
1696	2420
1696	2450
1696	2344
1696	2513
1696	2404
1696	2380
1696	2364
1696	2501
1696	2498
1696	2470
1696	2571
1696	2583
1696	2649
1696	2462
1696	2550
1696	2605
1696	2594
1696	2394
1696	2503
1696	2455
1696	2443
1696	2448
1696	2506
1696	2445
1696	2544
1696	2594
1696	2777
1696	2548
1696	2627
1696	2578
1696	2449
1696	2652
1696	2581
1696	2506
1696	2503
1696	2431
1696	2425
1696	2445
1696	2463
1696	2406
1696	2519
1696	2427
1696	2461
1696	2467
1696	2507
1696	2345
1696	2404
1696	2352
1696	2305
1696	2559
1696	2477
1696	2454
1696	2558
1696	2443
1696	2386
1696	2499
1696	2589
1696	2400
1696	2627
1696	2601
1696	2343
1696	2514
1696	2525
1696	2521
1696	2426
1696	2417
1696	2433
1696	2585
1696	2485
1696	2664
1696	2458
1696	2528
1696	2458
1696	2557
1696	2605
1696	2544
1696	2539
1696	2452
1696	2398
1696	2528
1696	2495
1696	2471
1696	2559
1696	2567
1696	2426
1696	2462
1696	2435
1696	2557
1696	2582
1696	2400
1696	2442
1696	2561
1696	2404
1696	2436

melhor e media

1776	2810
1776	2591
1776	2634
1756	2674
1717	2682
1717	2676
1717	2808
1677	2861
1655	2907
1655	2810
1655	3000
1642	2864
1642	2668
1641	2879
1641	2610
1641	2710
1641	2851
1641	2742
1641	2920
1641	3034
1641	2917
1641	2782
1641	2777
1641	2806
1641	2644
1641	2862
1641	2916
1641	2739
1641	2913
1641	2675
1641	2858
1641	2838
1641	2751
1641	2967
1641	2950
1641	2879
1641	2922
1641	2764
1641	2672
1641	2841
1641	2754
1641	3072
1641	2845
1641	2880
1641	2697
1641	2685
1641	2917
1641	2877
1641	2770
1641	2793
1641	2980
1641	2757
1641	2587
1641	2678
1641	2785
1641	2693
1641	2907
1641	2908
1641	2825
1641	2692
1641	2791
1641	2831
1641	2775
1641	2896
1641	2864
1641	2955
1641	2911
1641	2770
1641	3002
1641	2691
1641	2803
1641	2685
1641	2895
1641	2863
1641	2814
1641	2721
1641	2716
1641	2618
1641	2720
1641	2748
1641	2699
1641	2717
1641	2777
1641	2888
1641	2851
1641	2716
1641	2910
1641	2855
1641	2850
1641	2783
1641	2733
1641	2682
1641	2870
1641	2876
1641	2942
1641	2933
1641	2826
1641	2858
1641	2893
1641	3012

melhor e media

1799	2817
1728	2700
1728	2625
1696	2933
1696	2661
1696	2358
1696	2381
1696	2357
1696	2410
1696	2504
1696	2383
1696	2439
1696	2488
1696	2465
1696	2444
1696	2467
1696	2580
1696	2515
1696	2404
1696	2570
1696	2499
1696	2600
1696	2383
1696	2447
1696	2492
1696	2428
1696	2583
1696	2474
1696	2505
1696	2488
1696	2514
1696	2436
1696	2371
1696	2348
1696	2666
1696	2593
1696	2525
1696	2511
1696	2608
1696	2587
1696	2564
1696	2395
1696	2389
1696	2454
1696	2420
1696	2441
1696	2507
1696	2557
1696	2437
1696	2670
1696	2513
1696	2515
1696	2403
1696	2521
1696	2437
1696	2457
1696	2410
1696	2404
1696	2410
1696	2468
1696	2547
1696	2485
1696	2494
1696	2394
1696	2454
1696	2637
1696	2496
1696	2554
1696	2568
1696	2480
1696	2473
1696	2524
1696	2598
1696	2480
1696	2478
1696	2531
1696	2338
1696	2461
1696	2683
1696	2420
1696	2573
1696	2497
1696	2525
1696	2553
1696	2472
1696	2596
1696	2510
1696	2527
1696	2535
1696	2469
1696	2395
1696	2601
1696	2526
1696	2563
1696	2453
1696	2634
1696	2539
1696	2569
1696	2475
1696	2325

melhor e media

1799	2855
1795	2696
1795	2545
1795	2506
1795	2411
1795	2454
1766	2503
1766	2434
1766	2537
1766	2525
1766	2638
1766	2632
1766	2636
1766	2701
1766	2647
1766	2724
1766	2672
1766	2689
1766	2672
1766	2670
1766	2697
1766	2618
1766	2581
1766	2534
1766	2602
1766	2562
1766	2657
1766	2621
1766	2595
1766	2792
1766	2695
1766	2700
1766	2717
1766	2643
1766	2698
1766	2666
1766	2543
1766	2636
1766	2521
1766	2698
1766	2709
1766	2706
1766	2520
1766	2506
1766	2707
1766	2737
1753	2620
1753	2596
1753	2540
1753	2388
1753	2443
1753	2347
1753	2453
1753	2539
1753	2495
1753	2437
1753	2423
1753	2454
1753	2490
1753	2520
1753	2549
1753	2560
1753	2648
1753	2595
1753	2401
1753	2584
1753	2559
1753	2576
1753	2360
1753	2371
1753	2519
1753	2454
1753	2441
1753	2536
1753	2469
1753	2632
1753	2409
1753	2543
1753	2558
1753	2550
1753	2511
1753	2458
1753	2476
1753	2509
1753	2637
1753	2480
1753	2500
1753	2307
1753	2458
1753	2389
1753	2471
1753	2552
1753	2650
1753	2569
1753	2516
1753	2575
1753	2541
1753	2532
1753	2543
1753	2497

melhor e media

1773	2922
1717	2574
1717	2715
1717	2880
1711	2752
1677	2723
1677	2842
1677	2761
1677	2855
1677	2801
1655	2830
1655	3011
1655	2809
1655	2671
1655	2647
1655	2620
1655	2734
1655	2740
1655	2604
1655	2904
1655	2606
1655	2752
1655	2770
1655	2785
1655	2794
1642	2908
1642	2903
1642	2951
1642	2826
1642	2691
1642	2732
1642	2812
1642	2662
1641	2677
1641	2652
1641	2830
1641	2761
1641	2778
1641	2643
1641	2729
1641	2935
1641	2808
1641	2647
1641	3040
1641	2962
1641	3010
1641	2836
1641	2852
1641	2805
1641	2785
1641	2826
1641	3010
1641	2832
1641	2909
1641	2730
1641	2916
1641	2862
1641	2896
1641	2778
1641	2699
1641	2577
1641	2857
1641	2846
1641	2874
1641	2920
1641	2775
1641	2933
1641	3076
1641	2865
1641	2834
1641	3027
1641	3045
1641	2868
1641	2783
1641	2705
1641	2759
1641	2900
1641	2776
1641	2891
1641	2852
1641	2692
1641	2929
1641	2810
1641	2823
1641	2742
1641	2789
1641	2993
1641	2962
1641	2880
1641	2889
1641	2715
1641	2875
1641	2861
1641	2910
1641	3011
1641	2779
1641	3011
1641	2673
1641	2863
1641	2969

melhor e media

1809	2915
1799	2682
1764	2714
1740	2437
1696	2423
1696	2459
1696	2510
1696	2472
1696	2547
1696	2362
1696	2502
1696	2441
1696	2407
1696	2456
1696	2447
1696	2480
1696	2484
1696	2388
1696	2514
1696	2446
1696	2516
1696	2630
1696	2445
1696	2592
1696	2398
1696	2524
1696	2510
1696	2353
1696	2442
1696	2486
1696	2473
1696	2424
1696	2382
1696	2356
1696	2353
1696	2359
1696	2362
1696	2539
1696	2507
1696	2552
1696	2560
1696	2360
1696	2530
1696	2492
1696	2408
1696	2376
1696	2421
1696	2443
1696	2372
1696	2438
1696	2431
1696	2369
1696	2401
1696	2565
1696	2367
1696	2307
1696	2585
1696	2546
1696	2447
1696	2557
1696	2352
1696	2434
1696	2305
1696	2541
1696	2316
1696	2506
1696	2430
1696	2475
1696	2466
1696	2433
1696	2401
1696	2488
1696	2672
1696	2437
1696	2428
1696	2644
1696	2359
1696	2366
1696	2434
1696	2363
1696	2599
1696	2408
1696	2361
1696	2478
1696	2484
1696	2357
1696	2289
1696	2405
1696	2418
1696	2608
1696	2615
1696	2563
1696	2529
1696	2532
1696	2508
1696	2464
1696	2441
1696	2523
1696	2453
1696	2367

melhor e media

1772	2763
1772	2724
1772	2622
1772	2576
1696	2639
1696	2542
1696	2506
1696	2539
1696	2340
1696	2420
1696	2395
1696	2529
1696	2584
1696	2351
1696	2404
1696	2468
1696	2482
1696	2524
1696	2445
1696	2410
1696	2493
1696	2474
1696	2419
1696	2346
1696	2349
1696	2409
1696	2482
1696	2445
1696	2456
1696	2395
1696	2486
1696	2442
1696	2396
1696	2395
1696	2419
1696	2514
1696	2424
1696	2331
1696	2395
1696	2495
1696	2421
1696	2411
1696	2442
1696	2376
1696	2514
1696	2385
1696	2433
1696	2406
1696	2421
1696	2454
1696	2500
1696	2503
1696	2511
1696	2399
1696	2518
1696	2539
1696	2522
1696	2343
1696	2560
1696	2416
1696	2500
1696	2354
1696	2319
1696	2420
1696	2494
1696	2408
1696	2602
1696	2552
1696	2456
1696	2496
1696	2424
1696	2345
1696	2548
1696	2472
1696	2362
1696	2389
1696	2558
1696	2283
1696	2477
1696	2446
1696	2444
1696	2570
1696	2550
1696	2477
1696	2354
1696	2568
1696	2474
1696	2501
1696	2390
1696	2396
1696	2582
1696	2378
1696	2678
1696	2598
1696	2443
1696	2448
1696	2496
1696	2588
1696	2379
1696	2503

melhor e media

1831	2734
1774	2642
1774	2826
1737	2810
1737	2734
1721	2746
1721	2770
1721	2915
1721	2702
1721	2920
1721	2773
1717	2822
1717	2918
1642	2858
1642	2676
1642	2835
1642	2754
1642	2688
1642	2853
1642	2853
1642	2769
1642	2699
1642	2947
1642	2803
1641	2725
1641	2757
1641	2759
1641	2984
1641	2768
1641	2788
1641	2766
1641	2787
1641	2748
1641	2806
1641	2939
1641	2718
1641	2882
1641	2811
1641	2766
1641	2777
1641	3052
1641	2817
1641	2882
1641	2848
1641	2810
1641	2658
1641	2827
1641	2845
1641	2844
1641	2767
1641	2857
1641	2975
1641	2897
1641	2674
1641	2864
1641	2836
1641	2898
1641	2812
1641	2832
1641	2808
1641	2755
1641	2781
1641	2882
1641	2800
1641	2749
1641	2828
1641	2980
1641	2949
1641	2905
1641	3046
1641	2894
1641	2873
1641	2755
1641	2640
1641	2579
1641	2813
1641	2748
1641	2758
1641	2766
1641	2910
1641	2924
1641	2841
1641	2810
1641	2796
1641	2768
1641	2806
1641	2846
1641	2908
1641	2813
1641	2780
1641	2872
1641	2779
1641	3026
1641	2811
1641	2854
1641	2676
1641	2747
1641	2763
1641	2800
1641	2974

melhor e media

1861	2944
1696	2589
1696	2616
1696	2581
1696	2661
1696	2495
1696	2446
1696	2556
1696	2507
1696	2390
1696	2570
1696	2451
1696	2552
1696	2620
1696	2498
1696	2486
1696	2586
1696	2476
1696	2565
1696	2465
1696	2485
1696	2537
1696	2528
1696	2613
1696	2505
1696	2480
1696	2601
1696	2383
1696	2465
1696	2337
1696	2556
1696	2463
1696	2477
1696	2468
1696	2602
1696	2502
1696	2305
1696	2554
1696	2429
1696	2394
1696	2466
1696	2403
1696	2456
1696	2563
1696	2539
1696	2539
1696	2373
1696	2519
1696	2457
1696	2544
1696	2512
1696	2452
1696	2446
1696	2454
1696	2465
1696	2416
1696	2582
1696	2469
1696	2465
1696	2416
1696	2428
1696	2475
1696	2410
1696	2547
1696	2495
1696	2395
1696	2489
1696	2578
1696	2589
1696	2490
1696	2505
1696	2395
1696	2462
1696	2517
1696	2599
1696	2546
1696	2595
1696	2542
1696	2442
1696	2480
1696	2229
1696	2437
1696	2427
1696	2479
1696	2544
1696	2338
1696	2541
1696	2529
1696	2342
1696	2379
1696	2487
1696	2390
1696	2649
1696	2433
1696	2524
1696	2386
1696	2503
1696	2523
1696	2343
1696	2429

melhor e media

1842	2941
1666	2599
1666	2924
1666	2840
1661	2779
1661	2858
1661	2855
1641	3101
1641	2865
1641	2742
1641	2844
1641	3036
1641	2806
1641	2782
1641	2747
1641	2801
1641	2802
1641	2626
1641	2943
1641	2956
1641	2819
1641	2638
1641	2686
1641	2779
1641	2834
1641	3063
1641	2773
1641	2888
1641	2812
1641	2896
1641	2699
1641	2718
1641	2843
1641	2711
1641	2897
1641	2796
1641	2967
1641	3006
1641	2861
1641	2900
1641	2854
1641	2977
1641	2809
1641	2860
1641	2854
1641	2890
1641	2840
1641	2733
1641	2806
1641	3056
1641	3102
1641	2861
1641	2855
1641	2960
1641	2856
1641	2945
1641	2784
1641	2719
1641	2975
1641	2967
1641	2802
1641	2828
1641	2791
1641	2759
1641	2765
1641	3179
1641	2834
1641	2723
1641	2818
1641	2777
1641	2935
1641	2873
1641	2786
1641	2960
1641	2638
1641	2831
1641	3116
1641	2851
1641	3049
1641	2954
1641	2710
1641	2853
1641	2712
1641	2841
1641	2854
1641	2698
1641	2796
1641	2720
1641	2843
1641	2817
1641	2811
1641	2909
1641	2782
1641	2803
1641	2861
1641	2951
1641	2835
1641	2818
1641	2824
1641	2812

melhor e media

1790	2856
1779	2747
1740	2722
1740	2456
1740	2479
1740	2636
1740	2556
1696	2509
1696	2346
1696	2468
1696	2478
1696	2358
1696	2459
1696	2399
1696	2480
1696	2359
1696	2342
1696	2602
1696	2644
1696	2428
1696	2566
1696	2431
1696	2459
1696	2438
1696	2549
1696	2529
1696	2512
1696	2540
1696	2483
1696	2550
1696	2602
1696	2512
1696	2528
1696	2367
1696	2406
1696	2435
1696	2353
1696	2443
1696	2598
1696	2452
1696	2560
1696	2394
1696	2521
1696	2461
1696	2584
1696	2422
1696	2595
1696	2629
1696	2561
1696	2500
1696	2559
1696	2373
1696	2503
1696	2405
1696	2337
1696	2568
1696	2559
1696	2552
1696	2346
1696	2431
1696	2565
1696	2391
1696	2499
1696	2454
1696	2657
1696	2509
1696	2526
1696	2526
1696	2500
1696	2520
1696	2483
1696	2443
1696	2478
1696	2443
1696	2379
1696	2560
1696	2388
1696	2416
1696	2301
1696	2354
1696	2387
1696	2391
1696	2473
1696	2470
1696	2451
1696	2517
1696	2647
1696	2447
1696	2465
1696	2406
1696	2383
1696	2501
1696	2501
1686	2323
1686	2731
1686	2943
1686	2941
1686	2988
1641	2712
1641	2649

melhor e media

1833	2914
1756	2543
1728	2806
1728	2480
1728	2802
1667	2749
1667	2844
1642	2921
1642	2667
1642	2818
1642	2899
1642	2775
1642	2819
1642	2797
1642	2768
1641	2650
1641	2739
1641	2687
1641	2782
1641	2781
1641	2659
1641	2934
1641	2912
1641	2965
1641	2730
1641	2858
1641	2790
1641	2804
1641	2926
1641	2965
1641	2850
1641	2792
1641	2806
1641	2779
1641	2743
1641	2782
1641	2816
1641	2799
1641	2694
1641	2925
1641	2740
1641	2819
1641	2918
1641	2813
1641	2879
1641	2840
1641	3036
1641	2956
1641	2921
1641	2739
1641	2834
1641	2748
1641	2840
1641	2794
1641	2841
1641	2925
1641	2896
1641	2777
1641	2707
1641	3044
1641	2804
1641	2921
1641	2908
1641	2935
1641	2892
1641	2718
1641	2589
1641	2624
1641	2872
1641	2739
1641	2792
1641	2804
1641	2933
1641	2828
1641	2809
1641	2844
1641	2941
1641	2843
1641	2836
1641	2911
1641	2860
1641	2652
1641	2797
1641	2776
1641	2924
1641	2977
1641	2615
1641	2626
1641	2998
1641	3048
1641	2826
1641	2902
1641	2815
1641	2759
1641	2836
1641	2875
1641	2840
1641	2830
1641	2937
1641	2952

melhor e media

1813	2982
1728	2723
1728	2801
1728	2699
1728	2869
1728	2894
1641	2738
1641	2822
1641	2528
1641	2782
1641	2819
1641	2780
1641	2811
1641	2906
1641	2909
1641	2843
1641	2891
1641	2904
1641	2819
1641	2923
1641	2815
1641	2854
1641	2913
1641	2821
1641	2780
1641	2837
1641	3050
1641	2864
1641	2750
1641	2714
1641	2860
1641	2984
1641	2928
1641	2820
1641	2983
1641	2788
1641	2810
1641	2938
1641	2910
1641	2939
1641	2822
1641	2852
1641	2947
1641	2765
1641	2872
1641	2782
1641	2719
1641	2852
1641	2938
1641	2623
1641	2828
1641	2800
1641	2937
1641	2659
1641	2744
1641	2782
1641	2747
1641	2766
1641	2839
1641	2704
1641	2664
1641	2943
1641	2872
1641	2814
1641	2915
1641	2906
1641	2857
1641	2807
1641	2873
1641	2904
1641	2677
1641	2696
1641	2542
1641	2658
1641	2932
1641	2696
1641	2845
1641	2977
1641	2710
1641	2832
1641	2936
1641	2893
1641	2847
1641	2667
1641	2754
1641	2940
1641	2916
1641	2855
1641	2759
1641	3007
1641	2986
1641	2769
1641	2787
1641	2876
1641	3007
1641	2921
1641	2814
1641	2660
1641	2640
1641	2698

melhor e media

1762	2828
1655	2516
1655	2910
1655	2653
1655	2843
1655	2836
1655	2907
1655	2904
1655	2940
1655	2801
1641	2922
1641	2840
1641	2629
1641	2853
1641	2861
1641	2996
1641	2687
1641	2742
1641	2934
1641	2741
1641	2711
1641	2749
1641	2936
1641	2821
1641	2930
1641	2798
1641	2756
1641	2771
1641	2827
1641	2927
1641	2689
1641	2803
1641	2764
1641	2807
1641	2801
1641	2795
1641	2890
1641	2933
1641	2845
1641	2748
1641	2774
1641	2974
1641	2781
1641	2898
1641	2952
1641	2955
1641	2836
1641	3062
1641	2772
1641	2742
1641	2811
1641	3003
1641	2999
1641	2955
1641	3048
1641	2864
1641	3014
1641	2898
1641	2912
1641	2992
1641	2490
1641	2543
1641	2797
1641	3008
1641	2984
1641	2860
1641	2747
1641	2807
1641	2713
1641	2978
1641	2841
1641	2794
1641	2862
1641	2913
1641	2807
1641	2728
1641	2721
1641	2897
1641	2841
1641	2847
1641	2933
1641	2816
1641	2710
1641	3002
1641	2835
1641	3036
1641	2902
1641	2824
1641	2885
1641	2924
1641	2691
1641	2872
1641	2688
1641	2637
1641	2782
1641	2798
1641	2964
1641	2854
1641	2829
1641	2750

melhor e media

1756	2753
1756	2576
1756	2545
1756	2530
1756	2483
1756	2509
1756	2434
1753	2595
1753	2648
1753	2354
1740	2436
1740	2499
1740	2435
1740	2496
1740	2515
1740	2564
1696	2671
1696	2430
1696	2469
1696	2426
1696	2563
1696	2547
1696	2436
1696	2429
1696	2404
1696	2452
1696	2550
1696	2504
1696	2413
1696	2449
1696	2322
1696	2523
1696	2453
1696	2443
1696	2454
1696	2668
1696	2495
1696	2440
1696	2428
1696	2344
1696	2458
1696	2483
1696	2556
1696	2585
1696	2469
1696	2523
1696	2493
1696	2354
1696	2446
1696	2442
1696	2635
1696	2488
1696	2417
1696	2554
1696	2497
1696	2496
1696	2527
1696	2376
1696	2534
1696	2427
1696	2404
1696	2467
1696	2653
1696	2450
1696	2405
1696	2382
1696	2495
1696	2448
1696	2404
1696	2349
1696	2544
1696	2544
1696	2592
1696	2554
1696	2446
1696	2368
1696	2365
1696	2456
1696	2443
1696	2414
1696	2294
1696	2378
1696	2446
1696	2460
1696	2392
1696	2537
1696	2510
1696	2602
1696	2570
1696	2498
1696	2478
1696	2492
1696	2428
1696	2441
1696	2512
1696	2373
1696	2422
1696	2463
1696	2441
1696	2456

melhor e media

1752	2766
1752	2722
1752	2894
1675	2797
1655	2838
1641	2940
1641	3003
1641	2780
1641	2993
1641	2857
1641	2801
1641	2801
1641	2746
1641	2852
1641	2972
1641	2721
1641	2924
1641	2887
1641	2950
1641	2895
1641	2706
1641	2753
1641	2791
1641	2816
1641	2766
1641	2794
1641	2732
1641	2910
1641	2958
1641	2965
1641	3025
1641	2969
1641	3014
1641	2865
1641	2683
1641	2777
1641	2913
1641	2708
1641	3018
1641	2789
1641	2958
1641	2926
1641	2719
1641	2769
1641	2946
1641	2900
1641	2824
1641	2746
1641	2858
1641	3060
1641	2716
1641	2811
1641	2773
1641	2882
1641	2858
1641	2779
1641	2856
1641	2826
1641	2810
1641	2944
1641	2806
1641	2700
1641	2898
1641	2851
1641	2927
1641	2761
1641	2947
1641	2913
1641	2955
1641	2895
1641	2853
1641	2821
1641	2886
1641	2912
1641	2760
1641	2791
1641	2874
1641	2854
1641	2699
1641	2999
1641	2859
1641	2777
1641	2642
1641	2888
1641	2766
1641	2727
1641	2883
1641	2852
1641	2656
1641	2724
1641	2646
1641	2894
1641	3095
1641	2967
1641	2745
1641	2918
1641	2778
1641	2671
1641	2826
1641	2829

melhor e media

1887	2861
1717	2593
1677	2751
1661	2778
1661	2758
1641	2749
1641	2719
1641	2950
1641	2733
1641	2872
1641	3007
1641	2809
1641	2996
1641	2952
1641	2854
1641	2893
1641	2786
1641	2822
1641	2791
1641	2813
1641	2901
1641	2894
1641	2928
1641	2809
1641	2751
1641	2739
1641	2774
1641	2764
1641	2885
1641	2636
1641	2805
1641	2672
1641	2697
1641	2971
1641	2767
1641	2748
1641	2688
1641	2705
1641	2815
1641	2821
1641	2883
1641	2742
1641	2887
1641	2762
1641	2918
1641	2912
1641	2714
1641	2937
1641	3039
1641	3004
1641	2870
1641	2910
1641	2968
1641	3022
1641	2744
1641	2925
1641	2670
1641	2854
1641	2795
1641	2731
1641	2816
1641	2795
1641	2857
1641	2897
1641	2717
1641	2735
1641	2815
1641	2803
1641	2776
1641	2982
1641	2904
1641	2951
1641	2774
1641	2752
1641	2735
1641	2622
1641	2578
1641	2786
1641	3056
1641	2958
1641	2755
1641	2921
1641	2809
1641	2928
1641	2805
1641	2850
1641	2776
1641	2949
1641	3000
1641	2907
1641	2832
1641	2985
1641	2931
1641	2949
1641	2741
1641	2763
1641	2604
1641	2798
1641	2841
1641	2876

melhor e media

1892	2925
1756	2432
1740	2632
1740	2640
1696	2607
1696	2470
1696	2458
1696	2465
1696	2502
1696	2461
1696	2451
1696	2519
1696	2338
1696	2427
1696	2493
1655	2487
1655	2916
1655	3032
1655	2810
1655	2748
1655	2799
1655	2825
1655	2901
1655	2909
1655	2823
1655	2825
1655	2720
1655	2869
1655	2775
1655	2967
1648	2841
1648	2519
1648	2562
1641	2541
1641	2724
1641	2730
1641	2829
1641	2874
1641	2929
1641	2651
1641	2849
1641	2816
1641	2909
1641	2939
1641	2807
1641	2857
1641	2792
1641	2974
1641	2711
1641	2948
1641	2709
1641	2840
1641	2851
1641	2880
1641	2977
1641	2730
1641	2659
1641	2554
1641	2586
1641	2923
1641	2930
1641	2922
1641	2767
1641	2752
1641	2906
1641	2797
1641	2849
1641	2907
1641	3130
1641	2903
1641	2915
1641	2624
1641	2729
1641	2834
1641	2909
1641	2851
1641	2536
1641	2964
1641	2877
1641	2844
1641	2843
1641	2887
1641	2824
1641	2966
1641	2905
1641	2717
1641	2741
1641	2890
1641	2893
1641	2850
1641	2990
1641	2840
1641	2947
1641	2821
1641	2881
1641	2787
1641	2833
1641	2771
1641	2984
1641	2900

melhor e media

1796	2864
1796	2735
1795	2933
1795	2463
1795	2313
1795	2384
1795	2533
1795	2475
1795	2473
1795	2453
1795	2488
1795	2397
1795	2394
1795	2433
1795	2511
1795	2504
1795	2440
1795	2593
1795	2516
1795	2452
1795	2495
1782	2436
1782	2549
1696	2415
1696	2420
1696	2432
1696	2538
1696	2506
1696	2552
1696	2498
1696	2544
1696	2431
1696	2486
1696	2504
1696	2400
1696	2357
1696	2535
1696	2389
1696	2480
1696	2427
1696	2366
1696	2448
1696	2532
1696	2651
1696	2588
1696	2671
1696	2430
1696	2477
1696	2392
1696	2408
1696	2441
1696	2591
1696	2495
1696	2417
1696	2414
1696	2458
1696	2336
1696	2491
1696	2440
1696	2394
1696	2538
1696	2465
1696	2509
1696	2428
1696	2383
1696	2572
1696	2474
1696	2518
1696	2420
1696	2514
1696	2523
1696	2453
1696	2500
1696	2322
1696	2530
1696	2434
1696	2464
1696	2594
1696	2322
1696	2436
1696	2584
1696	2625
1696	2371
1696	2445
1696	2379
1696	2457
1696	2342
1696	2334
1696	2477
1696	2389
1696	2490
1696	2441
1696	2590
1696	2480
1696	2389
1696	2506
1696	2292
1696	2523
1696	2411
1696	2481

melhor e media

1923	2985
1683	2574
1683	2926
1661	2881
1661	2921
1641	2888
1641	2824
1641	2808
1641	2747
1641	2776
1641	2690
1641	2851
1641	2855
1641	2708
1641	2805
1641	2789
1641	2688
1641	2864
1641	2849
1641	2799
1641	2773
1641	2878
1641	2794
1641	2965
1641	2911
1641	2823
1641	2757
1641	2777
1641	2890
1641	2752
1641	2901
1641	2911
1641	2891
1641	2793
1641	2976
1641	2976
1641	2858
1641	2968
1641	2792
1641	2767
1641	2915
1641	2861
1641	2747
1641	2880
1641	2828
1641	2847
1641	2801
1641	2811
1641	2858
1641	2848
1641	2876
1641	2956
1641	2713
1641	2882
1641	2757
1641	2816
1641	2684
1641	2847
1641	2597
1641	2824
1641	2732
1641	2849
1641	2819
1641	2882
1641	2834
1641	2766
1641	2837
1641	2860
1641	2689
1641	2747
1641	2860
1641	2684
1641	2815
1641	2811
1641	2762
1641	2846
1641	2723
1641	2941
1641	2915
1641	2926
1641	2771
1641	2695
1641	2713
1641	2756
1641	2730
1641	2831
1641	2851
1641	2899
1641	2886
1641	2817
1641	2922
1641	2968
1641	2790
1641	2807
1641	2659
1641	2611
1641	2689
1641	2842
1641	2828
1641	2867

melhor e media

1890	2841
1756	2701
1728	2841
1728	2894
1728	2850
1728	2832
1728	2826
1728	2824
1728	2624
1728	2621
1728	2782
1728	2666
1728	2786
1728	2678
1728	2810
1696	2901
1696	2616
1696	2402
1696	2372
1696	2430
1696	2542
1696	2495
1696	2597
1696	2377
1696	2467
1696	2459
1696	2487
1696	2413
1696	2444
1696	2417
1696	2546
1696	2419
1696	2449
1696	2478
1696	2293
1696	2572
1696	2457
1696	2369
1696	2503
1696	2386
1696	2393
1696	2451
1696	2394
1696	2498
1696	2570
1696	2351
1696	2506
1696	2491
1696	2573
1696	2472
1696	2422
1696	2459
1696	2434
1696	2386
1696	2419
1696	2351
1696	2455
1696	2524
1696	2364
1696	2456
1696	2569
1696	2439
1696	2476
1696	2417
1696	2521
1696	2434
1696	2533
1696	2376
1696	2424
1696	2511
1696	2342
1696	2410
1696	2360
1696	2403
1696	2498
1696	2493
1696	2507
1696	2357
1696	2497
1696	2415
1696	2553
1696	2343
1696	2386
1696	2581
1696	2390
1696	2571
1648	2515
1648	2836
1648	2715
1641	2635
1641	2636
1641	2725
1641	2846
1641	2605
1641	2908
1641	2970
1641	2933
1641	2812
1641	2786
1641	2774

melhor e media

1809	2798
1772	2811
1771	2663
1675	2784
1641	2704
1641	2702
1641	2793
1641	2796
1641	2872
1641	2843
1641	2694
1641	2884
1641	3086
1641	2862
1641	3018
1641	2893
1641	2936
1641	2981
1641	2764
1641	2865
1641	2738
1641	2831
1641	2718
1641	2737
1641	2788
1641	2937
1641	2782
1641	2943
1641	2917
1641	2996
1641	2926
1641	2817
1641	2726
1641	2899
1641	2931
1641	2889
1641	2923
1641	2975
1641	2773
1641	2865
1641	2639
1641	2848
1641	2922
1641	2942
1641	2818
1641	2908
1641	2866
1641	2863
1641	2849
1641	2855
1641	2845
1641	2774
1641	2928
1641	2723
1641	2812
1641	2858
1641	3048
1641	2814
1641	2886
1641	2817
1641	2932
1641	2819
1641	2819
1641	2761
1641	2769
1641	2770
1641	2907
1641	2787
1641	2689
1641	2739
1641	2747
1641	2861
1641	3058
1641	2842
1641	2879
1641	2810
1641	2835
1641	2855
1641	2898
1641	2901
1641	2968
1641	2686
1641	2653
1641	2654
1641	2824
1641	2859
1641	2893
1641	2843
1641	2745
1641	2716
1641	2971
1641	2843
1641	2762
1641	2921
1641	2704
1641	2789
1641	2897
1641	2949
1641	2893
1641	2773

melhor e media

1813	2864
1772	2585
1737	2661
1737	2697
1661	2888
1661	2913
1661	2813
1661	2859
1661	2776
1661	2850
1655	2927
1655	2838
1655	2876
1655	2787
1655	2832
1655	2731
1655	2912
1655	2797
1642	2803
1642	2811
1642	2765
1642	2904
1642	2817
1641	2754
1641	2795
1641	2895
1641	2800
1641	2937
1641	2913
1641	2861
1641	2812
1641	2758
1641	2770
1641	2933
1641	2817
1641	2892
1641	2852
1641	2913
1641	2897
1641	2908
1641	2904
1641	2839
1641	2798
1641	2833
1641	2918
1641	2980
1641	2844
1641	2686
1641	2580
1641	2751
1641	2799
1641	2892
1641	2786
1641	2824
1641	2823
1641	2882
1641	2824
1641	2820
1641	2837
1641	2913
1641	2744
1641	2856
1641	2852
1641	3024
1641	2883
1641	2870
1641	2711
1641	2807
1641	2826
1641	2754
1641	2830
1641	2924
1641	3124
1641	2839
1641	2804
1641	2782
1641	2889
1641	2776
1641	2903
1641	2945
1641	2757
1641	2691
1641	2852
1641	2801
1641	2891
1641	2801
1641	2666
1641	2715
1641	2838
1641	2877
1641	2829
1641	2982
1641	2933
1641	2807
1641	2809
1641	2946
1641	2827
1641	2828
1641	2737
1641	2911

melhor e media

1875	2920
1768	2757
1768	2810
1753	2838
1753	2640
1753	2600
1753	2636
1753	2463
1753	2478
1753	2390
1753	2447
1753	2528
1753	2522
1753	2479
1753	2524
1753	2459
1753	2642
1753	2648
1753	2507
1753	2339
1753	2344
1753	2483
1753	2422
1753	2469
1753	2608
1753	2580
1753	2564
1753	2451
1753	2562
1753	2508
1753	2482
1753	2596
1753	2501
1753	2486
1753	2574
1753	2523
1753	2407
1753	2501
1753	2535
1753	2371
1753	2616
1753	2530
1753	2351
1753	2567
1753	2504
1753	2588
1753	2559
1753	2489
1753	2501
1753	2492
1753	2488
1728	2603
1728	2668
1728	2639
1728	2873
1728	2917
1728	2910
1728	2778
1696	2661
1696	2899
1696	2548
1696	2318
1696	2480
1696	2376
1696	2442
1696	2495
1696	2560
1696	2413
1696	2589
1696	2416
1677	2481
1677	2805
1677	2905
1677	2821
1661	2728
1642	2914
1641	2869
1641	2817
1641	2734
1641	2728
1641	2796
1641	2862
1641	2822
1641	2698
1641	2825
1641	2824
1641	2797
1641	2777
1641	2813
1641	2807
1641	2916
1641	2975
1641	2890
1641	2852
1641	2877
1641	2874
1641	2774
1641	2773
1641	2746
1641	2643

melhor e media

1756	3038
1756	2643
1756	2623
1756	2731
1756	2569
1756	2639
1756	2524
1737	2565
1721	2363
1721	2603
1721	2683
1721	2824
1721	2741
1721	2828
1721	2854
1721	2943
1721	2664
1721	2792
1721	2742
1721	2783
1721	2732
1721	2849
1721	3001
1721	2749
1721	2611
1721	2968
1717	2846
1677	2747
1677	2794
1677	2869
1677	2727
1677	2680
1677	2780
1677	2873
1677	2885
1677	2670
1677	2790
1677	2792
1677	2840
1655	2962
1655	2927
1655	2898
1655	2722
1655	2735
1655	2649
1655	2718
1655	2910
1642	2689
1641	2752
1641	2746
1641	2735
1641	2855
1641	2812
1641	2840
1641	2871
1641	3022
1641	2759
1641	2981
1641	2849
1641	2954
1641	2704
1641	2964
1641	2762
1641	2806
1641	2767
1641	2784
1641	2772
1641	2943
1641	2779
1641	2827
1641	2851
1641	2854
1641	2590
1641	2753
1641	2773
1641	2902
1641	2922
1641	2903
1641	2782
1641	2736
1641	2773
1641	2742
1641	2785
1641	2951
1641	2997
1641	3080
1641	2942
1641	2992
1641	2845
1641	2939
1641	2929
1641	2969
1641	2782
1641	2872
1641	2539
1641	2564
1641	2502
1641	2864
1641	2797
1641	2903

melhor e media

1802	2840
1802	2680
1740	2569
1740	2584
1740	2486
1740	2496
1740	2466
1740	2630
1740	2568
1740	2538
1737	2573
1737	2838
1737	2952
1728	2894
1728	2839
1728	2858
1728	2866
1728	2787
1728	2886
1728	2907
1728	2740
1728	2905
1728	2855
1728	2769
1728	2952
1728	2816
1728	2744
1728	2688
1728	2812
1728	2945
1696	2670
1696	2540
1696	2530
1696	2379
1696	2411
1696	2507
1696	2410
1696	2383
1696	2466
1696	2456
1696	2411
1696	2429
1696	2443
1696	2503
1696	2436
1696	2444
1696	2590
1696	2592
1696	2430
1696	2422
1696	2436
1696	2527
1696	2417
1696	2531
1696	2375
1696	2573
1696	2461
1696	2551
1696	2490
1696	2377
1696	2538
1696	2457
1696	2595
1696	2357
1696	2394
1696	2478
1696	2519
1696	2614
1696	2506
1696	2499
1696	2372
1696	2315
1696	2476
1696	2376
1696	2475
1696	2568
1696	2548
1696	2599
1696	2410
1696	2559
1696	2466
1696	2405
1696	2444
1696	2384
1696	2575
1696	2475
1696	2431
1696	2273
1696	2586
1696	2565
1696	2474
1696	2547
1696	2404
1696	2527
1696	2480
1696	2376
1696	2520
1696	2448
1696	2384
1696	2413

melhor e media

1763	2785
1696	2706
1696	2679
1696	2591
1696	2458
1696	2414
1696	2485
1696	2540
1696	2447
1696	2474
1696	2427
1696	2388
1696	2499
1696	2485
1696	2437
1696	2491
1696	2520
1696	2328
1696	2441
1696	2596
1696	2362
1696	2490
1696	2257
1696	2382
1696	2279
1696	2406
1696	2516
1696	2564
1696	2452
1696	2522
1696	2430
1696	2439
1696	2444
1696	2545
1696	2479
1696	2464
1696	2396
1696	2397
1696	2302
1696	2205
1696	2493
1696	2347
1696	2478
1696	2377
1696	2553
1696	2501
1696	2341
1696	2579
1696	2399
1696	2519
1696	2378
1696	2453
1696	2528
1696	2491
1696	2650
1696	2534
1696	2494
1696	2370
1696	2503
1696	2518
1696	2429
1696	2359
1696	2482
1696	2311
1696	2381
1696	2646
1696	2453
1696	2369
1696	2420
1696	2540
1696	2651
1696	2460
1696	2414
1696	2470
1696	2551
1696	2519
1696	2396
1696	2333
1696	2452
1696	2336
1696	2469
1696	2472
1696	2393
1696	2398
1696	2562
1696	2464
1696	2560
1696	2531
1696	2458
1696	2433
1696	2489
1696	2507
1696	2518
1696	2425
1696	2387
1696	2667
1696	2489
1696	2424
1696	2580
1696	2434

melhor e media

1772	2861
1772	2611
1772	2590
1772	2612
1740	2551
1740	2537
1740	2446
1740	2442
1740	2501
1740	2466
1740	2561
1696	2504
1696	2495
1696	2575
1696	2429
1696	2482
1696	2387
1696	2583
1696	2535
1696	2425
1696	2430
1696	2480
1696	2564
1696	2498
1696	2499
1696	2505
1696	2502
1696	2379
1696	2443
1696	2457
1696	2519
1696	2517
1696	2416
1696	2637
1696	2535
1696	2541
1696	2550
1696	2510
1696	2472
1696	2290
1696	2413
1696	2505
1696	2445
1696	2442
1696	2573
1696	2420
1696	2589
1696	2487
1696	2475
1696	2356
1696	2375
1696	2381
1696	2597
1696	2564
1696	2421
1696	2525
1696	2719
1696	2567
1696	2387
1696	2500
1696	2617
1696	2474
1696	2461
1696	2503
1696	2558
1696	2524
1696	2644
1696	2433
1696	2402
1696	2418
1696	2487
1696	2426
1696	2492
1696	2508
1696	2395
1696	2367
1696	2470
1696	2412
1696	2631
1696	2556
1696	2496
1696	2375
1696	2463
1696	2349
1696	2410
1696	2482
1696	2408
1696	2413
1696	2529
1696	2453
1696	2538
1696	2405
1696	2461
1696	2455
1696	2432
1696	2482
1696	2449
1696	2475
1696	2403
1696	2566

