melhor e media
1459	2793
1300	2328
1208	1997
1208	2001
1208	1867
1208	1824
1208	1800
1208	2127
1208	1962
1204	2031
1204	1946
1204	2022
1204	2302
1204	2006
1204	2337
1204	1927
1204	2123
1204	1945
1204	1904
1204	2057
1204	1911
1204	2050
1204	2123
1204	1818
1204	2004
1204	1966
1204	2304
1204	1916
1204	2110
1204	1989
1204	2088
1204	1953
1204	2071
1204	2061
1204	1872
1204	2005
1204	1975
1204	1849
1204	1928
1204	2067
1204	1921
1204	1904
1204	1963
1204	2071
1204	2117
1204	1950
1204	1894
1204	1957
1204	1959
1204	2010
1204	2017
1204	2057
1204	2142
1204	1921
1204	1972
1204	2100
1204	1907
1204	2056
1204	2052
1204	1930
1204	2054
1204	1997
1204	2018
1204	1942
1204	2044
1204	2064
1204	2160
1204	1994
1204	1999
1204	2091
1204	2211
1204	2139
1200	1970
1200	2132
1200	2293
1200	2030
1200	2113
1196	2188
1196	1927
1196	1976
1196	1947
1196	1759
1196	1734
1196	1858
1196	1850
1196	1960
1196	1814
1196	1779
1196	1815
1196	1723
1196	1906
1196	1776
1196	1919
1196	1940
1196	1860
1196	1997
1196	1857
1196	1757
1196	1901
1196	1863

melhor e media
1330	2749
1256	2016
1256	1982
1256	1983
1213	2055
1213	1862
1213	1856
1213	1864
1213	1776
1213	1925
1213	1921
1213	1793
1207	1806
1207	1859
1207	1707
1203	1780
1201	1848
1201	1768
1201	2007
1201	1960
1201	1874
1201	1651
1201	1935
1201	1993
1201	1804
1201	1934
1201	2190
1201	2052
1201	2029
1201	2071
1195	1915
1195	2026
1195	1945
1195	1847
1195	2082
1195	1786
1195	2000
1195	2060
1195	2109
1195	1886
1195	1964
1195	1879
1195	1972
1195	2116
1195	1991
1195	1826
1195	1930
1195	2135
1195	1976
1195	2088
1195	1981
1195	1877
1195	1935
1195	1767
1195	1953
1195	1987
1195	2064
1195	1991
1195	2254
1195	2320
1195	2017
1195	1993
1195	1944
1195	2098
1195	1837
1195	1849
1195	1939
1195	1958
1195	1874
1195	2144
1195	1974
1195	1962
1195	1899
1195	2095
1195	2138
1195	2092
1195	1769
1195	2014
1195	2060
1195	1789
1195	2096
1195	2087
1195	2073
1195	2105
1195	2059
1195	2045
1195	2042
1195	1844
1195	1873
1195	2064
1195	1969
1195	1875
1195	1912
1195	2035
1195	2080
1195	1892
1195	1883
1195	2039
1195	1973
1195	1965

melhor e media
1313	2812
1305	2246
1263	1954
1263	2141
1263	2093
1263	1969
1263	2100
1263	1943
1263	2118
1263	2207
1263	2188
1263	2107
1263	2253
1254	2173
1254	2165
1254	2168
1254	1866
1254	1985
1254	1830
1254	1897
1254	1849
1254	1972
1254	2108
1254	2037
1254	2110
1254	1928
1254	2051
1254	2101
1254	2193
1244	1939
1232	2021
1232	2156
1232	2108
1202	2004
1202	2016
1202	2094
1202	1861
1202	2029
1202	1909
1202	2120
1202	1945
1202	2001
1202	2101
1202	1841
1202	1986
1202	1995
1202	1920
1202	1946
1202	2048
1202	1957
1202	1899
1202	1832
1202	2088
1202	2018
1202	1978
1202	2036
1202	2088
1202	2072
1202	2017
1202	1979
1202	2089
1202	1952
1199	1742
1199	1947
1199	2048
1199	2013
1199	1847
1199	1813
1199	1849
1199	1803
1199	1835
1199	1874
1199	1944
1199	1758
1199	1910
1199	1864
1199	1781
1199	1900
1199	1965
1199	1920
1199	1925
1199	1998
1199	2011
1199	1720
1199	1879
1199	1940
1199	1884
1199	1742
1199	1783
1199	1691
1199	1858
1199	1725
1199	1972
1199	1738
1199	1848
1199	1782
1199	1792
1199	1693
1199	1856
1199	1850

melhor e media
1466	2872
1325	1866
1246	1799
1205	1751
1205	1587
1205	1726
1205	1659
1205	1774
1205	1706
1205	1794
1205	1729
1205	1874
1205	1691
1205	1634
1205	1732
1205	1853
1205	1883
1205	1797
1205	1746
1205	1760
1205	1792
1193	1646
1193	1833
1163	1589
1163	1777
1163	1871
1163	1775
1163	1906
1163	1932
1163	1687
1163	1659
1163	1910
1163	1716
1163	1778
1163	1782
1163	1895
1163	1836
1163	1847
1163	1916
1163	1768
1163	1714
1163	1711
1163	1652
1163	1688
1163	1701
1163	1868
1163	1834
1163	1717
1163	1772
1163	1825
1163	1847
1163	1886
1163	1770
1163	1710
1163	1808
1163	1829
1163	1797
1163	1703
1163	1799
1163	1904
1163	2050
1163	1762
1163	1918
1163	1713
1163	1859
1163	1770
1163	1789
1163	1808
1163	1727
1163	1616
1163	1886
1163	1880
1163	1732
1163	1771
1163	1786
1163	1761
1163	1827
1163	1744
1163	1835
1163	1683
1163	1682
1163	1814
1163	1781
1163	1770
1163	1873
1163	1844
1163	1880
1163	1921
1163	1871
1163	1804
1163	1733
1163	1672
1163	1815
1163	1805
1163	1956
1163	1880
1163	1760
1163	1672
1163	1811
1163	1844

melhor e media
1373	2984
1301	2136
1301	1862
1301	1785
1301	1784
1219	1719
1219	1757
1195	1521
1195	1768
1195	1826
1195	1824
1195	1791
1195	1737
1195	1796
1195	1779
1195	1742
1195	1751
1195	1747
1195	1766
1195	1825
1195	1666
1195	1734
1195	1648
1195	1734
1195	1733
1195	1793
1195	1748
1195	1855
1195	1702
1195	1714
1195	1881
1195	1882
1195	1773
1195	1677
1195	1761
1195	1886
1195	1687
1195	1810
1195	1779
1195	1767
1195	1879
1195	1753
1195	1928
1195	1673
1195	1792
1195	1788
1195	1868
1195	2042
1195	1751
1195	1875
1195	1752
1195	1815
1195	1853
1195	1707
1195	1894
1195	1819
1195	1757
1195	1841
1195	1797
1195	1733
1195	1900
1195	1830
1195	1730
1165	1569
1165	1896
1165	1769
1165	1990
1165	1757
1165	1797
1165	1829
1165	1855
1165	1888
1165	1842
1165	1969
1165	1760
1165	1768
1165	1855
1165	1837
1165	1788
1165	1760
1165	1955
1165	1846
1165	1709
1165	1890
1165	1739
1165	1775
1165	1748
1165	1765
1165	1720
1165	1908
1165	1821
1165	1846
1165	1949
1165	1818
1165	1785
1165	1733
1165	1826
1165	1812
1165	1798
1165	1820

melhor e media
1440	2963
1379	2134
1348	1952
1341	1896
1341	1779
1341	1993
1341	1965
1324	1975
1279	1870
1279	2058
1279	1970
1279	1959
1201	1976
1201	1843
1201	1885
1201	1845
1201	1842
1201	1741
1201	1770
1201	1853
1201	1754
1201	1929
1201	1838
1201	1970
1201	1796
1201	1885
1201	1741
1201	1980
1201	1853
1201	1982
1201	1996
1201	1914
1201	1989
1201	1871
1201	1745
1201	1732
1201	1713
1201	1694
1201	1840
1201	1788
1201	1810
1201	1798
1201	1937
1201	1860
1201	1997
1201	1934
1201	1760
1201	1912
1201	1855
1201	1778
1201	1843
1201	1792
1199	1922
1199	1844
1199	1897
1199	2001
1199	1803
1199	1736
1199	1865
1199	1694
1199	2007
1199	1958
1199	1813
1199	1738
1199	1795
1199	1888
1199	2025
1199	1938
1199	1692
1199	1783
1199	1733
1199	1764
1199	1781
1199	1808
1199	1847
1187	1709
1187	1703
1187	1749
1187	1759
1187	1884
1187	1725
1187	1781
1187	1706
1187	1670
1187	1896
1187	1796
1187	1843
1187	1716
1187	1771
1187	1915
1187	1827
1187	1763
1187	1733
1187	1722
1187	1638
1187	1706
1187	1772
1187	1789
1187	1810
1187	1824

melhor e media
1401	2729
1328	1925
1240	1766
1222	1805
1222	1717
1222	1732
1222	1681
1222	1751
1222	1693
1222	1678
1222	1745
1218	1652
1218	1836
1218	1881
1218	1893
1218	1919
1218	1851
1218	2206
1218	1901
1218	1987
1211	2084
1211	2111
1211	2003
1211	2176
1211	2062
1211	2116
1203	1915
1203	2017
1203	2017
1203	1913
1200	1955
1200	2112
1200	1925
1200	1944
1200	1915
1200	1730
1200	1856
1200	1862
1200	1936
1200	1905
1200	1970
1200	2002
1200	1848
1200	2044
1200	2123
1200	2026
1200	1891
1200	1835
1200	1924
1200	1850
1200	1729
1200	1843
1200	1879
1200	1789
1200	1899
1200	1884
1200	1918
1200	1810
1200	2016
1200	2084
1200	1978
1200	2036
1200	1998
1200	2065
1200	1941
1200	2000
1200	2087
1200	1917
1200	1956
1200	1892
1200	1831
1200	1942
1200	1886
1200	1944
1200	2027
1200	1743
1200	1857
1200	1717
1200	1850
1200	1894
1200	1915
1200	1994
1200	1993
1200	1916
1200	1996
1200	2162
1200	2003
1200	2012
1200	1845
1200	2007
1200	1891
1200	1935
1200	2110
1200	2094
1200	2048
1200	1849
1200	2058
1200	2124
1200	1979
1200	2105

melhor e media
1242	2973
1242	2284
1242	1897
1242	1778
1210	1662
1210	1740
1210	1845
1210	1801
1210	1762
1202	1771
1202	1818
1202	1963
1202	1958
1202	2160
1202	1915
1202	1958
1202	1883
1202	1890
1202	1951
1202	1936
1202	2040
1202	1760
1202	1861
1202	1938
1202	2023
1202	1864
1202	1900
1202	1887
1202	2094
1202	2080
1202	1963
1202	2025
1202	2124
1202	1838
1202	2272
1202	1882
1202	2086
1202	1962
1202	2050
1202	2095
1202	1949
1202	1898
1202	1702
1202	2018
1202	2252
1202	1887
1202	1967
1202	2143
1202	1942
1202	1983
1202	2154
1202	2019
1202	1871
1202	2014
1202	1879
1202	1947
1199	2028
1199	2062
1199	2258
1199	2148
1199	2183
1199	2029
1199	2094
1199	2242
1199	2338
1199	2015
1199	2009
1199	1993
1199	2134
1199	2073
1199	2143
1199	2135
1199	2099
1199	2130
1199	1998
1199	2162
1199	2036
1199	2039
1199	1999
1199	1886
1199	2109
1199	2068
1199	2334
1199	2284
1199	2203
1199	2155
1199	2218
1199	1970
1199	2144
1199	2069
1199	2054
1199	2014
1199	2201
1199	2210
1199	2249
1199	2087
1199	2334
1199	2426
1199	2234
1199	2078

melhor e media
1287	2906
1287	2259
1287	2152
1239	1986
1239	2190
1239	1755
1239	1815
1238	1907
1223	1872
1223	2063
1223	1955
1223	1889
1223	1866
1223	1943
1216	1930
1216	1934
1210	1802
1210	1765
1210	2056
1210	2094
1210	2138
1210	2262
1210	2051
1210	2208
1210	1999
1210	2036
1210	2159
1210	1980
1210	2138
1195	2228
1195	2053
1195	2004
1195	2127
1195	2094
1195	1992
1195	2061
1195	2075
1195	2132
1195	2049
1195	2164
1195	1971
1194	2102
1194	2121
1194	2170
1194	2133
1194	2116
1194	2072
1194	2080
1194	2085
1194	2220
1194	2204
1194	2341
1194	2303
1194	2235
1194	2252
1194	2035
1194	2151
1194	2146
1194	2163
1194	2037
1194	2246
1194	2072
1194	2068
1194	2079
1194	2118
1194	2152
1194	2188
1194	2190
1194	2089
1194	2059
1194	2066
1194	2317
1194	2131
1194	2156
1194	2229
1194	2112
1194	2181
1194	2414
1194	2177
1194	2296
1194	2128
1194	2246
1194	2245
1194	2102
1194	2157
1194	2053
1194	2073
1194	2021
1194	2203
1194	2129
1194	2034
1194	2188
1194	2272
1194	2279
1194	2051
1193	2160
1193	2255
1193	1951
1193	2129
1193	2027

melhor e media
1385	2709
1319	2091
1306	1766
1267	1704
1225	1680
1203	1696
1203	1663
1203	1847
1203	1717
1203	1614
1203	1695
1203	1782
1203	1702
1203	1683
1203	1916
1203	1864
1203	1836
1203	1703
1203	1643
1203	1779
1203	1619
1203	1744
1203	1681
1203	1810
1177	1567
1177	1733
1177	1700
1177	1812
1177	1784
1177	1803
1177	1760
1177	1741
1177	1875
1177	1836
1177	1777
1177	1824
1177	1816
1177	1781
1177	1816
1177	1765
1177	2009
1177	1849
1177	1810
1177	1666
1177	1755
1177	1807
1177	1824
1177	1889
1177	1830
1177	1798
1177	1694
1177	1866
1177	1739
1177	1763
1177	1750
1177	1733
1177	1795
1177	1811
1177	1748
1177	1921
1177	1962
1177	1744
1177	1780
1177	1861
1177	1852
1177	1843
1177	1740
1177	1910
1177	1801
1177	1777
1177	1773
1177	1753
1177	1780
1177	1775
1177	1641
1177	1873
1177	1795
1177	1861
1177	1745
1177	1792
1177	1792
1177	1666
1177	1533
1177	1624
1177	1933
1177	1886
1177	1699
1177	1789
1177	1935
1177	1781
1177	1877
1177	1872
1177	1920
1177	1832
1177	1819
1177	1757
1177	1891
1177	1928
1177	1786
1177	1925

melhor e media
1355	2737
1310	2177
1310	2020
1310	1894
1310	1948
1310	1809
1206	1763
1206	1871
1206	1747
1206	1848
1206	1905
1206	1780
1206	1896
1206	1913
1206	1917
1206	2080
1206	2091
1206	1899
1206	1910
1206	2034
1206	1836
1206	1927
1206	1798
1206	1986
1206	1982
1206	1907
1206	1988
1206	2106
1206	1981
1206	2035
1206	1918
1206	1808
1206	1810
1206	1892
1206	1876
1206	2019
1206	1967
1204	1987
1204	1758
1204	1803
1204	1995
1204	1973
1204	1914
1204	1891
1204	1835
1196	1753
1196	1905
1196	1948
1196	1808
1196	2019
1196	1953
1196	1937
1196	1938
1196	1946
1196	2049
1196	1911
1196	2096
1196	1992
1195	1882
1195	2039
1195	2118
1195	2140
1195	2160
1195	2130
1195	2020
1195	2235
1193	2277
1193	1868
1193	1948
1193	2012
1193	2010
1193	1889
1193	2169
1193	2139
1193	2072
1193	2027
1193	2141
1193	2074
1193	2231
1193	2148
1193	2080
1193	2175
1193	2092
1193	2162
1193	2176
1193	2135
1193	2174
1193	1964
1193	2066
1193	2448
1193	2099
1193	2039
1193	2183
1193	2162
1193	2215
1193	2077
1193	2113
1193	2215
1193	2196
1193	2307

melhor e media
1418	3142
1310	2075
1286	1878
1211	1687
1211	1769
1211	1919
1211	1924
1211	1883
1209	1798
1209	1893
1209	1842
1209	1919
1209	1770
1205	1903
1205	1921
1205	1978
1205	1844
1205	1763
1205	1812
1205	2051
1205	1924
1205	1905
1205	2003
1205	1910
1205	1811
1205	1945
1205	1906
1205	1928
1205	1803
1205	1874
1205	1986
1205	2025
1205	1801
1205	1932
1205	1812
1205	1875
1205	1919
1205	1965
1205	1851
1205	1793
1205	1835
1205	1757
1205	1858
1205	1789
1205	1895
1205	1873
1205	1987
1205	1899
1202	1783
1202	1768
1202	1880
1202	1924
1202	1897
1202	1809
1202	1709
1202	1973
1202	2034
1202	1885
1202	1870
1202	1810
1202	1826
1202	1785
1202	1809
1202	1919
1202	1779
1202	1860
1202	1906
1202	1852
1202	1876
1202	1860
1202	1730
1202	1827
1202	1730
1202	1736
1202	1914
1202	1888
1202	1916
1159	1648
1159	1769
1159	1878
1159	1901
1159	1801
1159	1896
1159	1799
1159	1758
1159	1780
1159	1851
1159	1696
1159	1718
1159	1825
1159	1809
1159	1969
1159	1709
1159	1801
1159	1712
1159	1824
1159	1570
1159	1888
1159	1759
1159	1839

melhor e media
1409	2981
1361	2356
1232	1816
1232	1631
1232	1692
1232	1690
1232	1630
1232	1923
1232	1769
1209	1688
1209	1686
1209	1852
1207	1694
1207	1874
1204	1844
1204	1853
1204	1774
1204	1889
1204	1999
1204	1779
1204	1767
1204	1914
1204	1942
1204	1869
1204	1672
1204	1838
1204	1723
1204	1816
1204	1855
1204	1726
1204	1785
1204	1704
1204	1671
1204	1772
1204	1809
1204	1901
1204	1855
1204	2029
1204	1866
1204	1816
1204	1738
1204	1772
1204	1666
1204	1748
1204	1857
1204	1819
1204	2104
1204	2091
1204	1958
1204	1814
1204	1825
1204	1879
1204	1950
1204	1930
1204	1907
1204	1930
1201	1747
1201	1894
1201	1861
1197	1833
1197	1817
1197	1977
1197	1879
1197	1981
1197	2017
1197	1952
1197	2004
1197	2108
1197	1966
1197	1947
1197	1885
1197	2128
1197	2084
1197	2009
1197	2013
1197	1986
1197	1924
1197	1920
1197	1866
1197	1985
1197	1876
1197	2054
1197	1955
1197	2004
1197	1895
1197	1856
1197	1967
1197	1876
1197	1896
1197	1929
1197	2044
1197	1975
1197	1954
1197	1947
1197	1982
1197	1961
1197	1830
1197	1892
1197	1814
1197	1889

melhor e media
1423	3031
1281	2031
1268	1959
1268	1908
1268	1877
1268	1878
1247	2016
1247	1811
1247	1956
1247	2088
1247	2060
1247	2012
1247	2013
1247	1858
1247	2017
1247	2069
1247	1918
1247	1875
1247	1707
1247	2013
1247	1986
1247	1798
1247	1900
1247	1744
1247	1930
1247	2034
1247	1893
1247	1878
1247	1970
1247	1790
1210	1786
1210	1914
1210	1933
1210	1957
1210	1948
1210	2177
1210	1847
1199	1878
1199	1801
1199	1814
1199	1748
1199	1894
1199	1856
1199	1766
1199	1755
1199	1843
1199	1797
1198	1857
1198	1919
1198	2035
1198	2008
1198	2174
1198	2182
1198	2329
1198	2119
1198	2353
1198	2267
1198	1991
1198	2093
1198	2229
1198	2063
1198	2104
1198	2250
1198	2172
1198	2032
1198	2028
1198	2101
1198	1998
1198	2274
1198	2222
1198	2269
1198	2224
1198	2068
1198	1992
1198	2297
1198	2187
1198	2160
1198	2184
1198	2179
1198	2150
1198	2193
1198	2112
1198	2169
1198	2098
1198	2232
1198	2263
1198	2163
1198	2099
1198	2192
1198	2203
1198	2042
1198	2075
1198	2200
1198	2124
1198	2082
1198	2312
1198	1943
1198	2323
1196	2065
1196	2376

melhor e media
1285	2723
1269	1964
1269	2053
1269	2003
1231	1760
1231	1919
1231	1995
1231	2013
1231	2037
1231	2024
1231	1997
1231	2009
1231	1961
1231	1997
1231	2072
1231	2008
1231	2068
1231	2153
1231	2230
1231	2027
1231	2076
1231	2267
1231	2019
1231	2106
1231	2102
1231	2157
1231	2215
1231	2223
1231	2218
1231	1968
1231	1933
1231	2006
1231	2109
1231	2108
1231	2177
1231	2236
1231	2018
1231	2075
1231	2044
1231	2179
1231	2122
1231	2048
1231	2052
1231	2079
1231	2104
1231	2111
1231	1875
1231	2036
1231	2156
1231	2157
1231	2091
1231	2029
1231	2020
1231	1939
1231	2074
1231	2393
1231	2248
1231	2256
1231	2147
1231	2213
1231	2222
1231	2177
1231	2271
1231	2100
1231	2094
1231	2232
1231	2161
1231	1984
1231	1927
1231	1934
1231	2000
1231	2087
1231	1901
1231	2050
1231	2107
1231	1962
1231	2093
1231	2016
1231	2008
1231	2220
1231	1902
1231	2095
1231	2081
1231	2163
1231	2069
1231	2097
1231	2025
1231	2084
1231	2249
1231	1961
1231	2007
1231	2011
1231	2114
1231	2186
1231	2008
1231	2043
1231	2179
1231	2199
1231	2103
1231	2193

melhor e media
1205	2902
1205	2287
1205	2103
1205	1883
1205	1826
1205	1779
1205	1847
1205	1901
1205	1819
1205	1695
1205	1922
1205	1894
1205	1907
1205	1893
1205	2102
1205	2134
1205	1916
1205	1995
1205	1907
1205	2019
1205	1803
1204	1910
1204	1959
1204	1860
1204	1711
1204	1774
1204	1755
1204	1888
1204	1792
1204	1843
1204	1772
1204	1644
1204	1894
1204	1944
1203	1954
1203	1793
1203	1827
1203	1932
1203	2008
1203	1878
1203	1991
1203	1912
1203	2061
1203	1871
1203	2088
1203	1941
1203	1825
1203	1797
1203	1968
1203	1832
1203	2000
1203	1824
1203	1887
1203	2034
1203	1957
1203	1864
1203	2007
1202	1954
1202	1778
1202	2040
1202	2056
1202	2157
1202	2160
1200	1918
1200	2025
1200	1951
1200	1994
1200	2111
1200	1927
1200	2014
1195	2011
1195	2145
1195	2016
1195	2199
1195	2404
1195	1969
1195	2004
1195	2070
1195	2202
1195	2224
1195	2270
1195	2123
1195	2186
1195	2227
1195	2188
1195	2354
1195	2058
1195	2048
1195	2155
1195	2171
1195	2137
1195	2207
1195	2070
1195	1986
1195	2188
1195	2168
1195	2235
1195	2167
1195	2123
1195	2051

melhor e media
1491	2867
1354	2049
1299	1848
1299	1911
1299	1935
1278	2000
1278	1820
1278	1932
1253	1944
1253	1851
1253	1884
1253	1881
1253	1952
1253	1839
1210	1874
1210	1716
1210	1934
1207	1825
1207	1866
1206	1839
1205	1806
1205	1852
1205	1860
1205	1711
1205	1978
1205	1868
1205	1864
1205	1832
1205	1883
1205	1978
1205	2044
1205	1890
1205	1722
1205	1832
1205	1974
1205	1822
1205	1966
1205	1898
1205	1866
1205	2060
1205	1985
1205	2167
1205	2118
1205	1963
1205	2037
1205	2013
1205	1982
1205	1987
1205	1996
1205	2021
1205	1776
1205	1786
1205	1927
1205	2059
1205	1970
1205	1767
1205	1984
1205	1858
1205	1978
1205	1969
1205	2012
1204	2006
1204	1906
1204	1848
1204	1977
1204	1906
1204	1913
1204	1837
1204	1962
1204	2033
1204	1990
1204	1807
1200	1805
1200	1987
1200	1900
1200	1956
1200	1816
1200	1788
1200	1810
1200	1846
1200	1995
1200	1804
1200	1932
1200	1981
1200	1972
1200	2007
1200	2067
1200	2076
1200	1889
1200	1942
1200	1917
1200	1890
1200	1998
1200	1852
1200	1949
1200	1937
1200	1974
1200	1771
1200	1899
1200	1953

melhor e media
1294	2795
1294	2270
1289	1765
1289	2005
1289	2051
1280	2043
1280	2032
1280	1873
1280	2050
1270	1980
1245	1932
1245	2109
1245	2188
1245	2082
1245	2126
1245	2318
1245	2321
1245	2107
1245	2214
1245	2239
1245	2148
1245	2171
1245	2209
1245	2221
1236	2159
1236	2017
1236	2083
1236	1932
1236	2142
1236	1970
1236	2092
1216	1950
1216	1943
1216	1770
1216	1881
1216	1918
1216	1857
1150	1692
1150	1797
1150	1802
1150	1917
1150	1861
1150	1917
1150	1834
1150	1869
1150	1848
1150	1971
1150	1961
1150	1899
1150	1964
1150	1895
1150	1734
1150	1820
1150	1887
1150	1987
1150	1943
1150	1810
1150	1834
1150	1799
1150	1847
1150	1996
1150	1861
1150	1864
1150	1839
1150	1849
1150	1823
1150	1690
1150	1708
1150	1793
1150	1781
1150	1857
1150	1984
1150	1777
1150	1887
1150	1816
1150	1837
1150	2061
1150	1864
1150	1897
1150	1856
1150	1815
1150	1888
1150	1769
1150	1883
1150	1900
1150	1852
1150	1923
1150	1915
1150	1844
1150	2027
1150	2044
1150	2001
1150	1872
1150	1890
1150	1923
1150	1987
1150	2017
1150	1854
1150	1869
1150	1736

melhor e media
1445	2890
1312	2012
1283	1909
1278	1857
1278	2027
1272	1724
1272	2072
1263	1932
1263	1907
1263	2028
1263	2085
1263	1994
1263	2005
1263	2013
1263	1960
1263	2101
1263	2135
1263	2003
1263	2031
1263	1891
1263	2138
1247	1963
1247	2109
1247	2090
1247	2117
1247	2071
1242	2096
1242	2127
1242	2245
1242	2015
1242	2131
1242	2047
1242	1914
1242	1984
1242	1909
1242	2033
1242	2084
1242	2050
1242	2214
1242	2016
1240	1934
1240	2057
1240	2040
1240	1847
1240	1991
1232	1781
1232	2244
1232	2173
1232	2370
1232	2325
1232	2375
1232	2402
1232	2165
1232	2462
1232	2605
1232	2291
1232	2284
1232	2499
1200	2458
1200	2184
1200	2270
1200	2126
1200	1937
1200	2157
1200	2374
1200	2290
1190	2050
1190	2176
1190	2054
1190	2178
1190	2389
1190	2280
1190	2134
1190	2270
1190	2386
1190	2428
1190	2331
1190	2159
1190	2209
1190	2033
1190	2303
1190	2234
1190	2174
1190	2205
1190	2444
1190	2300
1190	2265
1190	2199
1190	1997
1190	2209
1190	1999
1190	1948
1190	2134
1190	2247
1190	2497
1190	2187
1190	2232
1190	2182
1190	2155
1190	2091

melhor e media
1411	2756
1270	1918
1259	1890
1208	1710
1208	1714
1208	1771
1208	1903
1204	1897
1204	1856
1204	1904
1204	1786
1204	1807
1204	1840
1204	1721
1203	1610
1203	1677
1203	1621
1203	1585
1203	1736
1203	1695
1203	1696
1203	1750
1203	1684
1203	1889
1203	1902
1203	1853
1203	1748
1203	1607
1203	1798
1203	1608
1203	1669
1203	1869
1203	1854
1203	1732
1203	1778
1203	1699
1203	1700
1203	1736
1203	1633
1203	1625
1203	1767
1203	1968
1203	1838
1203	1724
1203	1725
1203	1643
1203	1673
1203	1759
1203	1787
1203	1729
1203	1682
1203	1738
1203	1770
1203	1609
1195	1510
1195	1778
1195	1835
1195	1883
1195	1848
1195	1927
1195	1883
1195	1791
1195	1898
1195	1914
1195	1914
1195	1793
1195	2025
1195	1908
1195	1978
1195	1926
1195	1905
1195	1927
1195	2034
1195	1827
1195	1800
1195	1791
1195	1884
1195	1832
1195	1864
1195	1877
1195	1920
1195	1880
1195	1821
1195	1904
1195	1844
1195	1882
1195	1990
1195	1881
1195	1944
1195	2078
1195	1987
1195	2054
1195	1931
1195	1917
1195	1665
1195	1958
1195	1841
1195	1849
1195	1764
1195	1807

melhor e media
1346	2850
1346	2037
1330	1962
1330	1997
1293	1847
1249	1803
1249	1904
1249	2084
1249	2030
1249	2146
1249	2042
1249	2146
1249	2057
1249	2043
1249	1999
1249	1971
1249	1996
1249	2067
1249	2031
1249	2128
1249	2121
1249	1939
1249	2096
1249	2011
1249	1999
1249	1904
1249	1989
1249	1987
1249	2217
1249	1993
1249	2178
1249	2022
1249	2211
1249	2093
1249	2041
1249	2128
1249	2131
1249	2151
1249	2243
1249	2087
1249	1967
1249	2106
1249	2066
1249	2115
1249	1952
1249	2106
1249	2134
1249	2125
1249	2146
1249	1924
1249	1932
1249	2175
1249	2163
1249	1878
1249	1995
1249	2105
1249	2000
1249	2050
1249	2100
1249	2132
1249	2148
1249	2037
1249	1868
1249	1940
1249	1937
1249	2220
1249	2130
1249	1864
1249	1853
1249	1994
1249	2049
1249	2193
1249	1949
1249	2173
1249	2096
1249	1869
1249	2009
1249	2007
1249	1888
1249	2232
1249	1917
1249	1986
1249	2036
1249	2250
1249	2058
1249	2036
1249	2148
1249	2081
1249	2105
1249	2122
1249	2017
1249	1914
1249	1911
1249	2002
1249	2056
1249	2027
1249	1984
1249	2060
1249	2037
1249	1817

melhor e media
1267	3014
1267	2074
1267	1860
1267	1771
1267	1961
1236	1681
1236	1682
1236	1679
1233	1790
1233	1930
1215	1797
1183	1567
1183	1734
1183	1748
1183	1749
1183	1706
1183	1793
1183	1758
1183	1716
1183	1760
1183	1750
1183	1740
1183	1899
1183	1830
1183	1823
1183	1948
1183	1871
1183	1746
1183	1690
1183	1570
1183	1814
1183	1739
1183	1756
1183	1670
1183	1749
1183	1656
1183	1812
1183	1671
1183	1717
1183	1712
1183	1773
1183	1687
1183	1730
1183	1699
1183	1712
1183	1738
1183	1575
1183	1814
1183	1782
1183	1717
1183	1836
1183	1677
1183	1741
1142	1618
1142	1861
1142	1866
1142	1771
1142	1756
1142	1844
1142	1799
1142	1821
1142	1794
1142	1872
1142	1684
1142	1982
1142	1923
1142	2044
1142	1858
1142	1761
1142	1782
1142	1863
1142	1825
1142	1722
1142	1833
1142	1831
1142	1870
1142	1899
1142	1903
1142	1917
1142	1710
1142	1753
1142	1748
1142	1971
1142	1779
1142	1936
1142	1890
1142	1921
1142	1882
1142	1836
1142	1761
1142	1912
1142	1775
1142	1818
1142	1729
1142	1724
1142	1867
1142	1868
1142	1861
1142	1790
1142	1801

melhor e media
1421	2788
1357	2239
1328	2068
1295	1750
1288	1621
1288	1967
1279	2004
1279	1937
1279	1998
1279	1991
1279	2035
1279	2073
1279	1926
1279	2142
1272	2049
1272	1920
1272	1845
1272	1878
1272	1868
1272	1919
1272	1912
1272	1710
1272	1858
1212	1797
1212	1853
1212	1874
1212	1856
1212	1878
1212	1990
1212	2028
1212	2013
1212	1897
1212	1991
1212	1909
1212	1689
1212	1873
1212	1981
1205	1814
1196	1767
1196	1853
1196	2071
1196	1896
1196	1936
1196	2052
1196	2065
1196	1963
1196	1955
1196	2043
1196	2068
1196	1920
1196	2100
1196	2354
1196	2152
1196	2156
1196	2031
1196	2023
1196	1959
1196	1955
1196	1857
1196	1825
1196	2125
1196	2129
1196	2038
1196	1995
1196	2044
1196	2010
1196	2131
1196	1974
1196	1956
1196	1844
1196	1942
1196	1972
1196	1956
1196	1888
1196	2018
1196	1779
1196	2039
1196	2122
1196	2004
1196	2167
1196	2081
1196	1907
1196	2018
1196	1955
1196	2227
1196	2022
1196	1944
1196	2002
1196	1746
1196	1790
1196	2003
1196	2100
1196	1944
1196	2150
1196	2024
1196	1932
1196	1957
1196	2023
1196	2059
1196	2418

melhor e media
1281	2693
1281	2119
1250	1861
1250	1863
1194	1829
1194	1784
1194	1752
1194	1792
1194	1892
1194	1858
1194	1818
1194	1888
1194	1825
1194	1924
1194	1745
1194	1720
1194	1778
1194	1825
1194	1850
1194	1905
1194	1874
1194	2053
1194	1916
1194	1907
1194	1930
1194	1858
1194	1803
1194	1932
1194	1799
1194	1800
1194	1758
1194	1892
1194	1658
1194	1777
1194	1811
1194	1895
1194	1781
1194	1897
1194	1853
1194	1727
1194	1672
1194	1858
1194	1777
1194	1893
1194	1773
1194	1870
1194	1977
1194	1764
1194	1838
1194	1789
1194	1835
1194	1837
1194	1876
1194	1860
1194	1849
1194	1821
1194	1819
1194	1696
1194	1866
1194	1936
1194	1897
1194	1867
1194	1907
1194	1822
1194	1894
1194	1800
1194	1886
1194	1756
1194	1762
1194	1746
1194	1659
1194	1827
1194	1676
1194	1959
1194	1877
1194	1815
1194	1818
1194	1906
1194	1943
1194	1828
1194	1821
1194	1824
1194	1803
1194	1781
1194	1719
1194	1709
1194	1771
1194	2021
1194	1825
1194	1897
1194	1808
1194	1824
1194	1752
1194	1884
1194	1894
1194	1717
1194	1688
1194	1694
1194	1881
1194	1814

melhor e media
1446	2899
1406	2363
1310	1858
1283	1619
1275	1833
1275	1744
1251	2006
1241	1733
1213	1688
1206	1803
1206	1709
1206	1815
1206	1825
1206	1825
1206	1856
1206	1815
1206	1868
1206	1803
1206	1795
1206	1785
1206	1828
1206	1822
1206	1773
1206	1698
1206	1812
1206	1865
1206	1864
1206	1728
1206	1817
1206	1919
1206	1816
1206	1613
1206	1836
1206	1845
1206	1906
1206	1848
1206	1792
1206	1840
1206	1903
1206	1828
1206	1943
1206	1818
1197	1869
1197	1890
1197	1969
1197	1961
1197	2221
1197	2067
1197	2034
1197	2103
1197	1964
1197	2144
1197	2326
1197	2145
1197	2037
1197	2036
1197	1926
1197	2250
1197	2111
1197	2172
1197	2146
1197	2135
1197	2319
1197	1999
1197	2084
1197	2068
1197	2038
1197	2008
1197	1932
1197	1843
1197	2177
1197	2073
1197	2035
1197	2038
1197	2372
1197	1985
1197	2162
1197	1988
1197	2131
1197	2257
1197	1868
1197	2093
1197	2333
1197	2068
1197	1837
1197	1895
1197	1972
1197	1932
1197	1997
1197	1946
1197	1943
1197	2101
1197	2166
1197	1981
1197	1991
1197	2023
1197	2152
1197	1926
1197	1890
1197	1922

melhor e media
1304	2746
1304	1954
1192	1586
1192	1679
1192	1739
1192	1686
1192	1698
1192	1718
1192	1572
1192	1521
1166	1495
1166	1822
1166	1666
1166	1801
1166	1863
1166	1644
1166	1784
1166	1787
1166	1673
1166	1579
1166	1687
1166	1710
1166	1711
1166	1679
1166	1624
1166	1669
1166	1691
1166	1742
1166	1660
1166	1677
1166	1817
1166	1713
1166	1744
1166	1819
1166	1825
1166	1827
1166	1757
1166	1805
1166	1705
1166	1654
1166	1713
1166	1681
1166	1719
1166	1601
1166	1830
1166	1700
1166	1833
1166	1722
1166	1681
1166	1651
1166	1748
1166	1722
1166	1707
1166	1695
1166	1770
1166	1844
1166	1828
1166	1941
1166	1771
1166	1781
1166	1666
1166	1737
1166	1703
1166	1631
1166	1787
1166	1878
1166	1786
1166	1821
1166	1763
1166	1615
1166	1643
1166	1731
1166	1838
1166	1752
1166	1703
1166	1726
1166	1668
1166	1667
1166	1762
1166	1704
1166	1733
1166	1714
1166	1687
1166	1485
1166	1670
1166	1717
1166	1705
1166	1771
1166	1836
1166	1879
1166	1776
1166	1759
1166	1632
1166	1875
1166	1870
1166	1711
1166	1621
1166	1645
1166	1665
1166	1679

melhor e media
1423	3059
1344	2051
1267	1972
1267	1892
1267	1806
1255	1889
1255	1798
1255	1850
1255	1870
1237	1942
1237	1844
1237	1909
1237	1795
1237	1751
1237	1790
1237	1736
1237	1789
1237	1731
1236	1614
1236	1757
1236	1752
1236	1918
1236	1913
1236	2164
1222	2137
1222	2147
1222	2170
1222	2204
1222	2248
1222	2370
1222	2352
1222	2349
1222	2515
1222	2391
1222	2237
1222	2219
1222	2509
1222	2441
1222	2319
1212	2334
1212	2277
1212	2326
1212	2369
1212	2479
1212	2078
1212	2377
1212	2308
1212	2395
1212	2372
1212	2249
1212	2158
1212	2141
1212	2504
1212	2305
1212	2237
1212	2325
1212	2352
1212	2279
1212	2500
1212	2459
1212	2262
1212	2526
1212	2373
1212	2289
1212	2340
1212	2106
1212	2248
1212	2226
1212	2247
1212	2307
1212	2293
1212	2395
1212	2658
1212	2337
1212	2316
1212	2093
1212	2223
1212	2059
1212	2271
1212	2295
1212	2307
1212	2287
1212	2216
1212	2177
1212	2312
1212	2176
1212	2426
1212	2257
1212	2178
1212	2174
1212	2230
1212	2245
1212	2145
1212	2165
1212	2395
1212	2322
1212	2472
1212	2308
1212	2358
1212	2227

melhor e media
1360	2922
1319	2208
1319	2217
1319	2122
1319	2006
1319	1990
1319	2016
1319	2354
1319	2034
1314	2246
1272	2270
1272	2028
1261	2032
1212	2059
1212	2083
1203	2549
1203	2336
1193	1954
1193	1995
1193	2226
1193	2025
1193	2234
1193	2050
1193	2012
1193	1959
1193	2108
1193	2219
1193	2034
1193	1868
1193	1964
1193	2021
1193	1991
1193	2029
1193	2114
1193	2094
1193	2094
1193	2144
1193	2172
1193	2265
1193	2075
1193	2059
1193	2141
1193	1931
1193	1987
1193	2013
1193	2137
1193	2012
1193	1988
1193	2228
1193	2127
1193	2016
1193	1929
1193	2100
1193	1967
1193	2063
1193	2134
1193	2304
1193	2071
1193	2098
1193	2182
1193	2013
1193	2085
1193	2124
1193	2042
1193	2150
1193	2120
1193	2059
1193	2005
1193	2030
1193	1928
1193	1824
1193	1871
1193	2028
1193	2177
1193	2160
1193	2061
1193	2056
1193	1887
1193	2034
1193	2168
1193	2181
1193	2001
1193	2060
1193	2014
1193	2061
1193	1975
1193	2180
1193	2164
1193	2107
1193	1954
1193	1957
1193	1918
1193	1880
1193	2040
1193	1995
1193	2116
1193	2209
1193	2032
1193	2065
1193	2036

melhor e media
1352	2631
1328	2336
1328	1914
1211	1698
1211	1822
1206	1775
1206	1813
1206	1825
1206	1791
1206	1792
1206	1838
1206	1746
1206	1782
1206	1679
1206	1835
1206	1718
1206	1765
1206	1875
1206	1707
1206	1792
1206	1680
1206	1908
1206	1718
1206	1903
1206	1791
1206	1843
1206	1798
1206	1723
1206	1765
1202	1680
1202	1665
1202	1807
1202	1819
1202	1793
1202	1855
1202	1829
1202	2125
1202	2011
1202	2030
1202	1787
1202	1773
1202	2019
1202	1852
1202	1897
1202	1826
1202	1782
1202	1728
1202	1741
1202	1764
1202	1886
1202	1825
1202	1936
1202	1929
1202	1669
1202	1892
1202	2001
1202	2125
1202	1816
1202	1953
1202	1919
1202	1756
1202	1955
1201	2046
1199	1966
1199	1873
1198	1988
1197	2184
1197	2055
1197	2153
1197	2079
1197	2099
1197	2058
1197	2230
1197	2262
1197	2237
1197	2096
1197	2141
1197	1964
1197	2238
1197	1960
1197	1830
1197	1990
1197	2009
1197	1883
1197	1959
1197	2322
1197	1994
1197	2166
1197	2045
1197	2241
1197	2204
1197	2136
1197	2006
1197	1991
1197	2058
1197	2246
1197	2171
1197	2009
1197	2279
1197	2199

melhor e media
1279	2637
1266	1863
1223	1744
1223	1760
1207	1730
1206	1628
1206	1663
1206	1728
1206	1787
1206	1720
1206	1809
1206	1644
1206	1778
1206	1756
1206	1716
1205	1979
1205	2064
1205	2112
1205	2027
1205	1929
1205	2048
1205	1934
1205	1914
1205	1849
1205	1682
1205	1710
1205	2002
1205	1906
1205	2028
1205	1951
1205	1999
1205	1970
1205	1876
1205	1842
1205	1825
1205	1877
1205	1963
1205	1972
1205	1920
1205	1911
1205	1919
1204	2018
1204	2051
1204	2008
1204	2027
1204	2135
1204	2149
1204	2186
1195	2146
1195	2307
1195	2304
1195	2421
1195	2082
1195	2078
1195	2256
1195	1994
1195	1921
1195	2151
1195	2202
1195	2198
1195	2114
1195	1862
1195	2210
1195	1995
1195	2065
1195	2125
1195	2292
1195	2167
1195	2167
1195	2118
1195	2057
1195	1950
1195	2107
1195	2231
1193	1952
1193	2018
1193	1829
1193	2085
1193	2030
1193	1875
1193	1964
1193	1988
1193	1994
1193	1843
1193	1975
1193	1919
1193	1838
1192	1702
1192	2059
1192	2095
1192	2287
1192	1917
1192	2258
1192	1935
1192	2127
1192	2228
1192	2207
1192	2153
1192	2175
1192	2006

