melhor e media

2939	5448
2885	3755
2876	3736
2854	3796
2805	3518
2805	4128
2805	3762
2805	3760
2805	3673
2805	3666
2805	3659
2590	3805
2590	3869
2543	4212
2448	4433
2448	4620
2404	4165
2027	4262
2021	4882
1921	4168
1921	5237
1921	4524
1921	5067
1921	4645
1921	5280
1921	5508
1921	5269
1921	5166
1921	5018
1921	4813
1921	5051
1921	5519
1921	4724
1921	5619
1921	4818
1921	5184
1921	5423
1921	5553
1921	5326
1921	4694
1921	5938
1921	4898
1921	5628
1921	5686
1921	4658
1921	5038
1921	5322
1921	5549
1921	4841
1921	4254
1921	4321
1921	4944
1921	5292
1921	4699
1921	5495
1921	5489
1921	4881
1921	5274
1921	4917
1921	4777
1921	4906
1921	4083
1921	4925
1921	4849
1921	5206
1921	4976
1921	5416
1921	6344
1921	5651
1921	5963
1921	5117
1921	5079
1921	4865
1921	4596
1921	4930
1921	5352
1921	5257
1921	4661
1921	5129
1921	4768
1921	4853
1921	5489
1921	5346
1921	5318
1921	5152
1921	3984
1921	5429
1921	5323
1921	4963
1921	4971
1921	5391
1921	4745
1921	5010
1921	4449
1921	5129
1921	4535
1921	4952
1921	5748
1921	5927
1921	5647

melhor e media

2173	4993
2173	5974
2121	6541
2121	4812
2121	4045
2056	4356
2056	4539
2047	5694
2047	5781
2047	6339
2047	6336
2047	5524
2037	5377
2037	4889
2037	4753
2037	4920
2037	5151
2037	5064
2037	5336
2035	5084
2035	5380
2035	5282
2035	5679
2034	5917
2034	4958
2034	6080
2034	5275
2031	5235
2031	5219
2031	6044
2031	5540
2031	5036
2031	5250
2028	5536
2028	6046
2028	5701
2026	5487
2024	5480
2024	4865
2024	4702
2024	5070
2021	5605
2021	5134
2021	5706
2021	6727
2021	5770
2021	4794
2021	5938
2002	6356
2002	5324
2002	4758
2002	4931
2002	6097
1955	5313
1955	5172
1940	4405
1940	6060
1940	7140
1940	6561
1940	6711
1940	6900
1940	7051
1940	6776
1940	6979
1940	6000
1940	6323
1940	5937
1940	6384
1940	7708
1940	7807
1940	6881
1940	6684
1940	7262
1940	6602
1940	7114
1940	7416
1940	6389
1940	6370
1940	6517
1940	6709
1940	7432
1940	7592
1940	7585
1940	6367
1940	6654
1940	6432
1940	6738
1940	6404
1940	6643
1940	6473
1940	6554
1940	6726
1940	6842
1940	7358
1940	7161
1940	7464
1940	7172
1940	6926
1940	6317
1940	6681

melhor e media

2035	5428
2035	5155
2035	5768
2023	6167
2021	5107
2021	5250
2021	5048
2021	5652
2021	5968
2021	5951
2013	5243
2013	5582
2013	6131
2013	6242
2013	4997
2013	4689
2013	6100
2013	5812
2013	6081
2013	6175
2013	5955
2013	5473
2013	5581
2013	5179
2013	6008
2013	6761
2013	5576
2013	5258
2013	5253
2013	5392
2013	5279
2013	5803
2013	5460
2013	5535
2013	5977
2013	6114
2013	6535
2013	7118
2013	6434
2013	5348
2013	6335
2013	5817
2013	5444
2013	5896
2013	5777
2013	6285
2013	5630
2013	6043
2013	6192
2013	5327
2013	5321
2013	5918
2013	5621
2013	5796
2013	4792
2013	5790
2013	5117
2013	4888
2013	6203
2013	5583
2013	5893
2013	5628
2013	4610
2013	5371
2013	5888
2013	5382
2013	5492
2013	6696
2013	5650
2013	6612
2013	5792
2013	5312
2013	6327
2013	6112
2013	5607
2013	5039
2013	5298
2013	5070
2013	6180
2013	5698
2013	5681
2013	5407
2013	5258
2013	5552
2013	5680
2013	5147
2013	4788
2013	4738
2013	5554
2013	5281
2013	5557
2013	5956
2013	5591
2013	6243
2013	5855
2013	6261
2013	5598
2013	5601
2013	5373
2013	6086

melhor e media

2980	5546
2685	4074
2685	3851
2685	4550
2685	5567
2685	6168
2685	6347
2685	6112
2685	6161
2323	6115
1994	6563
1943	6614
1943	6078
1943	5067
1943	6112
1943	5000
1943	4904
1943	4789
1943	4671
1943	5221
1943	6302
1943	5494
1943	5863
1943	5433
1943	5991
1943	5351
1943	5368
1943	5351
1943	5272
1943	5741
1943	5754
1943	5069
1943	5571
1943	5296
1943	5011
1943	5155
1943	5655
1943	4915
1943	5812
1943	5327
1940	5040
1940	5096
1940	5160
1940	6015
1940	6418
1940	5178
1940	5072
1940	5346
1940	6251
1940	5571
1940	6382
1940	5681
1940	5799
1940	5573
1940	6468
1940	5546
1940	5780
1940	5775
1940	5429
1940	5822
1940	5254
1940	5116
1940	6066
1940	6092
1940	5331
1940	5702
1940	4543
1940	5509
1940	5798
1940	6654
1940	6063
1940	6063
1940	6356
1940	6147
1940	6265
1940	6020
1940	5227
1940	5031
1940	5782
1940	5072
1940	5642
1940	4788
1940	4918
1940	5644
1940	5492
1940	6331
1940	5473
1940	5583
1940	5352
1939	5222
1939	5050
1939	5679
1939	5341
1939	6224
1939	6034
1939	6429
1939	6907
1939	6263
1939	6160
1939	5384

melhor e media

2904	5898
2904	3966
2806	3714
2806	3373
2780	3403
2780	3478
2780	3802
2780	3541
2780	3403
2780	3450
2780	3449
2780	3501
2780	3533
2780	3526
2780	3436
2780	3339
2780	3464
2769	3442
2769	3841
2769	3729
2769	3923
2769	4132
2769	4452
2748	3930
2748	3981
2748	4135
2748	3984
2748	3486
2748	3896
2748	4112
2748	4456
2748	4206
2748	4179
2748	4068
2748	3859
2748	3927
2748	4114
2748	3914
2748	3916
2748	3502
2748	3864
2748	3884
2748	3837
2748	3778
2748	3819
2748	4045
2748	4107
2748	3915
2748	3976
2748	3852
2748	3902
2748	3888
2748	3739
2748	4092
2748	3967
2748	4010
2748	3995
2748	3917
2748	4284
2748	3893
2748	4020
2748	3852
2748	3757
2748	4191
2197	3929
2197	5014
2021	5897
2021	4780
2021	5028
2021	5559
2021	5746
2021	5523
2021	6265
2021	6553
2021	6712
2021	5991
2021	5451
2021	6120
2021	5612
2021	6094
2021	5296
2021	6018
2021	5665
2021	5958
2021	6095
2021	5860
2021	5263
2021	5462
2021	5353
2021	5818
2021	5560
2021	5275
2021	6232
2021	4797
2021	5270
2021	5921
2021	5934
2021	5670
2021	6031
2021	5164

melhor e media

2120	5644
2047	4642
2041	5256
2031	5355
2031	5040
2031	5636
2028	5261
2028	5915
2028	5554
2028	5146
2028	5163
2028	5767
2028	4937
2028	5466
2028	5907
2028	6379
2028	6537
2028	6107
2027	5349
2027	4979
2027	5212
2027	5278
2027	5590
2027	6151
2027	6457
2027	6475
2027	6026
2027	5591
2027	5176
2027	5491
2027	5121
2027	5861
2027	5783
2021	5623
2021	5466
2021	5422
2021	5503
2021	6032
2021	6244
2013	5622
2013	5265
2013	6363
2013	6078
2013	6336
2013	6114
2013	5647
2013	5445
2013	6276
2013	5564
2013	5936
2013	6354
2013	5531
2013	5832
2013	4947
2013	5458
2013	5905
2013	5233
2013	5924
2013	5029
2013	6029
2013	5568
2013	5236
2013	5722
2013	5710
2013	5291
2013	5463
2013	5301
2013	5361
2013	6123
2013	5622
2013	5658
2013	5597
2013	5298
2013	5299
2013	5691
2013	6205
2013	5954
2013	5867
2013	5842
2013	5709
2013	5775
2013	6583
2013	5319
2013	5516
2013	4968
2013	5713
2013	5911
2013	5915
2013	5514
2013	6128
2013	6283
2013	5146
2013	5993
2013	5081
2013	5575
2013	6042
2013	5190
2013	5885
2013	5322
2013	5099

melhor e media

2024	4781
2024	4249
2024	5653
2021	5027
2021	5128
2021	5196
2021	6077
2021	6827
2021	5257
2021	4938
2021	5865
2021	5279
2021	5293
2021	4843
2003	5979
2003	5469
2003	4956
2003	5140
2003	5416
2003	5725
2002	5589
2002	5082
2002	4953
2002	5009
1965	5156
1965	4201
1964	4504
1964	4221
1964	5222
1964	5299
1940	5681
1940	6206
1940	6976
1940	7184
1940	7268
1940	6990
1940	7025
1940	7324
1940	7296
1940	7719
1940	8018
1940	7222
1940	7723
1940	7421
1940	7299
1940	7486
1940	7401
1940	6746
1940	6165
1940	7363
1940	6754
1940	7500
1940	6858
1940	6658
1940	8017
1940	6648
1940	7077
1940	6684
1940	6764
1940	6713
1940	6431
1940	7016
1940	6874
1940	7245
1940	6950
1940	6763
1940	6835
1940	7110
1940	6799
1940	6802
1940	6581
1940	7373
1940	7300
1940	6580
1940	7608
1940	7161
1940	6641
1940	7269
1940	7765
1940	6971
1940	6370
1940	7169
1940	7492
1940	7522
1940	7705
1940	7359
1940	6225
1940	6652
1940	7774
1940	7210
1940	7739
1940	7497
1940	8133
1940	7087
1940	6514
1940	5731
1940	7023
1940	7186
1940	7059
1940	6855

melhor e media

2228	4954
2203	4112
2162	4823
2045	4975
2045	4948
2040	4805
2040	5888
2040	5496
2039	5976
2039	5749
2037	5133
2036	5320
2028	5347
2028	5583
2028	5496
2028	5246
2028	6046
2028	6285
2028	5610
1978	4983
1978	4747
1978	5101
1978	4568
1960	4430
1960	5401
1960	7242
1960	6536
1960	6874
1960	7419
1960	6757
1940	6559
1940	6789
1940	6812
1895	7190
1895	7145
1895	6644
1895	6432
1895	6218
1895	6149
1895	6375
1895	6076
1895	6898
1895	6274
1895	5762
1895	5937
1895	5766
1895	6187
1895	6011
1895	6340
1895	5652
1895	6185
1895	6708
1895	6725
1895	6478
1895	6227
1895	6399
1895	6146
1895	5806
1895	7124
1895	6272
1895	6538
1895	6935
1895	7229
1895	7179
1895	7409
1895	6701
1895	6352
1895	6458
1895	5989
1895	5933
1895	6242
1895	6180
1895	6166
1895	5651
1895	6215
1895	6493
1895	6136
1895	6680
1895	6257
1895	5925
1895	7757
1895	7081
1895	6399
1895	6435
1895	6286
1895	6883
1895	7143
1895	7325
1895	7222
1895	6531
1895	6802
1886	6781
1886	7287
1886	6808
1886	6610
1886	6123
1886	6100
1886	7145
1886	6455
1886	6205

melhor e media

2978	5235
2945	3522
2870	3242
2843	3567
2841	3549
2841	3378
2800	3454
2800	3580
2800	4088
2744	3876
2744	4682
2744	4975
2717	4238
2405	4198
2251	3678
2146	4108
2114	4002
2024	4085
2024	4396
2024	5104
2024	5404
2024	6143
2024	5864
2024	5837
2024	5948
2024	5465
2024	5904
2024	5899
1974	5005
1974	5127
1974	5750
1974	5284
1974	5631
1974	5086
1939	5141
1939	5631
1939	5961
1939	5679
1939	4846
1939	5387
1939	5713
1939	4856
1939	4976
1939	5402
1939	6098
1939	6182
1939	5247
1939	5224
1939	5023
1939	4587
1939	5164
1939	5610
1939	5138
1939	5608
1939	5551
1939	4677
1939	5029
1939	5336
1939	5527
1939	4944
1939	4537
1939	5049
1939	5579
1939	5785
1939	6215
1939	5330
1939	5112
1939	5180
1939	5457
1939	5010
1939	5861
1939	5961
1939	4965
1939	5540
1939	5930
1939	5467
1939	4406
1939	4992
1939	5627
1939	4959
1939	5607
1939	6106
1939	5579
1939	4805
1939	5493
1939	5229
1939	5000
1939	5923
1939	6107
1939	5388
1939	4680
1939	4710
1939	5279
1939	4990
1939	5270
1939	5486
1939	5058
1939	5460
1939	4676
1939	5267

melhor e media

2135	5503
2097	5431
2013	6003
1974	5236
1974	5112
1974	4386
1974	4531
1974	3751
1974	4062
1974	4282
1974	4721
1974	4674
1974	4345
1974	5088
1974	4651
1953	5080
1953	4867
1953	4482
1953	5130
1953	4992
1953	4788
1953	5123
1953	5194
1953	4701
1953	4864
1953	4592
1953	4331
1941	4417
1941	5112
1941	5445
1940	5943
1940	6453
1940	6678
1940	5760
1940	5791
1940	6154
1940	6278
1940	6186
1940	6317
1940	6630
1940	6339
1940	6556
1940	6144
1940	6776
1899	6950
1899	6417
1899	6409
1899	7137
1899	6749
1899	6132
1899	6399
1899	6113
1899	6631
1899	5577
1899	5525
1899	6142
1899	6003
1899	6460
1899	5945
1899	6379
1899	5923
1899	5844
1899	6041
1899	6859
1899	6071
1899	6384
1899	4959
1899	6025
1899	5188
1899	6463
1899	6408
1899	5590
1899	6631
1899	6352
1899	6999
1899	6636
1895	5442
1895	6426
1895	6426
1895	6131
1895	6601
1895	5894
1895	5156
1895	6374
1895	6356
1895	5212
1895	5700
1895	6918
1895	6821
1895	6422
1895	7070
1895	5681
1895	5704
1895	6228
1895	5642
1895	5643
1895	6424
1895	6424
1895	7025
1895	6653

melhor e media

2054	5121
2029	4975
2029	5664
2029	6734
2029	5858
2028	5621
2028	5381
2028	5188
2027	6082
2024	5862
2024	5816
2024	5492
2021	5313
2021	5191
2021	5085
2021	5697
2021	5683
2021	4659
2021	5168
2021	6013
2021	4851
2021	5906
2021	5939
2021	6052
2021	5802
2021	5324
2021	5333
2021	5883
2021	6173
2021	6083
2021	6152
2021	5331
2021	5779
2021	5340
2021	5281
2021	5785
2021	5270
2021	5154
2021	5502
2021	5888
2021	5310
2021	5099
2021	6008
2021	6231
2021	5707
2021	5836
2021	5513
2021	5500
2021	5816
2021	6776
2021	5332
2021	5684
2021	6346
2021	5932
2021	6051
2021	5235
2021	6549
2021	5960
2021	5521
2013	5356
2013	6433
2013	5966
2013	5003
2013	5664
2013	5601
2013	6453
2013	6898
2013	5431
2013	6648
2013	5651
2013	5801
2013	5436
2013	5632
2013	5751
2013	6107
2013	5504
1995	5450
1995	5277
1970	4354
1970	5441
1970	5165
1970	4694
1970	5053
1970	5975
1970	5196
1970	4993
1970	4817
1970	5049
1970	4929
1970	4654
1970	6245
1970	5458
1970	4919
1970	5312
1970	5098
1970	5076
1970	5053
1970	4540
1970	5499
1970	4580

melhor e media

2892	5103
2191	5245
1995	5493
1995	5022
1995	5186
1995	3959
1995	5242
1995	4187
1995	4186
1995	5028
1995	4861
1995	5187
1995	4568
1995	5123
1995	4873
1995	4587
1995	5167
1941	5269
1941	5120
1941	4295
1941	4903
1941	4757
1941	5577
1941	5653
1941	5834
1941	5564
1941	5351
1941	5360
1941	4500
1941	4514
1941	4401
1941	4335
1941	4438
1941	4741
1941	5232
1941	4797
1941	5069
1941	5156
1941	5560
1941	5115
1941	5486
1941	4843
1941	4849
1941	4992
1941	4920
1941	4857
1941	4164
1941	4395
1941	5331
1941	5173
1941	6080
1941	5116
1941	4970
1941	4630
1941	4286
1941	4792
1941	4341
1941	4534
1941	4554
1941	5631
1941	5642
1941	5375
1941	5101
1941	5262
1941	5359
1941	5050
1941	5656
1941	5309
1941	4843
1941	4522
1941	5185
1921	5590
1921	5915
1921	5522
1921	5618
1921	5121
1921	5226
1921	4893
1921	5487
1921	4151
1921	5250
1921	5365
1921	5666
1921	5171
1921	4979
1921	5751
1921	5013
1921	5604
1921	4943
1921	5320
1921	5196
1921	4631
1921	4403
1921	4382
1921	4491
1921	4735
1921	5251
1921	4851
1921	5053
1921	5279

melhor e media

2884	4694
2884	4107
2758	3523
2758	3946
2758	3567
2758	3491
2693	3435
2693	3897
2693	4189
2693	3617
2693	3465
2693	3804
2693	3926
2693	3845
2693	3646
2693	3814
2693	3674
2693	3541
2693	3725
2693	3611
2693	3771
2693	3553
2693	3690
2693	3763
2693	4073
2693	3847
2693	3814
2693	3583
2693	3460
2693	3619
2693	3678
2693	3503
2693	4000
2693	3550
2693	3938
2693	3657
2693	3705
2693	3698
2693	3870
2693	3494
2693	3384
2680	3577
2680	4225
2366	4266
2366	3950
2149	3891
2149	4066
2125	3945
2125	3925
2119	4232
2035	4648
2035	4530
2035	5650
2035	5129
2035	5455
2035	5176
2030	5377
2030	5279
2030	5484
2030	4428
2030	5886
2030	6000
2030	5593
2030	5442
2027	5683
2027	5701
1996	5748
1996	5050
1996	5660
1996	5767
1994	5539
1994	5357
1994	5677
1994	4614
1994	4786
1994	4541
1994	5234
1994	4946
1994	4683
1994	5290
1994	4870
1945	5099
1945	5197
1945	5761
1945	6615
1945	5996
1945	6439
1945	5703
1945	5560
1945	6025
1945	5702
1945	5894
1945	5175
1945	5494
1945	5678
1945	5008
1945	5133
1945	5777
1945	5536
1945	6009

melhor e media

3007	4999
2944	3297
2848	3538
2838	3904
2825	4029
2561	4052
2561	5498
2561	7126
2561	7312
2033	7432
2033	7444
2030	6781
2030	6427
2028	5860
2028	6112
2024	6369
2024	7002
2021	6153
2021	6482
2021	5609
2021	5805
2021	5956
2021	5916
2021	5795
2021	6503
2021	6796
2021	6266
2021	7020
2021	6630
2021	6220
2021	6517
2021	5955
2021	5796
2021	5836
2021	5587
2021	6406
2021	6189
2021	5600
2021	5691
2021	4977
2021	5476
2021	4906
2021	5311
2021	6204
2021	6027
2021	6195
2021	6339
2021	6149
2021	6355
2021	6119
2021	5384
2021	5895
2021	6413
2021	6281
2021	6312
2021	5742
2021	6235
2013	6367
2013	6729
2013	6232
2013	5624
2013	6010
2013	6584
2013	5557
2013	5538
2013	5688
2013	6418
2013	5786
2013	6009
2013	5923
2013	6229
2013	6370
2013	5752
2013	6418
2013	6969
2013	6149
2013	5288
2013	5090
2013	5275
2013	5232
2013	5223
2013	5711
2013	5801
2013	5685
1947	5673
1947	5984
1947	5491
1947	5635
1947	5240
1947	5185
1947	5270
1947	5415
1947	5327
1947	5590
1947	5947
1947	5016
1947	5325
1947	5385
1947	4761
1947	4981

melhor e media

2842	4952
2842	4560
2842	5409
2206	5354
2103	5073
2061	5314
2061	6272
2061	6240
2061	6143
2061	6499
2061	6616
2032	5579
2032	5770
2030	5852
2030	6096
2030	5870
2030	6013
2028	6494
2028	6924
2026	6095
2026	5497
2021	5020
2021	5578
2021	5574
2021	5314
2021	6014
2021	6009
2021	5726
2021	5468
2021	5709
2021	5515
2021	5668
2021	5920
2021	6627
2021	6030
2021	5816
2021	5389
2021	5799
2021	5902
2021	5968
2021	5678
2021	5918
2021	6170
2021	5847
2021	5539
2021	5158
2013	4955
2013	6031
2013	6243
2013	6141
2013	5884
2013	5942
2013	5859
2013	5943
2013	6450
2013	5496
2013	5295
2013	5219
2013	5392
2013	5463
2013	5572
2013	5011
2013	5926
2013	5565
2013	5454
2013	5485
2013	6240
2013	5501
2013	5190
2013	5243
2013	5161
2013	6012
2013	6425
2013	6280
2013	5431
2013	4977
2013	5569
2013	5476
2013	5508
2013	5493
2013	6290
2013	6451
2013	5928
2013	5349
2013	6031
2013	5155
2013	5128
2013	5521
2013	5058
2013	6084
2013	6043
2013	5601
2013	5289
2013	5718
2013	5841
2013	5921
2013	5684
2013	5327
2013	5311
2013	5247

melhor e media

2717	4672
2695	4668
2252	5162
2208	4816
2208	3729
2158	4334
2036	4781
2036	4915
2036	5302
2035	5394
2035	5046
2034	5943
2034	6115
2034	5529
2033	5305
2033	5212
2033	5574
2033	5959
2033	5046
2033	5704
2033	6034
2024	5813
2024	5318
2024	5253
2024	5724
2021	5819
2021	5505
2021	5298
2021	5428
2021	6271
2021	5895
2021	5076
2021	4882
2021	5564
2021	5313
2021	5118
2021	5926
2021	5427
2021	6253
2021	7116
2021	5979
2021	6067
2021	6553
2021	6252
2021	5954
2021	6063
2021	6259
2021	5603
1940	5529
1940	6734
1940	6190
1940	6546
1940	5954
1940	6607
1940	7352
1940	7374
1940	6705
1940	6810
1940	6939
1940	7086
1940	6665
1940	6836
1940	7586
1940	7316
1940	7747
1940	7288
1940	7165
1940	7456
1940	7305
1940	7098
1940	7034
1940	6646
1940	6916
1940	7321
1940	6649
1940	6602
1940	7251
1940	7114
1940	6832
1940	7239
1940	6979
1940	6722
1940	6934
1940	6767
1940	6918
1940	6874
1940	7151
1940	7275
1940	7507
1940	7387
1940	7594
1940	7408
1940	8049
1940	7881
1940	7498
1940	7749
1940	7345
1940	6633
1940	6749
1940	6724

melhor e media

2967	5629
2919	3670
2919	3559
2545	2859
2545	3395
2545	3507
2545	3357
2545	3677
2545	3343
2545	3579
2545	3586
2545	3563
2545	3339
2545	3692
2545	3539
2545	3451
2545	3707
2545	3852
2545	3364
2545	3725
2545	3584
2545	3525
2545	3487
2545	3330
2545	3548
2545	3642
2545	3304
2545	3420
2545	3531
2545	3512
2545	3385
2545	3545
2545	3438
2545	3479
2545	3465
2545	3679
2545	3361
2545	3330
2545	3632
2545	3436
2545	3526
2545	3498
2545	3414
2545	3418
2545	3787
2545	3419
2545	3715
2545	3311
2545	3364
2545	3669
2545	3370
2545	3532
2545	3485
2545	3556
2545	3435
2545	3571
2545	3431
2545	3460
2545	3640
2545	3628
2545	3501
2545	3438
2545	3304
2545	3284
2545	3758
2545	3366
2545	3534
2545	3639
2545	3285
2545	3472
2545	3399
2545	3436
2545	3603
2545	3425
2545	3554
2545	3409
2545	3751
2545	3700
2545	3669
2545	3290
2545	3521
2545	3412
2545	3430
2545	3463
2545	3583
2545	3587
2545	3607
2545	3599
2545	3551
2545	3464
2545	3633
2545	3670
2545	3534
2545	3663
2545	3605
2545	3570
2545	3447
2545	3733
2545	3297
2545	3389

melhor e media

2262	5650
2191	4822
2032	5108
2032	5731
2030	4191
2030	4910
2030	5846
2030	5486
2030	5505
2030	6045
2021	5929
2021	5538
2021	6407
2021	6516
2021	5936
1978	5697
1978	4540
1978	4450
1964	4449
1940	4519
1940	6205
1940	6069
1940	7096
1940	7325
1940	7868
1938	7205
1938	8305
1938	7563
1938	7327
1938	6463
1938	6790
1938	7179
1938	8572
1938	7385
1938	7704
1938	7547
1931	7545
1931	7400
1931	6993
1931	6624
1931	7580
1931	6955
1931	7527
1931	6631
1931	6267
1931	6639
1931	6756
1931	6269
1931	6346
1931	5747
1931	6956
1931	6187
1931	7227
1931	7774
1931	6847
1931	7218
1931	6996
1926	7326
1926	6942
1926	6900
1926	7200
1926	6911
1926	6860
1926	6312
1926	6678
1926	6844
1926	7181
1926	7343
1926	7176
1926	6679
1926	6477
1926	5829
1926	6064
1926	6316
1926	6852
1926	6729
1926	6394
1926	7132
1926	6618
1926	6733
1926	6642
1926	6895
1901	7339
1896	7143
1896	7169
1896	7423
1896	6957
1896	6906
1896	6441
1896	7540
1896	6642
1896	6858
1896	6295
1896	6510
1896	6599
1896	7158
1896	6574
1896	6839
1896	6734
1896	6552

melhor e media

2028	5301
2028	5159
2028	5740
2028	5303
2021	5316
2021	5874
2021	5356
2021	5770
2021	6229
2021	5951
2021	5851
2021	6159
2021	4966
2021	6076
2021	6096
2021	5049
2021	5208
2021	5339
2021	6059
2021	5498
2021	6570
2021	5755
2021	5588
2021	5472
2021	5777
2021	5703
2021	5605
2021	5426
2021	5955
2013	5683
2013	5654
2013	5733
2013	5218
2013	5349
2013	6029
2013	5923
2013	5895
1977	5772
1977	5306
1965	5006
1965	4516
1965	4974
1965	3992
1964	4444
1940	4867
1940	7127
1940	6475
1940	7281
1940	7194
1940	7345
1940	6214
1940	6685
1940	7091
1940	6495
1940	7105
1940	7739
1940	6821
1940	7345
1940	6411
1940	5830
1940	7349
1940	6895
1940	6572
1940	7636
1940	7297
1940	6859
1940	7163
1940	6719
1940	6695
1938	6605
1938	6382
1938	6132
1938	6230
1938	7045
1938	6560
1925	6678
1925	6825
1925	6550
1925	6016
1925	6326
1911	6039
1911	5924
1911	6022
1911	6407
1911	6681
1911	6729
1911	6568
1911	6847
1911	7097
1911	6597
1911	6664
1911	5953
1911	5950
1911	6619
1911	6756
1911	5811
1911	5866
1911	5907
1911	6587
1911	6275

melhor e media

2276	5387
2170	4911
2053	5602
2052	4272
2052	4780
2052	5963
2052	5944
2052	6369
2052	6678
2052	6505
2052	6216
2051	5915
2051	6114
2026	5306
2026	5728
2026	5699
2026	5911
2024	6087
2024	5825
2024	6523
2024	6145
2024	6128
2024	5846
2021	6204
2021	5478
2021	6166
2021	5900
2021	5602
2021	6065
2021	6285
2021	5964
2021	5466
2021	6083
1958	5375
1958	5400
1958	5091
1939	5784
1939	5422
1939	4859
1939	5351
1939	6198
1939	5424
1939	6860
1939	6472
1939	5888
1939	6003
1939	5566
1939	5677
1939	5520
1939	5071
1939	5178
1939	6027
1939	6379
1939	5366
1939	5726
1939	6208
1939	6075
1939	5264
1939	5794
1939	5378
1939	5501
1939	4693
1939	5414
1939	4761
1939	5929
1939	5555
1939	5186
1939	5792
1939	5408
1939	5778
1939	5294
1939	5474
1939	5778
1939	5816
1939	6483
1939	5183
1939	6439
1939	5745
1939	5957
1939	6244
1939	6196
1939	5632
1939	5018
1939	5393
1939	6607
1939	5338
1939	5205
1939	5322
1939	6004
1939	5806
1939	5753
1939	6284
1939	5423
1939	5389
1939	6578
1939	5839
1939	5458
1939	5971
1939	6564
1939	6436

melhor e media

2822	5407
2732	4183
2628	4399
2531	3745
2148	3539
2148	3690
2148	4222
2148	3956
2148	3897
2117	4140
2117	3541
2117	3467
2117	3809
2036	3975
2036	5226
2036	4781
2036	5510
2036	5998
2036	5604
2036	5647
2036	6177
2036	6254
2036	5830
2036	5736
2036	5287
2034	5444
2034	7256
2034	6245
2034	7248
2034	6661
2034	6238
2034	6563
2032	6428
2032	6106
2032	5635
2032	6133
2032	6145
2029	5675
2029	6178
2029	6024
2029	6338
2029	6496
2027	6227
2027	5546
2027	5259
2024	5777
2024	5339
2024	5949
2024	5393
2024	5431
2021	5016
2021	5607
2021	5928
2003	5782
1957	4711
1957	5207
1957	6451
1957	6398
1957	4992
1957	4835
1957	5063
1957	5401
1957	5179
1957	5597
1957	5112
1957	5533
1957	5414
1957	5682
1957	5691
1957	5283
1957	5059
1957	5977
1957	5143
1957	4825
1957	5329
1957	4326
1957	4933
1957	5462
1957	4913
1957	5310
1957	5101
1957	5327
1957	6245
1957	5685
1957	5810
1957	5226
1953	5415
1911	5404
1911	5524
1911	4411
1911	5460
1911	4729
1911	5273
1911	5510
1911	5400
1911	5004
1911	5530
1911	5650
1911	5409
1911	5855

melhor e media

3007	5766
2966	3610
2884	3640
2884	3879
2805	4166
2805	4378
2805	4242
2805	3964
2805	4166
2805	4312
2805	3979
2805	4236
2805	4301
2805	4079
2805	4122
2762	4160
2762	4586
2694	4312
2658	4571
2060	4466
2034	4686
2021	4295
2021	4665
2021	5195
2021	6153
2021	5407
2021	5277
2021	5796
2021	5752
1994	5558
1994	4849
1994	4927
1994	4274
1994	4566
1994	4310
1994	4614
1994	4467
1994	4954
1994	5260
1994	5007
1994	4867
1994	5717
1994	5093
1994	4832
1994	5199
1994	4722
1994	5539
1994	4558
1994	4657
1994	4765
1994	4389
1994	4723
1994	4768
1994	4482
1994	4448
1994	5246
1994	4905
1994	5274
1994	3649
1994	3902
1994	4570
1994	4740
1994	3982
1994	5204
1994	4494
1994	5104
1994	4093
1994	4822
1994	4759
1994	4935
1994	4283
1994	5435
1994	4997
1994	5728
1994	5306
1994	4966
1994	4729
1994	4261
1994	4802
1994	3968
1994	4709
1994	5092
1901	4757
1901	4356
1901	4527
1901	4679
1901	4698
1901	5414
1901	4275
1901	4567
1901	4551
1901	4931
1901	4694
1901	4519
1901	4248
1901	4340
1901	3847
1901	5036
1901	4510
1901	4445

melhor e media

2155	4882
2148	4807
2040	4567
2040	4064
2036	4958
2036	5053
2036	4969
2036	4907
2036	4272
2036	5384
2036	5591
2036	5712
2034	4780
2034	4797
2034	5667
2034	6043
2034	6472
2034	6030
2034	5500
2034	6231
2034	5637
2034	5655
2034	6384
1996	5333
1996	4721
1996	5172
1949	5316
1949	5851
1949	6018
1949	4053
1949	5135
1949	5578
1949	5103
1949	4498
1949	5684
1949	5093
1949	4579
1949	4491
1949	4541
1949	5760
1949	5592
1949	4789
1949	6059
1949	5156
1949	5085
1949	5000
1949	5618
1949	5802
1949	5374
1949	5190
1949	5300
1896	5371
1896	5003
1896	6362
1896	5148
1896	5128
1896	5505
1896	4773
1896	5623
1896	5065
1896	4773
1896	4805
1896	5303
1896	5926
1896	5857
1896	4648
1896	4869
1896	4815
1896	4653
1896	4791
1896	4680
1896	4999
1896	5130
1896	5483
1896	4940
1896	6073
1896	5537
1896	5067
1896	5599
1896	5324
1896	5424
1896	5583
1896	5623
1896	5127
1896	4716
1896	5799
1896	5964
1896	5711
1896	5750
1896	4958
1896	5090
1896	5003
1896	5041
1896	5619
1896	5526
1896	5210
1896	5776
1896	4978
1896	6117
1896	5383

melhor e media

2165	5065
2041	4790
2041	5951
2041	6623
2040	6195
2036	5885
2035	6036
2033	5166
2033	5396
2032	6310
2032	5961
2032	6457
2031	5752
2031	6655
2030	6640
2030	6215
2030	6125
2030	5467
2030	5157
2030	5844
2030	4646
2030	5473
2030	5339
2030	6164
2030	5924
2030	5439
2030	5758
2030	5543
2030	5321
2030	5471
2030	5751
2030	5835
2030	5617
2030	5526
2030	5615
2030	5652
2030	6182
2030	5981
2030	5757
2030	5446
2030	5346
2029	5993
2029	6052
2028	5832
2027	5773
2027	5859
2027	5474
2026	5407
2026	5719
2026	6041
2026	5501
2026	4860
2026	6388
2026	5419
2024	5274
2021	4984
2021	5848
2021	6403
2021	6384
2021	6431
2021	6470
2021	6560
2021	5831
2021	6459
2021	5230
2021	5253
2021	6082
2021	5385
2021	6006
2021	5550
2021	5599
2021	5101
2021	5738
2021	6211
2021	6281
2021	5328
2021	5778
2021	5708
2021	6059
2021	5851
2021	5644
2021	6343
2021	5375
2013	6591
2013	6152
2013	6341
2013	6277
2013	5275
2013	6006
2013	5482
2013	6036
2004	5907
2004	5267
2004	4772
2004	4551
1990	4259
1990	4527
1990	4504
1990	4316
1990	4870

melhor e media

2003	4775
2003	5470
2003	6220
2003	5220
2003	4918
2003	5762
2003	5548
2003	5432
2003	5331
2003	5040
2003	5490
2003	5369
2003	5695
2003	5616
2002	6133
2002	6286
2002	5231
2002	6303
2002	5984
2002	5519
2002	5191
1965	5688
1965	4846
1965	4242
1965	4289
1940	4011
1940	5499
1940	6601
1940	6280
1940	7032
1940	6536
1940	6867
1940	6765
1940	7102
1940	7325
1896	7615
1896	6821
1896	7137
1896	6410
1896	5579
1896	6829
1896	6359
1896	5881
1896	7008
1896	6612
1896	6588
1896	7145
1896	6979
1896	6508
1896	5212
1896	6522
1896	6698
1896	6156
1896	6762
1896	6859
1896	6377
1896	6496
1896	7091
1896	5782
1896	6106
1896	6269
1896	6426
1896	6522
1896	6784
1896	7411
1896	7113
1896	7625
1896	7065
1896	6781
1896	5306
1896	5784
1896	6429
1896	6178
1896	6169
1896	6053
1896	6378
1896	7538
1896	6504
1896	6153
1896	6244
1896	6965
1896	6240
1896	6968
1896	6359
1896	7051
1896	7116
1896	7104
1896	6664
1896	7116
1896	7126
1896	7849
1896	7723
1896	7122
1896	6415
1896	6565
1896	7025
1896	6848
1896	7474
1896	7338
1896	6604

melhor e media

2725	5199
2072	4484
2013	5353
2013	6372
2013	5527
2013	5677
2013	5918
2013	6745
2013	6371
2013	5815
2013	5671
2013	6337
2013	5444
2013	5754
2013	4899
2013	5316
2013	5809
2013	6133
2013	5673
2013	5238
2013	5616
2013	5971
2013	5468
2013	6449
2013	6626
2013	5259
2013	5822
2013	5437
2013	5741
2013	5448
2013	5684
2013	6168
2013	6148
2013	5671
2013	5457
2013	5356
2013	5804
2013	5343
2013	5564
2013	5236
2013	5624
2013	5835
2013	5207
2013	5363
2013	5606
2013	6690
2013	6460
2013	6664
2013	6044
2013	5272
2013	5708
2013	5920
2013	6207
2013	5461
2013	5835
2013	6366
2013	5807
2013	5637
2013	5677
2013	5948
2013	6312
2013	7144
2013	5870
2013	6113
2013	5636
2013	6084
2013	5580
2013	5615
2013	5247
2013	5382
2013	6042
2013	5650
2013	5200
2013	5726
2013	5742
2013	6107
2013	6232
2013	6184
2013	6339
2013	6074
2013	6151
2013	6339
2013	6102
2013	5959
2013	5542
2013	5853
2013	6353
2013	5638
2013	5857
2013	5983
2013	5912
2013	5793
2013	5846
2013	5684
2013	5978
2013	5752
2013	6133
2013	5496
2013	5583
2013	5774

melhor e media

2820	5047
2253	5757
2035	5015
2031	5328
2031	5549
2031	5591
2031	5117
2029	5687
2028	5744
2028	5747
2028	6474
2028	6218
2028	6522
2028	5931
2028	5200
2028	5550
2028	5699
1991	5603
1991	5708
1991	5760
1991	4952
1991	4529
1991	4415
1991	4870
1991	5046
1991	5385
1991	5018
1991	4812
1991	4779
1991	5479
1991	4995
1991	4560
1991	4953
1991	4071
1991	4611
1991	5077
1991	4902
1991	5446
1991	4930
1991	4485
1991	4570
1991	4047
1991	4438
1991	4876
1991	4386
1991	5130
1991	4183
1991	5028
1969	3914
1957	5018
1957	5488
1957	5364
1957	5233
1957	5519
1957	5612
1957	5377
1957	6135
1957	5252
1957	6530
1957	6138
1957	6067
1957	5662
1957	6173
1957	4975
1957	5631
1957	5650
1957	5735
1957	6331
1957	5689
1957	5768
1957	5998
1957	4937
1957	4893
1957	5259
1957	6906
1957	6003
1957	6125
1957	5176
1957	5531
1957	5630
1957	6432
1957	6509
1957	6187
1957	5550
1957	5239
1957	6332
1957	5678
1957	5453
1957	5712
1957	5374
1957	5098
1957	5066
1957	5547
1957	5548
1957	4578
1957	5104
1957	5670
1957	6152
1957	4993
1957	6082

melhor e media

2909	5418
2862	4196
2226	4049
2190	3570
2030	4405
2029	4262
2029	4886
2029	4947
2029	5531
2029	5709
2029	6299
2026	5929
2026	5463
2024	5959
2024	6332
2024	5793
2021	5957
2021	5350
2021	5224
2021	5357
2021	6278
2021	5625
2021	5491
2021	5669
2021	5830
2021	5629
2021	4699
2021	5077
2021	6456
2021	6131
2021	6879
2021	5471
2021	5500
2021	5647
2021	5582
2021	5396
1985	5691
1985	7030
1985	6015
1985	5774
1962	5042
1962	5312
1962	5801
1962	4652
1962	4874
1962	4658
1962	5129
1962	4768
1962	4538
1962	4679
1962	5190
1962	5129
1962	5584
1962	5441
1962	4571
1962	4697
1962	4695
1962	5056
1962	4619
1962	4207
1962	4824
1962	4485
1962	4909
1962	4497
1962	5019
1962	4278
1962	4176
1962	4621
1962	5096
1962	4959
1962	4285
1962	5562
1962	4598
1962	4335
1962	4055
1962	4515
1962	5363
1962	5062
1962	5045
1962	5706
1962	5034
1962	5188
1962	5185
1962	4584
1962	4406
1962	4716
1962	4986
1962	4444
1962	4540
1924	5173
1924	4172
1924	5220
1924	5333
1924	4711
1924	4741
1924	5055
1924	4735
1924	5111
1924	4573
1924	4310

melhor e media

2038	4983
2038	5501
2038	6372
2038	6526
2037	5581
2033	6814
2033	5640
2033	5327
2033	5965
2030	5599
2027	6083
2027	5192
2027	5384
2027	5777
2027	5651
2027	5822
2026	5558
2026	5658
2026	5924
2026	6008
2024	5099
2024	5313
2024	5507
2024	6659
2024	5721
2024	6231
2024	5974
2024	6473
2024	6119
2024	5782
2021	5310
2021	5701
2021	5820
2021	5932
2021	5695
2021	4992
2021	5554
2021	5989
2021	5739
2021	5068
2021	5787
2021	5547
2021	5538
2021	6118
2021	5987
2021	6102
2021	5640
2021	6023
2021	5513
2021	5316
2021	5307
2021	5316
2021	6020
2021	5966
2021	5915
2021	5367
2021	5139
2021	5371
2021	5768
2021	5204
2021	6030
2016	5757
2016	4269
2016	5870
2016	4351
2016	4646
2016	4537
1941	4115
1941	4906
1941	5398
1941	4906
1941	5883
1941	5869
1941	5546
1941	5789
1941	5059
1941	5694
1941	4815
1941	5743
1941	5662
1941	5195
1941	4762
1941	5999
1941	6127
1941	5544
1941	5858
1941	5842
1941	6176
1941	5462
1941	5762
1941	5577
1941	4662
1941	5463
1941	6291
1941	5866
1941	5365
1941	5347
1941	6030
1941	5295
1941	6025

melhor e media

2981	5001
2216	4256
2054	5239
2047	5360
2047	5986
2042	5422
2042	5289
2042	5939
2042	5749
2042	5426
2042	5715
2042	6418
2042	6136
2042	5549
2042	5867
2036	5126
2035	5323
2035	4974
2035	5900
2035	5882
2035	5766
2035	5897
2035	5272
2013	6066
2013	6252
2013	6137
2013	5937
2013	6007
2013	6018
2013	5616
2013	5778
2013	5968
2013	6304
2013	6016
2013	5726
2013	6095
2013	5623
2013	5039
2013	5285
2013	5572
2013	5482
2013	5417
2013	5718
2013	5408
2013	5852
2013	6230
2013	6790
2013	6453
2013	5932
2013	4994
2013	5497
2013	5039
2013	5670
2013	6254
2013	5784
2013	6804
2013	5275
2013	5134
2013	5856
2013	5749
2013	5902
2013	7092
2013	6676
2013	6536
2013	5482
2013	5480
2013	5500
2013	5159
2013	5611
2013	5634
2013	5911
2013	6320
2013	6106
2013	5898
2013	6002
2013	6283
2013	6768
2013	6190
2013	5642
2013	6471
2013	5479
2013	4879
2013	5375
2013	5120
2013	5957
2013	6369
2013	5998
2013	5613
2013	5601
2013	5576
2013	5901
2013	5865
2013	6666
2013	6359
2013	6108
2013	6543
2013	6398
2013	5634
2013	5787
2013	6368

