melhor e media

1670	2528
1670	2002
1631	1918
1620	1788
1579	1655
1579	1655
1579	1642
1579	1715
1579	1668
1579	1703
1579	1742
1579	1754
1579	1763
1571	1700
1569	1747
1569	1675
1569	1730
1569	1664
1569	1818
1569	1876
1569	1760
1543	1663
1543	1725
1543	1692
1543	1715
1543	1663
1543	1758
1543	1763
1543	1766
1543	1704
1543	1663
1543	1686
1543	1680
1543	1779
1543	1781
1543	1796
1543	1716
1543	1828
1543	1867
1543	1761
1543	1748
1543	1893
1543	1697
1543	1679
1543	1728
1543	1646
1543	1736
1543	1808
1543	1729
1543	1782
1543	1850
1543	1727
1543	1743
1543	1654
1543	1702
1543	1647
1543	1711
1543	1646
1543	1660
1543	1725
1543	1833
1543	1725
1543	1891
1543	1755
1543	1774
1543	1729
1543	1714
1543	1693
1543	1691
1543	1675
1543	1777
1543	1791
1543	1799
1543	1685
1543	1763
1543	1673
1543	1718
1543	1740
1543	1761
1543	1663
1543	1728
1543	1685
1543	1669
1543	1735
1543	1892
1543	1808
1543	1739
1543	1730
1543	1746
1543	1687
1543	1897
1543	1774
1543	1875
1543	1813
1543	1693
1543	1659
1543	1831
1543	1765
1543	1834
1543	1713

melhor e media

1551	2695
1551	2120
1551	1851
1551	1876
1551	1700
1551	1691
1551	1728
1551	1676
1551	1628
1551	1593
1551	1615
1551	1620
1551	1772
1551	1774
1551	1637
1551	1614
1551	1596
1551	1625
1551	1719
1551	1747
1551	1703
1551	1689
1551	1701
1551	1667
1551	1623
1551	1610
1551	1592
1551	1605
1551	1604
1551	1614
1551	1671
1551	1615
1551	1622
1551	1643
1551	1613
1551	1658
1551	1739
1551	1682
1551	1685
1551	1730
1551	1634
1551	1634
1551	1674
1551	1631
1551	1659
1551	1615
1551	1727
1551	1663
1551	1638
1551	1627
1551	1670
1551	1597
1551	1666
1551	1652
1551	1634
1551	1705
1551	1603
1551	1605
1551	1664
1551	1647
1551	1726
1551	1650
1551	1672
1551	1687
1551	1620
1551	1678
1551	1625
1551	1611
1543	1678
1543	1713
1543	1677
1543	1823
1543	1769
1543	1912
1543	1812
1543	1726
1543	1704
1543	1834
1543	2019
1543	1937
1543	1715
1543	1792
1543	1859
1543	1880
1543	1781
1543	1813
1543	1865
1543	1699
1543	1922
1543	1820
1543	1679
1543	1812
1543	1758
1543	1817
1543	1754
1543	1663
1543	1667
1543	1684
1543	1670
1543	1720

melhor e media

1602	2509
1602	2075
1602	1808
1602	1803
1602	1886
1602	1779
1602	1863
1579	1770
1579	1777
1579	1899
1579	1767
1579	1786
1579	1740
1579	1811
1579	1760
1569	1831
1569	1695
1569	1750
1569	1651
1569	1703
1569	1727
1569	1662
1569	1648
1569	1639
1569	1710
1569	1688
1569	1766
1569	1694
1569	1692
1569	1672
1569	1652
1569	1662
1569	1703
1569	1696
1569	1748
1569	1756
1569	1670
1569	1707
1569	1726
1569	1727
1569	1684
1569	1662
1569	1732
1569	1663
1569	1670
1569	1653
1569	1771
1569	1714
1569	1760
1569	1703
1569	1681
1569	1703
1569	1676
1569	1667
1569	1741
1569	1696
1569	1672
1569	1679
1569	1664
1569	1674
1569	1776
1569	1781
1569	1703
1569	1666
1569	1752
1569	1715
1569	1692
1569	1704
1569	1711
1569	1699
1569	1674
1569	1782
1569	1751
1569	1733
1569	1706
1569	1699
1569	1685
1569	1882
1569	1744
1569	1761
1569	1669
1569	1718
1569	1686
1569	1693
1569	1882
1569	1776
1569	1767
1569	1711
1569	1742
1569	1734
1569	1826
1569	1781
1569	1789
1569	1703
1569	1771
1569	1731
1569	1824
1569	1699
1569	1728
1569	1740

melhor e media

1618	2465
1618	1873
1596	1864
1596	1820
1596	1685
1596	1813
1596	1772
1596	1698
1596	1696
1596	1746
1596	1723
1569	1758
1569	1806
1569	1768
1569	1748
1569	1684
1569	1742
1569	1748
1569	1747
1569	1769
1569	1729
1569	1696
1569	1824
1569	1739
1569	1724
1569	1715
1569	1717
1569	1778
1569	1737
1569	1729
1569	1784
1569	1735
1569	1730
1569	1684
1569	1746
1569	1716
1569	1768
1569	1721
1569	1729
1569	1718
1569	1765
1569	1743
1569	1783
1569	1711
1569	1747
1569	1717
1569	1720
1569	1815
1569	1732
1569	1723
1569	1733
1569	1713
1569	1751
1569	1744
1569	1806
1569	1832
1569	1794
1569	1733
1569	1752
1569	1808
1569	1743
1569	1718
1569	1773
1569	1756
1569	1819
1569	1955
1569	1819
1569	1847
1569	1749
1569	1775
1569	1790
1569	1726
1569	1727
1569	1699
1569	1716
1569	1775
1569	1755
1569	1764
1569	1825
1569	1779
1569	1770
1569	1742
1569	1745
1569	1840
1569	1754
1569	1788
1569	1795
1569	1706
1569	1692
1569	1830
1569	1767
1569	1753
1569	1741
1569	1918
1569	1900
1569	1806
1569	1704
1569	1769
1569	1724
1569	1779

melhor e media

1592	2244
1592	2014
1592	1811
1592	1787
1592	2068
1592	2272
1592	2229
1592	2238
1592	2190
1592	2244
1589	2155
1589	1877
1589	1738
1589	1725
1589	1703
1589	1715
1589	1746
1589	1773
1589	1827
1569	1780
1569	1803
1569	1891
1569	1822
1569	1826
1569	1848
1569	1813
1569	1756
1569	1825
1569	1731
1569	1762
1569	1724
1569	1713
1569	1730
1569	1731
1569	1708
1569	1719
1569	1840
1569	1788
1569	1794
1569	1737
1569	1759
1569	1743
1569	1701
1569	1712
1569	1707
1569	1885
1569	1746
1569	1781
1569	1814
1569	1779
1569	1711
1569	1729
1569	1711
1569	1880
1569	1733
1569	1762
1569	1741
1569	1875
1569	1760
1569	1774
1569	1820
1569	1838
1569	1709
1569	1774
1569	1715
1569	1747
1569	1721
1569	1763
1569	1780
1569	1808
1569	1838
1569	1724
1569	1804
1569	1771
1569	1784
1569	1738
1569	1696
1569	1723
1569	1761
1569	1887
1569	1873
1569	1831
1569	1805
1569	1716
1569	1698
1569	1693
1569	1818
1569	1727
1569	1760
1569	1708
1569	1788
1569	1787
1569	1706
1569	1771
1569	1835
1569	1730
1569	1711
1569	1676
1569	1761
1569	1814

melhor e media

1589	2286
1555	2019
1555	2137
1555	1732
1555	1667
1555	1654
1555	1694
1555	1677
1555	1756
1555	1693
1555	1710
1555	1739
1555	1700
1555	1760
1555	1702
1555	1671
1555	1668
1555	1767
1555	1773
1555	1684
1555	1734
1555	1733
1555	1729
1555	1673
1555	1683
1555	1657
1555	1658
1555	1665
1555	1725
1555	1713
1555	1726
1551	1772
1551	1630
1551	1618
1551	1673
1551	1631
1551	1681
1551	1674
1551	1626
1551	1611
1551	1660
1551	1594
1551	1696
1551	1799
1551	1714
1551	1723
1551	1708
1551	1642
1551	1645
1551	1656
1551	1699
1551	1769
1551	1640
1551	1683
1551	1603
1551	1726
1551	1691
1551	1670
1551	1738
1551	1658
1551	1757
1551	1698
1551	1769
1551	1668
1551	1794
1551	1622
1551	1682
1551	1658
1551	1729
1551	1668
1551	1638
1551	1624
1551	1610
1551	1666
1551	1632
1551	1879
1551	1685
1551	1645
1551	1637
1551	1623
1551	1719
1551	1675
1551	1640
1551	1686
1551	1626
1551	1597
1551	1599
1551	1740
1551	1627
1551	1623
1551	1751
1551	1642
1551	1617
1551	1747
1551	1655
1551	1626
1551	1609
1551	1648
1551	1646
1551	1659

melhor e media

1618	2557
1543	1942
1543	1974
1543	1677
1543	1687
1543	1739
1543	1709
1543	1732
1543	1766
1543	1868
1543	2055
1543	1790
1543	1719
1543	1624
1543	1616
1543	1612
1543	1625
1543	1663
1543	1705
1543	1783
1543	1808
1543	1712
1543	1715
1543	1798
1543	1797
1543	1762
1543	1682
1543	1645
1543	1716
1543	1692
1543	1876
1543	1880
1543	1740
1543	1703
1543	1702
1543	1642
1543	1725
1543	1802
1543	1919
1543	1846
1543	1860
1543	1797
1543	1798
1543	1679
1543	1778
1543	1687
1543	1747
1543	1732
1543	1837
1543	1715
1543	1663
1543	1708
1543	1684
1543	1660
1543	1689
1543	1622
1543	1627
1543	1657
1543	1736
1543	1734
1543	1756
1543	1670
1543	1828
1543	1750
1543	1999
1543	1779
1543	1805
1543	1738
1543	1738
1543	1798
1543	1777
1543	1975
1543	1795
1543	1756
1543	1687
1543	1649
1543	1722
1543	1761
1543	1804
1543	1800
1543	1717
1543	1700
1543	1733
1543	1663
1543	1676
1543	1724
1543	1659
1543	1633
1543	1662
1543	1703
1543	1768
1543	1682
1543	1839
1543	1737
1543	1775
1543	1737
1543	1812
1543	1748
1543	1730
1543	1776

melhor e media

1603	2607
1603	1934
1571	1864
1571	1971
1571	1893
1569	1789
1569	1869
1569	1805
1569	1803
1569	1782
1569	1724
1569	1768
1569	1721
1569	1713
1569	1742
1569	1701
1569	1700
1569	1754
1569	1865
1569	1821
1569	1848
1569	1763
1569	1698
1569	1670
1569	1676
1569	1672
1569	1765
1569	1704
1569	1812
1569	1882
1569	1763
1569	1738
1569	1764
1569	1675
1569	1702
1569	1681
1569	1681
1569	1690
1569	1695
1569	1743
1569	1708
1569	1719
1569	1711
1569	1699
1569	1736
1569	1713
1569	1695
1569	1708
1569	1784
1569	1700
1569	1693
1569	1798
1569	1677
1569	1715
1569	1772
1569	1746
1569	1708
1569	1691
1569	1800
1569	1809
1569	1775
1569	1737
1569	1724
1569	1733
1569	1803
1569	1730
1569	1660
1569	1726
1569	1762
1569	1741
1569	1766
1569	1731
1569	1681
1569	1775
1569	1860
1569	1741
1569	1774
1569	1713
1569	1690
1569	1687
1569	1682
1569	1676
1569	1771
1569	1793
1569	1751
1569	1721
1569	1751
1569	1728
1569	1694
1569	1719
1569	1686
1569	1743
1569	1749
1569	1743
1569	1712
1569	1763
1569	1739
1569	1895
1569	1773
1569	1763

melhor e media

1551	2244
1551	2000
1551	1958
1551	2148
1551	1763
1551	1790
1551	1716
1551	1636
1551	1626
1551	1603
1551	1608
1551	1632
1551	1614
1551	1669
1551	1617
1551	1625
1551	1709
1551	1641
1551	1906
1551	1731
1551	1710
1551	1847
1551	1692
1551	1710
1551	1691
1551	1672
1551	1703
1551	1637
1551	1691
1551	1705
1551	1657
1551	1788
1551	1734
1551	1660
1551	1623
1551	1689
1551	1707
1551	1624
1551	1676
1551	1637
1551	1677
1551	1740
1551	1695
1551	1815
1551	1655
1551	1642
1551	1627
1551	1690
1551	1705
1551	1815
1551	1716
1551	1701
1551	1616
1551	1721
1551	1676
1551	1638
1551	1619
1551	1669
1551	1710
1551	1636
1551	1701
1551	1707
1551	1642
1551	1679
1551	1692
1551	1614
1551	1684
1551	1696
1551	1645
1551	1611
1551	1643
1551	1607
1551	1655
1551	1584
1551	1658
1551	1663
1551	1617
1551	1669
1551	1692
1551	1719
1551	1706
1551	1721
1551	1617
1551	1598
1551	1605
1551	1607
1551	1698
1551	1677
1551	1631
1551	1656
1543	1615
1543	1691
1543	1629
1543	1598
1543	1614
1543	1693
1543	1803
1543	1892
1543	2104
1543	1670

melhor e media

1551	2155
1543	1776
1543	1854
1543	1731
1543	1671
1543	1776
1543	1774
1543	1736
1543	1754
1543	1731
1543	1786
1543	1823
1543	1780
1543	1688
1543	1738
1543	1669
1543	1711
1543	1723
1543	1675
1543	1708
1543	1823
1543	1695
1543	1712
1543	1712
1543	1648
1543	1681
1543	1725
1543	1711
1543	1762
1543	1850
1543	1673
1543	1809
1543	1698
1543	1824
1543	1767
1543	1883
1543	1992
1543	2015
1543	1966
1543	1664
1543	1796
1543	1722
1543	1791
1543	1784
1543	1719
1543	1692
1543	1841
1543	1742
1543	1645
1543	1711
1543	1734
1543	1787
1543	1652
1543	1726
1543	1743
1543	1861
1543	1827
1543	1820
1543	1868
1543	1914
1543	1800
1543	1666
1543	1662
1543	1720
1543	1698
1543	1673
1543	1698
1543	1702
1543	1719
1543	1787
1543	1805
1543	1809
1543	1800
1543	1887
1543	1820
1543	1841
1543	1803
1543	1715
1543	1682
1543	1801
1543	1900
1543	1714
1543	1717
1543	1742
1543	1767
1543	1796
1543	1913
1543	1857
1543	1730
1543	1674
1543	1832
1543	1727
1543	1725
1543	1797
1543	1731
1543	1772
1543	1748
1543	1733
1543	1757
1543	1879

melhor e media

1665	2447
1589	1948
1589	1813
1589	2070
1589	1729
1589	1768
1589	1763
1589	1787
1589	1789
1589	1720
1589	1881
1551	1750
1551	1604
1551	1596
1551	1656
1551	1644
1551	1622
1551	1621
1551	1602
1551	1625
1551	1728
1551	1670
1551	1622
1551	1642
1551	1626
1551	1633
1551	1611
1551	1631
1551	1628
1551	1698
1551	1703
1551	1701
1551	1823
1551	1690
1551	1696
1551	1647
1551	1656
1551	1672
1551	1629
1551	1762
1551	1834
1551	1737
1551	1663
1551	1674
1551	1693
1551	1756
1551	1719
1551	1675
1551	1694
1551	1788
1551	1679
1551	1708
1551	1649
1551	1621
1551	1638
1551	1617
1551	1673
1551	1610
1551	1652
1551	1729
1551	1785
1551	1717
1551	1677
1551	1650
1551	1671
1551	1733
1551	1731
1551	1735
1551	1639
1551	1868
1551	1683
1551	1645
1551	1627
1551	1679
1551	1746
1551	1645
1551	1728
1551	1646
1551	1746
1551	1639
1551	1725
1551	1703
1551	1640
1551	1702
1551	1665
1551	1693
1551	1612
1551	1690
1551	1699
1551	1658
1551	1763
1551	1948
1551	1644
1551	1674
1551	1763
1551	1730
1551	1656
1551	1757
1551	1641
1551	1626

melhor e media

1619	2340
1607	1813
1579	1791
1579	1803
1579	1690
1579	1747
1579	1722
1579	1679
1569	1755
1569	1727
1569	1726
1569	1810
1569	1760
1569	1690
1569	1757
1569	1711
1569	1888
1569	1789
1569	1758
1569	1787
1569	1731
1569	1780
1569	1794
1569	1767
1569	1717
1569	1739
1569	1768
1569	1864
1569	1706
1569	1777
1569	1781
1569	1872
1569	1823
1569	1756
1569	1716
1569	1788
1569	1743
1569	1782
1569	1758
1569	1842
1569	1743
1569	1792
1569	1814
1569	1752
1569	1753
1569	1730
1569	1773
1569	1778
1569	1831
1569	1803
1569	1835
1569	1716
1569	1794
1569	1765
1569	1779
1569	1770
1569	1736
1569	1702
1569	1770
1569	1897
1569	1750
1569	1724
1569	1747
1569	1722
1569	1797
1569	1706
1569	1724
1569	1841
1569	1770
1569	1728
1569	1882
1569	1906
1569	1766
1569	1781
1569	1803
1569	1713
1569	1743
1569	1725
1569	1708
1569	1786
1569	1727
1569	1720
1569	1783
1569	1729
1569	1851
1569	1862
1569	1773
1569	1844
1569	1778
1569	1753
1569	1935
1569	1795
1569	1765
1569	1778
1569	1736
1569	1742
1569	1789
1569	1722
1569	1772
1569	1713

melhor e media

1589	2270
1563	2030
1543	1706
1543	1665
1543	1632
1543	1720
1543	1764
1543	1724
1543	1761
1543	1706
1543	1746
1543	1812
1543	1724
1543	1724
1543	1665
1543	1735
1543	1825
1543	1762
1543	1862
1543	1683
1543	1699
1543	1661
1543	1828
1543	1735
1543	1848
1543	1785
1543	1695
1543	1768
1543	1745
1543	1733
1543	1743
1543	1776
1543	1791
1543	1752
1543	1783
1543	1649
1543	1684
1543	1658
1543	1685
1543	1709
1543	1780
1543	1640
1543	1640
1543	1657
1543	1689
1543	1821
1543	1765
1543	1806
1543	1727
1543	1828
1543	1779
1543	1750
1543	1794
1543	1741
1543	1682
1543	1764
1543	1857
1543	1779
1543	1787
1543	1803
1543	1766
1543	1766
1543	1709
1543	1721
1543	1828
1543	1683
1543	1721
1543	1765
1543	1756
1543	1833
1543	1768
1543	1679
1543	1723
1543	1765
1543	1768
1543	1865
1543	1745
1543	1748
1543	1669
1543	1757
1543	1671
1543	1665
1543	1772
1543	1872
1543	1772
1543	1669
1543	1726
1543	1685
1543	1653
1543	1724
1543	1684
1543	1746
1543	1860
1543	1661
1543	1657
1543	1693
1543	1720
1543	1745
1543	1656
1543	1657

melhor e media

1651	2478
1651	1913
1592	1844
1577	1921
1577	1693
1577	1697
1577	1650
1577	1738
1577	1627
1577	1728
1577	1653
1543	1637
1543	1635
1543	1893
1543	1786
1543	1646
1543	1647
1543	1759
1543	1872
1543	1907
1543	1793
1543	1738
1543	1788
1543	1785
1543	1708
1543	1715
1543	1801
1543	1967
1543	1817
1543	1746
1543	1683
1543	1715
1543	1712
1543	1686
1543	1816
1543	1825
1543	1749
1543	1815
1543	1869
1543	1734
1543	1818
1543	1752
1543	1716
1543	1695
1543	1649
1543	1676
1543	1753
1543	1810
1543	1747
1543	1766
1543	1650
1543	1724
1543	1716
1543	1715
1543	1744
1543	1771
1543	1754
1543	1753
1543	1786
1543	1789
1543	1745
1543	1894
1543	1744
1543	1761
1543	1781
1543	1700
1543	1689
1543	1683
1543	1654
1543	1743
1543	1824
1543	1788
1543	1721
1543	1656
1543	1697
1543	1885
1543	1844
1543	1768
1543	1667
1543	1634
1543	1632
1543	1635
1543	1763
1543	1817
1543	1753
1543	1770
1543	1699
1543	1633
1543	1686
1543	1678
1543	1762
1543	1685
1543	1761
1543	1688
1543	1644
1543	1716
1543	1739
1543	1661
1543	1657
1543	1663

melhor e media

1643	2283
1594	1810
1594	1898
1594	1805
1594	1760
1594	1737
1594	1724
1594	1751
1594	1742
1594	1758
1594	1830
1594	1797
1594	1741
1594	1744
1594	1810
1594	1750
1594	1767
1594	1741
1594	1858
1594	1927
1562	1815
1562	2493
1562	1699
1562	1623
1562	1704
1562	1657
1555	1723
1555	1675
1555	1631
1555	1627
1551	1755
1551	1643
1551	1742
1551	1759
1551	1715
1551	1634
1551	1780
1551	1706
1551	1694
1551	1680
1551	1625
1551	1696
1551	1640
1551	1659
1551	1733
1551	1622
1551	1684
1551	1609
1551	1724
1551	1870
1551	1690
1551	1820
1551	1717
1551	1658
1551	1661
1551	1651
1551	1789
1551	1810
1551	1646
1551	1684
1551	1821
1551	1672
1551	1816
1551	1777
1551	1715
1551	1735
1551	1852
1551	1713
1551	1710
1551	1771
1551	1628
1551	1686
1551	1652
1551	1643
1551	1645
1551	1618
1551	1619
1551	1672
1551	1744
1551	1639
1551	1811
1551	1663
1551	1701
1551	1706
1551	1856
1551	1752
1551	1742
1551	1647
1551	1757
1551	1601
1551	1620
1551	1692
1551	1693
1551	1649
1551	1640
1551	1695
1551	1614
1551	1730
1551	1785
1551	1657

melhor e media

1653	2280
1551	1899
1551	2014
1551	1851
1551	1854
1551	1634
1551	1632
1551	1696
1551	1707
1551	1631
1551	1786
1551	1799
1551	1754
1551	1641
1551	1728
1551	1733
1551	1651
1551	1744
1551	1691
1551	1748
1551	1656
1551	1670
1551	1806
1551	1780
1551	1712
1551	1699
1551	1709
1551	1820
1551	1802
1551	1662
1551	1717
1551	1772
1551	1770
1551	1683
1551	1746
1551	1661
1551	1775
1551	1697
1551	1750
1551	1694
1551	1712
1551	1628
1551	1648
1551	1690
1551	1608
1551	1733
1551	1778
1551	1767
1551	1651
1551	1682
1551	1683
1551	1686
1551	1761
1551	1680
1551	1662
1551	1745
1551	1681
1551	1718
1551	1627
1551	1620
1551	1611
1551	1608
1551	1677
1551	1763
1551	1692
1551	1678
1551	1639
1551	1676
1551	1629
1551	1616
1551	1649
1551	1643
1551	1692
1551	1664
1551	1643
1551	1629
1551	1700
1551	1663
1551	1653
1551	1678
1551	1673
1551	1628
1551	1712
1551	1673
1551	1760
1551	1734
1551	1660
1551	1769
1551	1679
1551	1777
1551	1690
1551	1683
1551	1674
1551	1657
1551	1637
1551	1828
1551	1678
1551	1637
1551	1774
1551	1675

melhor e media

1621	2344
1543	1786
1543	1968
1543	1853
1543	1647
1543	1714
1543	1722
1543	1680
1543	1737
1543	1775
1543	1676
1543	1649
1543	1678
1543	1684
1543	1846
1543	1819
1543	1660
1543	1689
1543	1673
1543	1809
1543	1790
1543	1719
1543	1761
1543	1683
1543	1813
1543	1763
1543	1722
1543	1717
1543	1750
1543	1729
1543	1845
1543	1878
1543	1928
1543	1767
1543	1899
1543	1682
1543	1826
1543	1822
1543	1691
1543	1871
1543	1815
1543	1771
1543	1829
1543	1755
1543	1797
1543	1747
1543	1739
1543	1689
1543	1775
1543	1767
1543	2068
1543	2011
1543	1793
1543	1685
1543	1745
1543	1765
1543	1729
1543	1723
1543	1643
1543	1653
1543	1728
1543	1698
1543	1774
1543	1683
1543	1713
1543	1770
1543	1838
1543	1745
1543	1739
1543	1810
1543	1701
1543	1771
1543	1762
1543	1757
1543	1746
1543	1723
1543	1734
1543	1657
1543	1710
1543	1750
1543	1748
1543	1847
1543	1802
1543	1892
1543	1775
1543	1760
1543	1798
1543	1824
1543	1674
1543	1718
1543	1715
1543	1656
1543	1667
1543	1673
1543	1767
1543	1669
1543	1651
1543	1759
1543	1755
1543	1743

melhor e media

1589	2438
1589	2067
1589	2006
1589	1747
1589	1704
1589	1747
1589	1908
1589	1854
1589	1704
1589	1879
1589	1680
1589	1691
1589	1727
1589	1763
1589	1852
1589	1818
1589	1744
1589	1746
1589	1714
1589	1792
1589	1736
1589	1706
1589	1857
1589	1709
1589	1804
1589	1741
1589	1898
1589	1848
1589	1912
1589	1712
1589	2032
1589	1824
1589	1852
1589	1753
1589	1919
1589	1776
1589	1773
1589	1706
1589	1831
1589	1818
1589	1899
1589	1784
1589	1756
1589	1723
1569	1770
1569	1962
1569	1887
1569	1891
1569	1775
1569	1743
1569	1736
1569	1772
1569	1730
1569	1726
1569	1794
1569	1746
1569	1764
1569	1718
1569	1768
1569	1729
1569	1749
1569	1794
1569	1768
1569	1723
1569	1844
1569	1732
1569	1787
1569	1787
1569	1746
1569	1756
1569	1787
1569	1851
1569	1821
1569	1740
1569	1744
1569	1770
1569	1808
1569	1850
1569	1818
1569	1967
1569	1806
1569	1702
1569	1890
1569	1786
1569	1749
1569	1741
1569	1733
1569	1780
1569	1723
1569	1711
1569	1741
1569	1795
1569	1792
1569	1703
1569	1818
1569	1769
1569	1736
1569	1760
1569	1749
1569	1710

melhor e media

1654	2434
1654	1985
1589	1696
1555	1714
1555	1668
1555	1718
1555	1632
1555	1679
1555	1633
1555	1644
1555	1693
1555	1722
1555	1711
1555	1645
1555	1701
1551	1776
1551	1789
1551	1668
1551	1654
1551	1691
1551	1639
1551	1635
1551	1631
1551	1764
1551	1756
1551	1630
1551	1613
1551	1649
1551	1755
1551	1674
1551	1638
1543	1692
1543	1691
1543	1867
1543	1823
1543	1679
1543	2082
1543	1833
1543	1821
1543	1939
1543	1750
1543	1724
1543	1691
1543	1762
1543	1785
1543	1805
1543	1791
1543	1753
1543	1783
1543	1698
1543	1723
1543	1646
1543	1653
1543	1677
1543	1841
1543	1895
1543	1805
1543	1674
1543	1851
1543	1741
1543	1722
1543	1766
1543	1737
1543	1670
1543	1649
1543	1674
1543	1703
1543	1745
1543	1757
1543	1802
1543	1696
1543	1787
1543	1776
1543	1794
1543	1711
1543	1743
1543	1765
1543	1789
1543	1707
1543	1669
1543	1778
1543	1801
1543	1672
1543	1715
1543	1676
1543	1832
1543	1752
1543	1703
1543	1637
1543	1659
1543	1646
1543	1703
1543	1666
1543	1774
1543	1676
1543	1720
1543	1846
1543	1789
1543	1753
1543	1746

melhor e media

1589	2436
1589	2058
1589	2127
1589	2219
1589	2226
1589	2262
1589	2038
1589	2093
1589	2065
1589	2008
1589	2024
1589	2051
1589	2254
1589	2180
1589	2281
1589	2217
1589	2206
1589	2139
1589	2086
1589	2159
1589	1961
1589	1933
1589	2036
1589	2081
1589	2083
1589	2034
1589	2010
1589	1947
1589	2009
1589	2033
1589	2022
1589	2024
1589	1976
1589	1962
1589	1898
1589	1897
1589	1821
1589	1909
1589	1889
1589	1956
1589	1962
1589	2160
1589	2075
1589	2185
1589	2174
1589	2222
1589	2220
1589	2268
1589	2270
1589	2222
1589	2172
1589	2233
1589	2333
1589	2519
1589	2330
1589	2213
1589	2309
1589	2144
1589	2179
1589	2069
1589	2077
1589	2108
1589	2143
1589	2129
1589	2263
1589	2175
1589	2078
1589	2098
1589	1970
1589	2039
1589	2119
1589	2077
1589	2151
1589	2088
1589	2072
1589	1955
1589	1963
1589	1950
1589	2134
1589	2177
1589	2178
1589	2180
1589	2062
1589	2100
1589	2177
1589	2057
1589	2029
1589	2091
1589	2143
1589	2290
1589	2357
1589	2316
1589	2339
1589	2209
1589	2261
1589	2086
1589	2082
1589	1992
1589	2187
1589	2199

melhor e media

1589	2388
1571	1960
1571	1834
1571	2021
1571	1903
1571	1786
1569	1721
1569	1785
1569	1804
1569	1784
1569	1731
1569	1781
1569	1773
1569	1971
1569	1792
1569	1819
1569	1762
1569	1682
1569	1711
1569	1727
1569	1682
1569	1668
1569	1743
1569	1676
1569	1668
1569	1762
1569	1690
1569	1672
1569	1672
1569	1700
1569	1753
1569	1759
1569	1765
1569	1735
1569	1684
1569	1678
1569	1773
1569	1811
1569	1795
1569	1817
1569	1787
1569	1723
1569	1806
1569	1884
1569	1855
1569	1723
1569	1846
1569	1782
1569	1733
1569	1709
1569	1789
1569	1713
1569	1678
1569	1662
1569	1838
1569	1772
1569	1678
1569	1748
1569	1780
1569	1756
1569	1800
1569	1799
1569	1748
1569	1710
1569	1688
1569	1673
1569	1740
1569	1834
1569	1722
1569	1743
1569	1851
1569	1728
1569	1734
1569	1793
1569	1777
1569	1762
1569	1787
1569	1687
1569	1662
1569	1657
1569	1672
1569	1670
1569	1761
1569	1738
1569	1707
1569	1730
1569	1765
1569	1719
1569	1743
1569	1757
1569	1747
1569	1733
1569	1682
1569	1653
1569	1685
1569	1800
1569	1756
1569	1810
1569	1760
1569	1712

melhor e media

1589	2336
1583	1878
1577	1915
1543	1802
1543	1784
1543	1790
1543	1671
1543	1845
1543	1774
1543	1711
1543	1889
1543	1851
1543	1844
1543	1670
1543	1788
1543	1820
1543	1738
1543	1884
1543	1804
1543	1737
1543	1658
1543	1793
1543	1711
1543	1796
1543	1786
1543	1828
1543	1785
1543	1999
1543	1948
1543	1790
1543	1786
1543	1643
1543	1644
1543	1648
1543	1700
1543	1669
1543	1783
1543	1738
1543	1776
1543	1903
1543	1823
1543	1820
1543	1775
1543	1748
1543	1885
1543	1674
1543	1878
1543	1803
1543	1887
1543	1881
1543	1778
1543	1747
1543	1744
1543	1752
1543	1663
1543	1800
1543	1737
1543	1683
1543	1816
1543	1801
1543	1789
1543	1706
1543	1747
1543	1721
1543	1649
1543	1671
1543	1755
1543	1847
1543	1744
1543	1803
1543	1732
1543	1785
1543	1682
1543	1653
1543	1853
1543	1750
1543	1760
1543	1951
1543	1761
1543	1695
1543	1653
1543	1692
1543	1664
1543	1725
1543	1765
1543	1679
1543	1824
1543	1840
1543	1844
1543	1818
1543	1777
1543	1783
1543	1682
1543	1757
1543	1749
1543	1805
1543	1874
1543	1733
1543	1821
1543	1787

melhor e media

1589	2319
1551	2117
1551	2035
1551	1698
1551	1705
1551	1716
1551	1780
1551	1755
1551	1623
1551	1625
1551	1611
1551	1632
1551	1662
1551	1657
1551	1706
1551	1643
1551	1626
1551	1759
1551	1597
1551	1701
1551	1676
1551	1648
1551	1714
1551	1624
1551	1704
1551	1778
1551	1667
1551	1753
1551	1633
1551	1812
1551	1726
1551	1708
1551	1763
1551	1707
1551	1625
1551	1623
1551	1809
1551	1745
1551	1715
1551	1686
1551	1695
1551	1682
1551	1630
1551	1683
1551	1666
1551	1710
1551	1624
1551	1716
1551	1747
1551	1749
1551	1955
1551	1720
1551	1718
1551	1638
1551	1848
1551	1801
1551	1704
1551	1647
1551	1642
1551	1678
1551	1606
1551	1610
1551	1748
1551	1669
1551	1764
1551	1706
1551	1683
1551	1689
1551	1662
1551	1700
1551	1723
1551	1650
1551	1757
1551	1728
1551	1753
1551	1657
1551	1605
1551	1682
1551	1623
1551	1720
1551	1736
1551	1703
1551	1656
1551	1704
1551	1618
1551	1605
1551	1705
1551	1725
1551	1758
1551	1713
1551	1748
1551	1711
1551	1622
1551	1670
1551	1702
1551	1665
1551	1631
1551	1621
1551	1618
1551	1672

melhor e media

1681	2366
1643	1876
1601	1847
1592	1880
1589	1724
1589	1644
1589	1743
1589	1780
1589	1823
1589	1869
1589	1798
1589	1707
1589	1743
1589	1690
1589	1679
1589	1769
1589	1685
1589	1746
1589	1750
1589	1707
1589	1689
1589	1671
1589	1676
1589	1815
1589	1763
1589	1685
1589	1740
1589	1730
1589	1760
1589	1778
1589	1731
1589	1774
1589	1714
1589	1795
1589	1825
1589	1808
1589	1827
1589	1736
1589	1721
1589	1773
1589	1845
1589	1782
1589	1896
1589	1705
1589	1749
1589	1722
1589	1768
1589	1912
1589	1881
1589	1709
1589	1691
1589	1693
1589	1728
1589	1713
1589	1914
1589	1715
1589	1846
1589	1810
1589	1973
1589	1814
1589	1778
1589	1734
1589	1824
1589	1783
1589	1748
1589	1808
1589	1776
1589	1896
1589	1792
1589	1788
1589	1753
1589	1816
1589	1731
1589	1836
1589	1768
1589	1820
1589	1758
1589	1743
1589	1869
1589	1771
1589	1783
1589	1785
1589	1805
1589	1862
1589	1734
1589	1724
1589	1805
1589	1781
1589	1935
1589	1757
1589	1766
1589	1727
1589	1795
1589	1726
1589	1838
1589	1719
1589	1780
1589	1771
1589	1734
1589	1776

melhor e media

1589	2332
1589	1990
1589	2042
1589	2202
1589	2366
1589	2480
1589	2295
1589	2337
1589	2284
1589	2260
1589	2380
1589	2235
1589	2156
1589	2160
1589	2191
1589	2300
1589	2205
1589	2068
1589	2075
1589	2285
1589	2198
1589	2202
1589	2093
1589	2157
1589	2076
1589	2170
1589	1742
1589	1836
1589	1823
1589	1769
1589	1742
1551	1789
1551	1720
1551	1669
1551	1634
1551	1743
1551	1739
1551	1681
1551	1825
1551	1886
1551	1743
1551	1661
1551	1655
1551	1739
1551	1741
1551	1658
1551	1751
1551	1739
1551	1704
1551	1661
1551	1683
1551	1712
1551	1690
1551	1695
1551	1794
1551	1679
1551	1637
1551	1615
1551	1691
1551	1726
1551	1662
1551	1768
1551	1848
1551	1649
1551	1665
1551	1631
1551	1636
1551	1688
1551	1754
1551	1713
1551	1624
1551	1701
1551	1643
1551	1706
1551	1620
1551	1633
1551	1605
1551	1771
1551	1741
1551	1635
1551	1623
1551	1619
1551	1604
1551	1676
1551	1608
1551	1613
1551	1683
1551	1654
1551	1762
1551	1669
1551	1646
1551	1690
1551	1636
1551	1764
1551	1774
1551	1678
1551	1697
1551	1825
1551	1680
1551	1688

melhor e media

1653	2447
1608	1995
1608	1882
1608	1909
1608	1791
1608	1807
1608	1775
1608	1755
1608	1881
1608	1856
1608	1805
1608	1780
1608	1784
1608	1786
1608	1827
1608	1815
1608	1848
1608	1832
1608	1850
1608	1837
1608	1796
1608	1795
1608	1866
1608	1809
1608	1905
1608	1860
1608	1869
1608	1775
1608	1827
1608	1775
1608	1841
1608	1858
1608	1918
1608	1898
1608	1795
1608	1782
1608	1821
1608	1836
1608	1898
1608	1756
1608	1816
1608	1777
1608	1774
1608	1760
1608	1838
1608	1771
1608	1825
1608	1828
1608	1789
1579	1816
1579	1666
1579	1681
1579	1731
1579	1775
1579	1804
1579	1763
1579	1707
1579	1735
1579	1703
1579	1688
1579	1682
1579	1748
1579	1815
1579	1793
1579	1734
1579	1711
1579	1795
1579	1760
1579	1801
1579	1803
1579	1719
1579	1785
1579	1763
1579	1778
1579	1804
1579	1720
1579	1894
1579	1721
1579	1771
1579	1705
1579	1710
1579	1707
1579	1800
1579	1730
1579	1872
1579	1805
1579	1821
1579	1803
1579	1799
1579	1851
1569	1828
1569	1729
1569	1830
1569	1803
1569	1709
1569	1694
1569	1731
1569	1829
1569	1753
1569	1707

melhor e media

1589	2314
1589	2061
1589	1883
1589	1866
1589	1777
1589	1802
1589	1796
1589	1777
1589	1774
1551	1757
1551	1683
1551	1616
1551	1616
1551	1627
1551	1614
1551	1640
1551	1753
1551	1656
1551	1645
1551	1638
1551	1736
1551	1663
1551	1622
1551	1655
1551	1654
1551	1622
1551	1605
1551	1665
1551	1643
1551	1612
1551	1606
1551	1685
1551	1668
1551	1628
1551	1656
1551	1688
1551	1675
1551	1739
1551	1698
1551	1700
1551	1656
1551	1621
1551	1678
1551	1644
1551	1642
1551	1672
1551	1705
1551	1649
1551	1716
1551	1635
1551	1663
1551	1659
1551	1670
1551	1759
1551	1746
1551	1772
1551	1666
1551	1628
1551	1715
1551	1640
1551	1630
1551	1647
1551	1640
1551	1614
1551	1676
1551	1699
1551	1721
1551	1702
1551	1748
1551	1714
1551	1714
1551	1724
1551	1651
1551	1694
1551	1624
1551	1657
1551	1638
1551	1649
1551	1689
1551	1747
1551	1673
1551	1687
1551	1631
1551	1696
1551	1678
1551	1760
1551	1810
1551	1771
1551	1814
1551	1696
1551	1620
1551	1717
1551	1634
1551	1632
1551	1721
1551	1678
1551	1677
1551	1667
1551	1690
1551	1611

melhor e media

1667	2464
1589	1961
1589	2005
1589	1801
1589	1848
1589	1921
1589	1825
1589	1785
1589	1961
1589	1731
1589	1880
1589	1724
1589	1711
1589	1727
1589	1717
1589	1719
1589	1866
1589	1902
1589	1861
1589	1717
1589	1764
1589	1886
1589	1702
1589	1707
1589	1766
1589	1867
1589	1806
1589	1811
1589	1740
1589	1768
1569	1833
1569	1771
1569	1725
1569	1712
1569	1749
1569	1759
1569	1732
1569	1752
1569	1799
1569	1812
1569	1748
1569	1780
1569	1798
1569	1804
1569	1804
1569	1752
1569	1756
1569	1734
1569	1778
1569	1768
1569	1846
1569	1778
1569	1776
1569	1769
1569	1728
1569	1778
1569	1855
1569	1833
1569	1783
1569	1739
1569	1708
1569	1714
1569	1772
1569	1785
1569	1780
1569	1704
1569	1757
1569	1700
1569	1711
1569	1840
1569	1846
1569	1811
1569	1740
1569	1773
1569	1696
1569	1759
1569	1737
1569	1748
1569	1774
1569	1692
1569	1740
1569	1834
1569	1735
1569	1806
1569	1743
1569	1852
1569	1819
1569	1902
1569	1766
1569	1833
1569	1723
1569	1789
1569	1853
1569	1771
1569	1766
1569	1729
1569	1706
1569	1736
1569	1733
1569	1798

melhor e media

1583	2524
1583	2132
1583	1757
1583	1699
1579	1763
1569	1796
1569	1856
1569	1694
1569	1701
1569	1680
1569	1708
1569	1674
1569	1767
1569	1680
1569	1714
1569	1735
1569	1676
1569	1657
1569	1656
1569	1650
1569	1642
1569	1702
1569	1756
1569	1739
1569	1711
1569	1672
1569	1730
1569	1728
1569	1660
1569	1651
1569	1713
1569	1645
1569	1738
1569	1826
1569	1900
1569	1893
1569	1908
1569	1744
1569	1680
1569	1812
1569	1769
1569	1808
1569	1687
1569	1672
1569	1681
1569	1670
1569	1736
1569	1721
1569	1663
1569	1663
1569	1666
1569	1708
1569	1678
1569	1743
1569	1890
1569	1764
1569	1760
1569	1761
1569	1742
1569	1688
1569	1687
1569	1740
1569	1752
1569	1800
1569	1756
1569	1797
1569	1730
1569	1773
1569	1768
1569	1699
1569	1748
1569	1690
1569	1672
1569	1717
1569	1666
1569	1676
1569	1677
1569	1743
1569	1792
1569	1730
1569	1684
1569	1715
1569	1700
1569	1673
1569	1720
1569	1734
1569	1746
1569	1836
1569	1855
1569	1790
1569	1683
1569	1818
1569	1704
1569	1674
1569	1677
1569	1659
1569	1660
1569	1686
1569	1794
1569	1742

melhor e media

1613	2388
1613	1941
1613	1878
1613	1856
1613	1752
1607	1818
1607	1864
1607	1868
1607	1837
1607	1803
1607	1821
1607	1751
1607	1837
1607	1811
1607	1801
1607	1833
1607	1782
1607	1761
1607	1756
1607	1904
1607	1840
1607	1762
1607	1748
1607	1750
1607	1784
1607	1758
1607	1757
1604	1739
1604	1787
1604	1758
1604	1810
1589	1765
1589	1804
1589	1780
1589	1761
1589	1870
1589	1806
1589	1886
1589	1746
1589	1988
1589	2026
1589	2091
1589	2185
1589	2088
1589	2082
1589	2013
1589	2143
1589	2260
1589	2268
1589	2160
1589	2035
1589	2082
1589	2199
1589	2311
1589	2225
1589	2211
1589	2261
1589	2250
1589	2170
1589	2052
1589	1881
1589	1961
1589	2067
1589	2143
1589	2117
1589	2179
1589	2255
1589	2244
1589	2232
1589	2331
1589	2183
1589	2158
1589	2211
1589	2032
1589	2003
1589	2072
1589	2101
1589	2071
1589	2193
1589	2255
1589	2199
1589	2053
1589	2019
1589	2034
1589	2084
1589	2022
1589	1946
1589	2064
1589	2083
1589	2090
1589	2081
1589	2009
1589	2072
1589	2120
1589	2084
1589	2036
1589	2043
1589	2055
1589	2114
1589	2075

