melhor e media

1756	2805
1756	2547
1756	2760
1756	2788
1756	2817
1756	2147
1756	1975
1756	2055
1756	2118
1756	2044
1756	2133
1756	2114
1756	2162
1756	2264
1756	2271
1756	2290
1756	2241
1756	2331
1756	2500
1756	2445
1756	2540
1756	2567
1756	2597
1756	2418
1756	2382
1756	2308
1756	2501
1756	2619
1756	2519
1756	2627
1756	2751
1756	2584
1756	2614
1756	2471
1756	2485
1756	2514
1756	2488
1756	2555
1756	2478
1756	2587
1756	2440
1756	2642
1756	2484
1756	2439
1756	2435
1756	2551
1756	2588
1756	2482
1756	2517
1756	2645
1756	2664
1756	2617
1756	2546
1756	2666
1756	2565
1756	2645
1756	2559
1756	2455
1756	2524
1756	2565
1756	2569
1756	2546
1756	2467
1756	2410
1756	2459
1756	2470
1756	2508
1756	2505
1756	2474
1756	2537
1756	2570
1756	2541
1756	2540
1756	2630
1756	2804
1756	2781
1756	2628
1756	2668
1756	2700
1756	2655
1756	2674
1756	2675
1756	2701
1756	2709
1756	2712
1756	2743
1756	2734
1756	2619
1756	2526
1756	2501
1756	2529
1756	2560
1756	2593
1756	2596
1756	2439
1756	2516
1756	2521
1756	2516
1756	2509
1756	2433

melhor e media

1756	2778
1756	2457
1756	2792
1756	2940
1756	3140
1756	3071
1756	2862
1756	3163
1756	3353
1756	3344
1756	3246
1756	3255
1756	3184
1756	3247
1756	3037
1756	2978
1756	2920
1756	3008
1756	3092
1756	3063
1756	3108
1756	3107
1756	3053
1756	2993
1756	3021
1756	2947
1756	2895
1756	2952
1756	2934
1756	2846
1756	2854
1756	2965
1756	3031
1756	3093
1756	3035
1756	2973
1756	3175
1756	3278
1756	3185
1756	2969
1756	3039
1756	3041
1756	3084
1756	3255
1756	2975
1756	3132
1721	3028
1721	2823
1721	2809
1721	2842
1721	2932
1721	2815
1721	2886
1721	2818
1721	2820
1721	2889
1721	2984
1721	2840
1721	2871
1721	2964
1721	2860
1721	2884
1721	2909
1721	2888
1721	2880
1721	2846
1721	2806
1721	2873
1721	2782
1721	2821
1721	2790
1721	2863
1721	2722
1721	2798
1721	2843
1721	2900
1721	2883
1721	2924
1721	2850
1721	2830
1721	2772
1721	2796
1721	2758
1721	2869
1721	2882
1721	2836
1721	2855
1721	2941
1721	2895
1721	2923
1721	2909
1721	2791
1721	2862
1721	2820
1721	2897
1721	2841
1721	2846
1721	2868
1721	2832
1721	2893

melhor e media

1793	2867
1793	2619
1776	2953
1776	3024
1728	2900
1728	2687
1728	2730
1728	2712
1728	2684
1728	2647
1728	2731
1728	2649
1728	2754
1728	2696
1728	2755
1728	2742
1728	2708
1728	2717
1728	2624
1728	2599
1728	2712
1728	2854
1728	2836
1728	2769
1728	2699
1728	2754
1728	2808
1728	2781
1728	2765
1728	2754
1728	2739
1728	2757
1728	2821
1728	2859
1728	2926
1728	2989
1728	2981
1728	2798
1728	2841
1728	2834
1728	2874
1728	2861
1728	2799
1728	2768
1728	2891
1728	2928
1728	2918
1728	2799
1728	2874
1728	2880
1728	2791
1728	2976
1728	2899
1728	2908
1728	2907
1728	3076
1728	3006
1728	3048
1728	3013
1728	3003
1728	3038
1728	3254
1728	3166
1728	3126
1728	2944
1728	2969
1728	2974
1728	3016
1728	2997
1728	2694
1728	2645
1728	2977
1728	2922
1728	2970
1728	3018
1728	3003
1728	3001
1728	3097
1728	3025
1728	2970
1728	2882
1728	2953
1728	2897
1728	3034
1728	2971
1728	2975
1728	3115
1728	2902
1728	3071
1728	3098
1728	3003
1728	2951
1728	2996
1728	3128
1728	3037
1728	3091
1728	3082
1728	3019
1728	3067
1728	2947

melhor e media

1818	2987
1793	2606
1788	2508
1696	2388
1696	2181
1696	2191
1696	2129
1696	2116
1696	2009
1696	2170
1696	2115
1696	2216
1696	2219
1696	2239
1696	2179
1696	2076
1696	2131
1696	2407
1696	2277
1696	2144
1696	2244
1696	2198
1696	2305
1696	2292
1696	2179
1696	2195
1696	2165
1696	2157
1696	2104
1696	2098
1696	2089
1696	2143
1696	2142
1696	2071
1696	2085
1696	1989
1696	2221
1696	2234
1696	2187
1696	2053
1696	2117
1696	2041
1696	1984
1696	2146
1696	2207
1696	2196
1696	2098
1696	2113
1696	2010
1696	2063
1696	1955
1696	2062
1696	2181
1696	2175
1696	2184
1696	2224
1696	2015
1696	2071
1696	2170
1696	2146
1696	2129
1696	2122
1696	2142
1696	2065
1696	2227
1696	2123
1696	2174
1696	2302
1696	2021
1696	2022
1696	2155
1696	2171
1696	2163
1696	2133
1696	2214
1696	2122
1696	2176
1696	2027
1696	2116
1696	2108
1696	2018
1696	2147
1696	2122
1696	2038
1696	2043
1696	2255
1696	2106
1696	2136
1696	1994
1696	2037
1696	2170
1696	2174
1696	2085
1696	2197
1696	2159
1696	2122
1696	1987
1696	2181
1696	2218
1696	2143

melhor e media

1878	2985
1850	2494
1740	2371
1740	2179
1740	2018
1740	2010
1740	2041
1740	2061
1740	2095
1740	2104
1740	2074
1740	2186
1740	2196
1740	2070
1740	1979
1740	2007
1740	1986
1696	2165
1696	2194
1696	2171
1696	2259
1696	2018
1696	2212
1696	2189
1696	2231
1696	2236
1696	2372
1696	2257
1696	2256
1696	2340
1696	2060
1696	2153
1696	2142
1696	1997
1696	2031
1696	2021
1696	2220
1696	2062
1696	2112
1696	2120
1696	1982
1696	2097
1696	2095
1696	2130
1696	2084
1696	2225
1696	2083
1696	2029
1696	2129
1696	2165
1696	2205
1696	2152
1696	2173
1696	2273
1696	2215
1696	2186
1696	2153
1696	2097
1696	2101
1696	2051
1696	2102
1696	2027
1696	2182
1696	2075
1696	2052
1696	2088
1696	2151
1696	2096
1696	2088
1696	2058
1696	2089
1696	2318
1696	2159
1696	2106
1696	2100
1696	2264
1696	2206
1696	2260
1696	2175
1696	2142
1696	2008
1696	2168
1696	2225
1696	2142
1696	2152
1696	2191
1696	2106
1696	2050
1696	2193
1696	2248
1696	2087
1696	2052
1696	2079
1696	2188
1696	2144
1696	2082
1696	2040
1696	2086
1696	2145
1696	2215

melhor e media

1831	2985
1756	2404
1756	2489
1756	2707
1756	2786
1756	2752
1756	2609
1756	2697
1756	2927
1756	3015
1756	2781
1756	2914
1756	3178
1756	3170
1756	3166
1756	2981
1756	3013
1756	3065
1756	3054
1756	3058
1756	3019
1756	3222
1756	3123
1756	3180
1756	3129
1756	3138
1756	3321
1756	3362
1756	3237
1756	3166
1756	3169
1756	2999
1756	3012
1756	3029
1756	2957
1756	2933
1756	2997
1756	3088
1756	3099
1756	3229
1756	3104
1721	3165
1721	2645
1721	2610
1721	2534
1721	2635
1721	2681
1721	2781
1721	2805
1721	2819
1721	2725
1721	2718
1721	2773
1721	2700
1721	2752
1721	2943
1721	2912
1721	2838
1721	2890
1721	2833
1721	2870
1721	2794
1721	2796
1721	2870
1721	2879
1721	2911
1721	2793
1721	2821
1721	2856
1721	2940
1721	2808
1721	2836
1721	2945
1721	2975
1721	2957
1721	2959
1721	2756
1721	2910
1721	2982
1721	2978
1721	3000
1721	2959
1721	2926
1721	2966
1721	2779
1721	2763
1721	2858
1721	2907
1721	2813
1721	2981
1721	2997
1721	2866
1721	2928
1721	2927
1721	2969
1721	2964
1721	2973
1721	3029
1721	3040
1721	3038

melhor e media

1794	2931
1794	2595
1675	2348
1675	2316
1675	2428
1664	2573
1664	2541
1664	2249
1664	2297
1664	2444
1664	2487
1664	2494
1664	2453
1664	2355
1664	2320
1664	2342
1664	2421
1664	2465
1664	2521
1664	2676
1664	2620
1664	2579
1664	2725
1664	2803
1664	2742
1664	2820
1664	2735
1664	2889
1664	2894
1664	2846
1664	2883
1664	2781
1664	2759
1664	2770
1664	2851
1664	2809
1664	2785
1664	2823
1655	2703
1655	2788
1655	2812
1655	2888
1655	2875
1655	2887
1655	2835
1655	2905
1655	2938
1655	2956
1655	3026
1655	2966
1655	2992
1655	3117
1655	3160
1655	3006
1655	3226
1655	3097
1655	3201
1655	3126
1655	3137
1655	3101
1655	3330
1655	3131
1655	3096
1655	3136
1655	3066
1655	2977
1655	3121
1655	3089
1655	3197
1655	3170
1655	3057
1655	3107
1655	3133
1655	3194
1655	3074
1655	2971
1655	3036
1655	3201
1655	3189
1655	3219
1655	3180
1655	3125
1655	3004
1655	3046
1655	3162
1655	3212
1655	3144
1655	3136
1655	3178
1655	3149
1655	3165
1655	3092
1655	3057
1655	3174
1655	3134
1655	3146
1655	2985
1655	3095
1655	3047
1655	3073

melhor e media

1909	3000
1768	2617
1717	2648
1717	2624
1717	2701
1717	2690
1717	2770
1717	2725
1717	2932
1717	2827
1717	2761
1717	2848
1717	2884
1717	2894
1717	2725
1683	2790
1677	2482
1677	2421
1677	2392
1677	2421
1677	2511
1677	2426
1677	2548
1677	2447
1677	2703
1677	2577
1677	2529
1677	2725
1677	2618
1677	2733
1677	2689
1677	2704
1677	2624
1677	2707
1677	2686
1677	2702
1677	2722
1677	2671
1677	2666
1677	2606
1677	2687
1677	2711
1677	2783
1677	2732
1677	2793
1677	2781
1677	2750
1677	2779
1677	2792
1677	2898
1677	2743
1677	2785
1677	2872
1677	2795
1677	2749
1677	2716
1677	2808
1677	2851
1677	2941
1677	2899
1677	2895
1677	2778
1677	2900
1677	2801
1677	2680
1677	2969
1677	2742
1677	2741
1677	2722
1677	2683
1677	2857
1677	2767
1677	2703
1677	2818
1677	2920
1677	2883
1677	2751
1677	2699
1677	2742
1677	2754
1677	2726
1677	2699
1677	2649
1677	2724
1677	2660
1677	2698
1677	2651
1677	2728
1677	2818
1677	2716
1677	2714
1677	2849
1677	2828
1677	2776
1677	2738
1677	2723
1677	2722
1677	2658
1677	2751
1677	2702

melhor e media

1969	2882
1893	2606
1756	2623
1756	2899
1756	3212
1756	3023
1756	3127
1756	3193
1756	3124
1756	3136
1756	3163
1756	3127
1717	3183
1717	2541
1717	2854
1717	2847
1717	2799
1717	2776
1717	2724
1717	2767
1717	2746
1717	2805
1717	2818
1717	2669
1717	2656
1717	2741
1717	2728
1717	2849
1717	2794
1717	2841
1717	2788
1717	2759
1717	2771
1717	2730
1717	2776
1717	2785
1717	2775
1717	2713
1717	2649
1717	2651
1717	2702
1717	2683
1717	2748
1717	2803
1717	2645
1717	2676
1717	2634
1717	2753
1717	2576
1717	2620
1717	2722
1717	2826
1717	2767
1717	2827
1717	2801
1717	2742
1717	2831
1717	2792
1717	2721
1717	2730
1717	2673
1717	2741
1717	2897
1717	2709
1717	2754
1717	2828
1717	2671
1717	2720
1717	2731
1717	2504
1717	2653
1717	2689
1717	2774
1717	2660
1717	2705
1717	2732
1717	2675
1717	2719
1717	2829
1717	2683
1717	2623
1717	2652
1717	2549
1717	2610
1717	2637
1717	2671
1717	2696
1717	2639
1717	2652
1717	2768
1717	2698
1717	2887
1717	2805
1717	2769
1717	2762
1717	2680
1717	2685
1717	2815
1717	2794
1717	2775

melhor e media

1991	3081
1882	2903
1779	2590
1753	2420
1753	2380
1753	2575
1753	2162
1753	2039
1753	2144
1753	2227
1740	2045
1740	2216
1696	2196
1696	2168
1696	2134
1696	2247
1696	2227
1696	2219
1696	2288
1696	2211
1696	2057
1696	2162
1696	2085
1696	2105
1696	2293
1696	2120
1696	2076
1696	2081
1696	2215
1696	2329
1696	2212
1696	2115
1696	2220
1696	2245
1696	2041
1696	2083
1696	2086
1696	2133
1696	2223
1696	2194
1696	2078
1696	2108
1696	1959
1696	1988
1696	2271
1696	2167
1696	2077
1696	2178
1696	2118
1696	2183
1696	2303
1696	2026
1696	2062
1696	2068
1696	2142
1696	2147
1696	2114
1696	2131
1696	2195
1696	2099
1696	2097
1696	2067
1696	1990
1696	2326
1696	2107
1696	2066
1696	2142
1696	2144
1696	2121
1696	2113
1696	2076
1696	2025
1696	2056
1696	1981
1696	2022
1696	2078
1696	1969
1696	2137
1696	2176
1696	2175
1696	2198
1696	2159
1696	2225
1696	2276
1696	2107
1696	2165
1696	2107
1696	2094
1696	2091
1696	2068
1696	2072
1696	2118
1696	2038
1696	2047
1696	2167
1696	2299
1696	2080
1696	2022
1696	2102
1696	2098

melhor e media

1810	2839
1756	2484
1756	2861
1756	2919
1756	3045
1756	3014
1756	3055
1756	3092
1756	3101
1756	3114
1756	2910
1756	3067
1756	3006
1756	2802
1756	2896
1756	2807
1756	3057
1756	3048
1756	3193
1756	3122
1756	3232
1756	2948
1756	3060
1756	3008
1756	3002
1756	3114
1756	2948
1756	3075
1721	2936
1721	2277
1721	2438
1721	2605
1721	2621
1721	2539
1721	2686
1721	2577
1721	2535
1721	2524
1721	2473
1721	2567
1721	2510
1721	2688
1721	2711
1721	2496
1721	2523
1721	2574
1721	2677
1721	2733
1721	2623
1721	2689
1721	2691
1721	2587
1721	2713
1721	2755
1721	2762
1721	2799
1721	2853
1721	2759
1721	2752
1721	2688
1721	2781
1721	2699
1721	2679
1721	2681
1721	2566
1721	2663
1721	2645
1721	2785
1721	2562
1721	2603
1721	2787
1721	2789
1721	2753
1721	2745
1721	2875
1721	2773
1721	2786
1721	2709
1721	2654
1721	2809
1721	2873
1721	2806
1721	2723
1721	2696
1721	2751
1721	2820
1721	2758
1721	2796
1721	2716
1721	2809
1721	2776
1721	2944
1721	3031
1721	3079
1721	2880
1721	3040
1666	2932
1666	3067
1666	3031
1666	3162

melhor e media

1923	2874
1772	2835
1772	2559
1772	2475
1772	2534
1772	2416
1772	2624
1772	2584
1772	2305
1772	2329
1772	2347
1772	2325
1772	2265
1772	2397
1772	2403
1772	2335
1772	2451
1772	2304
1772	2413
1772	2179
1772	2282
1772	2347
1772	2405
1772	2219
1772	2279
1772	2410
1772	2295
1772	2228
1772	2197
1772	2238
1772	2193
1772	2242
1772	2280
1772	2355
1753	2240
1753	2151
1753	2065
1753	2159
1753	2572
1753	2075
1753	2048
1753	2115
1753	2174
1753	2149
1753	2053
1753	2136
1753	2199
1740	2096
1740	2133
1696	2122
1696	2112
1696	2118
1696	2303
1696	2229
1696	2227
1696	2073
1696	2071
1696	2094
1696	2189
1696	2154
1696	2231
1696	2048
1696	2083
1696	2049
1696	2000
1696	2030
1696	2212
1696	2186
1696	2029
1696	2159
1696	2111
1696	2050
1696	2013
1696	2066
1696	2044
1696	2121
1696	2117
1696	2050
1696	2113
1696	2030
1696	2029
1696	2297
1696	2308
1696	2283
1696	2194
1696	2218
1696	2159
1696	2161
1696	2132
1696	2104
1696	2157
1696	2151
1696	2195
1696	2209
1696	2313
1696	2173
1696	2232
1696	2129
1696	2132
1696	2154

melhor e media

1641	2826
1641	2847
1641	2883
1641	2825
1641	3136
1641	3151
1641	3153
1641	3111
1641	3007
1641	2980
1641	3071
1641	3048
1641	2981
1641	3050
1641	3107
1641	3016
1641	3065
1641	2930
1641	2986
1641	3017
1641	2862
1641	2929
1641	2949
1641	2925
1641	2899
1641	2885
1641	2918
1641	2908
1641	3066
1641	2904
1641	3025
1641	3027
1641	3051
1641	3019
1641	3034
1641	3036
1641	2901
1641	3158
1641	3099
1641	3008
1641	2985
1641	2963
1641	2947
1641	2984
1641	3018
1641	3027
1641	3066
1641	3053
1641	3052
1641	3012
1641	3050
1641	3060
1641	3005
1641	3182
1641	3107
1641	3151
1641	3212
1641	3065
1641	3006
1641	3087
1641	3063
1641	3103
1641	3190
1641	3192
1641	2923
1641	3122
1641	3182
1641	3087
1641	3039
1641	3093
1641	3098
1641	3114
1641	3180
1641	3202
1641	3263
1641	3169
1641	3177
1641	3026
1641	3031
1641	3077
1641	3121
1641	3120
1641	3021
1641	3124
1641	3081
1641	2962
1641	2845
1641	3031
1641	3004
1641	3049
1641	3023
1641	2963
1641	2834
1641	2927
1641	3021
1641	2992
1641	3006
1641	2977
1641	2820
1641	2777

melhor e media

1715	2796
1715	2833
1642	2597
1641	2453
1641	2795
1641	2843
1641	2957
1641	2887
1641	2857
1641	2897
1641	2858
1641	2883
1641	2906
1641	2998
1641	2859
1641	2760
1641	2958
1641	2925
1641	3013
1641	3053
1641	2934
1641	2912
1641	3022
1641	3123
1641	2908
1641	2957
1641	2922
1641	2925
1641	3101
1641	2977
1641	2854
1641	2878
1641	2847
1641	2902
1641	2856
1641	2891
1641	2883
1641	2959
1641	2823
1641	2806
1641	2962
1641	3029
1641	3008
1641	2958
1641	2981
1641	2972
1641	2981
1641	2934
1641	3030
1641	3197
1641	3109
1641	2974
1641	3060
1641	2942
1641	2945
1641	2966
1641	3015
1641	3170
1641	3148
1641	3052
1641	2884
1641	2920
1641	2851
1641	2949
1641	2954
1641	2970
1641	2992
1641	2967
1641	2893
1641	2875
1641	2897
1641	2880
1641	2848
1641	3025
1641	3050
1641	3095
1641	3073
1641	3042
1641	3162
1641	3138
1641	3132
1641	3167
1641	3141
1641	3113
1641	3043
1641	2915
1641	3071
1641	2980
1641	2963
1641	3016
1641	2995
1641	2965
1641	2915
1641	2869
1641	3053
1641	3106
1641	3048
1641	3049
1641	3081
1641	2919

melhor e media

1776	2831
1776	2666
1776	2875
1696	3205
1696	2429
1696	2117
1696	2111
1696	2064
1696	2128
1696	2122
1696	2046
1696	2098
1696	2003
1696	2185
1696	2217
1696	1979
1696	2041
1696	2108
1696	2240
1696	2091
1696	1986
1696	2166
1696	2093
1696	2087
1696	2169
1696	2206
1696	2102
1696	2056
1696	1978
1696	2092
1696	2110
1696	2166
1696	2101
1696	2160
1696	2154
1696	1989
1696	2212
1696	2242
1696	2306
1696	2228
1696	2199
1696	2119
1696	2228
1696	2013
1696	2102
1696	2185
1696	2320
1696	2210
1696	2068
1696	2151
1696	2173
1696	2163
1696	2054
1696	2173
1696	2039
1696	2055
1696	2298
1696	2225
1696	2057
1696	2142
1696	2116
1696	2113
1696	2069
1696	2202
1696	2112
1696	2036
1696	2090
1696	2230
1696	2080
1696	2092
1696	2088
1696	2097
1696	2254
1696	2254
1696	2092
1696	2091
1696	2162
1696	2187
1696	2034
1696	2123
1696	2223
1696	2133
1696	2058
1696	2218
1696	2161
1696	2202
1696	2135
1696	2200
1696	2131
1696	2060
1696	2170
1696	2112
1696	2111
1696	2086
1696	2105
1696	2060
1696	2034
1696	2030
1696	2122
1696	2089

melhor e media

1865	2763
1793	2634
1779	2463
1779	2273
1779	1947
1779	2060
1779	2001
1779	2069
1779	2230
1779	2196
1779	2104
1779	1976
1696	2151
1696	2131
1696	2180
1696	2312
1696	2261
1696	2258
1696	2064
1696	2072
1696	2079
1696	2056
1696	2088
1696	2139
1696	2059
1696	2072
1696	2005
1696	2105
1696	2242
1696	2170
1696	2089
1696	2125
1696	2064
1696	2109
1696	2099
1696	2136
1696	2160
1696	2142
1696	2126
1696	2033
1696	1984
1696	2055
1696	2166
1696	2143
1696	2108
1696	2078
1696	2136
1696	2078
1696	2140
1696	2154
1696	2228
1696	2195
1696	2038
1696	2025
1696	2185
1696	2087
1696	1975
1696	2011
1696	2118
1696	2180
1696	2219
1696	2367
1696	2161
1696	2128
1696	2031
1696	2186
1696	2126
1696	2221
1696	2269
1696	2145
1696	2030
1696	2265
1696	2271
1696	2189
1696	2093
1696	2055
1696	2017
1696	2027
1696	2306
1696	2210
1696	2064
1696	2091
1696	2129
1696	2234
1696	2158
1696	2138
1696	2169
1696	2045
1696	2039
1696	2022
1696	2140
1696	2250
1696	2072
1696	2221
1696	2164
1696	2092
1696	2041
1696	2074
1696	2152
1696	2098

melhor e media

2023	2927
1831	2265
1825	2887
1825	2634
1825	2413
1825	2336
1825	2276
1825	2347
1825	2262
1825	2336
1825	2416
1825	2236
1825	2185
1825	2198
1825	2168
1825	2146
1825	2273
1825	2162
1825	2148
1825	2316
1825	2213
1825	2215
1825	2216
1825	2264
1825	2220
1825	2329
1825	2278
1825	2116
1825	2159
1825	2191
1825	2140
1825	2195
1825	2152
1825	2205
1825	2296
1825	2225
1825	2177
1825	2297
1825	2349
1825	2308
1825	2294
1825	2204
1825	2218
1825	2195
1825	2144
1825	2206
1825	2181
1825	2417
1825	2304
1825	2410
1825	2258
1825	2352
1825	2493
1825	2325
1825	2389
1825	2344
1825	2188
1825	2336
1825	2344
1825	2276
1825	2336
1825	2302
1825	2254
1825	2307
1825	2226
1825	2198
1825	2228
1825	2268
1825	2172
1825	2228
1825	2283
1825	2288
1825	2433
1825	2386
1825	2324
1825	2395
1825	2530
1825	2462
1825	2303
1825	2347
1825	2358
1825	2382
1825	2359
1825	2349
1825	2303
1825	2321
1825	2230
1825	2318
1825	2331
1825	2262
1825	2421
1825	2371
1825	2326
1825	2314
1818	2373
1818	2632
1804	2719
1781	2532
1781	3154
1781	3120

melhor e media

1825	2864
1796	2532
1781	2628
1781	2705
1766	2591
1766	2906
1766	2420
1766	2402
1766	2635
1766	2475
1766	2658
1766	2735
1766	2644
1766	2560
1766	2709
1766	2747
1766	2682
1766	2546
1766	2609
1766	2542
1766	2570
1766	2632
1766	2549
1766	2636
1766	2578
1766	2598
1766	2595
1766	2658
1766	2678
1766	2790
1766	2604
1766	2576
1766	2652
1766	2710
1766	2680
1766	2710
1766	2636
1766	2764
1766	2851
1766	2697
1766	2732
1766	2584
1766	2608
1766	2636
1766	2755
1766	2735
1766	2850
1766	2645
1766	2807
1766	2677
1766	2764
1766	2549
1766	2654
1766	2669
1766	2674
1766	2596
1766	2660
1766	2712
1766	2534
1766	2683
1766	2751
1766	2523
1766	2748
1766	2821
1766	2820
1766	2776
1766	2738
1766	2815
1766	2702
1766	2640
1766	2627
1766	2591
1766	2520
1766	2728
1766	2816
1766	2840
1766	2750
1766	2664
1766	2601
1766	2614
1766	2736
1766	2675
1766	2888
1766	2781
1766	2676
1766	2521
1766	2669
1766	2553
1766	2609
1766	2625
1766	2662
1766	2794
1766	2715
1766	2522
1766	2533
1766	2685
1766	2688
1766	2524
1766	2678
1766	2703

melhor e media

1906	2823
1906	2504
1781	2687
1776	2339
1776	2163
1776	2275
1776	2053
1776	2153
1776	2173
1776	2132
1740	2133
1740	2054
1740	2084
1740	2078
1740	2145
1740	2186
1740	2256
1740	2056
1740	2087
1696	2054
1696	2081
1696	2052
1696	2125
1696	2066
1696	2212
1696	2158
1696	2189
1696	2071
1696	2196
1696	2147
1696	2090
1696	2258
1696	2190
1696	2152
1696	2116
1696	2115
1696	2062
1696	2005
1696	2049
1696	2119
1696	2023
1696	2036
1696	2136
1696	2173
1696	2127
1696	2267
1696	2183
1696	2046
1696	2195
1696	2221
1696	2265
1696	2245
1696	2234
1696	2105
1696	2207
1696	2192
1696	2235
1696	2157
1696	2216
1696	2146
1696	2057
1696	2319
1696	2214
1696	2044
1696	2208
1696	2240
1696	2123
1696	2141
1696	2178
1696	2104
1696	2032
1696	2053
1696	2067
1696	2047
1696	2127
1696	1997
1696	1965
1696	2064
1696	2150
1696	2130
1696	2052
1696	2048
1696	2209
1696	2149
1696	2428
1696	2169
1696	1990
1696	2154
1696	2074
1696	2072
1696	2048
1696	2056
1696	2066
1696	2108
1696	2005
1696	2124
1696	2128
1696	2080
1696	2138
1696	1961

melhor e media

1902	2792
1805	2819
1802	2608
1802	2611
1802	2303
1802	2192
1802	2255
1802	2343
1802	2261
1802	2314
1802	2309
1802	2362
1802	2276
1802	2164
1696	2309
1696	2293
1696	2329
1696	2176
1696	2177
1696	2215
1696	2224
1696	2257
1696	2276
1696	2071
1696	2103
1696	2127
1696	2187
1696	2167
1696	2071
1696	2099
1696	2118
1696	2078
1696	2083
1696	2023
1696	2187
1696	2104
1696	2035
1696	2264
1696	2173
1696	2108
1696	2034
1696	2110
1696	2051
1696	2191
1696	2162
1696	2224
1696	2048
1696	2121
1696	1998
1696	2080
1696	2104
1696	2097
1696	2159
1696	2158
1696	2131
1696	2009
1696	2091
1696	2093
1696	2119
1696	2101
1696	2007
1696	2049
1696	2058
1696	2135
1696	2131
1696	2035
1696	1982
1696	1990
1696	2027
1696	2154
1696	2058
1696	2237
1696	2158
1696	2104
1696	2048
1696	2128
1696	2049
1696	2153
1696	2099
1696	1961
1696	2083
1696	2188
1696	2020
1696	2070
1696	2064
1696	2205
1696	2120
1696	2026
1696	2008
1696	2151
1696	2110
1696	2229
1696	2116
1696	2147
1696	1981
1696	2144
1696	2158
1696	2124
1696	2141
1696	2164

melhor e media

1955	2793
1821	2682
1821	2654
1821	2584
1821	2507
1821	2502
1821	2376
1821	2523
1821	2425
1821	2387
1795	2339
1795	2148
1795	2323
1795	2258
1795	2289
1795	2252
1795	2172
1795	2249
1795	2239
1795	2301
1795	2197
1795	2189
1795	2311
1795	2367
1795	2237
1795	2244
1795	2332
1795	2226
1795	2426
1795	2384
1795	2277
1795	2298
1795	2179
1795	2359
1795	2267
1795	2188
1795	2157
1795	2142
1795	2167
1795	2249
1795	2241
1795	2181
1795	2209
1795	2308
1795	2338
1795	2356
1795	2272
1795	2279
1795	2242
1795	2390
1795	2311
1795	2244
1795	2266
1795	2333
1795	2272
1795	2294
1795	2322
1795	2246
1795	2360
1795	2254
1795	2244
1795	2176
1795	2220
1795	2218
1795	2196
1795	2439
1795	2319
1795	2360
1795	2159
1795	2311
1795	2209
1795	2147
1795	2268
1795	2155
1795	2315
1795	2298
1795	2238
1795	2371
1795	2233
1795	2241
1795	2183
1795	2200
1795	2285
1795	2354
1795	2272
1795	2355
1795	2194
1795	2368
1795	2170
1795	2239
1795	2313
1795	2289
1795	2273
1795	2185
1795	2406
1766	2276
1766	2322
1766	2471
1766	2591
1766	2631

melhor e media

1892	2879
1842	2631
1781	2686
1781	2470
1781	2768
1781	2718
1781	2894
1781	2743
1781	2751
1781	2597
1781	2570
1781	2732
1781	2642
1781	2660
1781	2801
1781	2915
1781	3171
1781	3123
1781	3115
1781	3058
1781	3109
1781	3030
1781	3056
1781	3020
1781	3060
1781	3035
1781	2942
1781	2945
1781	2903
1781	2919
1781	3004
1781	2990
1781	2961
1781	2911
1781	2816
1781	2858
1781	2887
1781	2700
1781	2850
1740	2927
1740	2564
1740	2078
1740	2119
1740	2089
1740	2004
1740	2027
1740	2105
1740	2145
1740	2015
1740	2068
1740	2080
1740	2028
1740	2090
1740	2140
1740	1976
1740	2044
1740	2068
1740	2043
1740	2019
1740	2148
1740	2290
1740	2098
1740	2039
1740	2123
1740	2125
1740	2175
1740	2089
1740	2083
1740	1996
1740	2122
1740	2090
1740	2220
1740	2162
1696	2322
1696	2298
1696	2224
1696	2090
1696	2185
1696	2161
1696	1964
1696	1963
1696	2060
1696	2280
1696	2205
1696	2111
1696	2170
1696	2112
1696	2098
1696	2269
1696	2214
1696	2310
1696	2220
1696	2267
1696	2103
1696	2114
1696	2073
1696	2015
1696	2118
1696	2014
1696	1993

melhor e media

1841	2798
1841	3027
1770	2366
1770	2366
1770	2299
1756	2155
1756	2336
1756	2279
1756	2187
1756	2239
1756	2227
1756	2108
1756	2236
1756	2220
1756	2303
1756	2326
1756	2527
1756	2386
1756	2360
1756	2422
1756	2342
1756	2285
1756	2378
1756	2434
1756	2399
1756	2479
1756	2440
1756	2559
1756	2511
1756	2422
1756	2399
1756	2375
1756	2385
1756	2623
1756	2580
1756	2683
1756	2629
1756	2652
1756	2628
1756	2502
1756	2584
1756	2563
1756	2544
1756	2580
1756	2482
1756	2464
1756	2536
1756	2513
1756	2483
1756	2628
1756	2709
1756	2681
1756	2759
1756	2712
1756	2702
1756	2608
1756	2672
1756	2709
1756	2756
1756	2635
1756	2683
1756	2730
1756	2600
1756	2628
1756	2596
1756	2565
1756	2564
1756	2661
1756	2665
1756	2582
1756	2588
1756	2409
1756	2324
1756	2417
1756	2443
1756	2450
1756	2431
1756	2426
1756	2386
1756	2383
1756	2457
1756	2423
1756	2356
1756	2335
1756	2496
1756	2464
1756	2444
1756	2542
1756	2606
1756	2498
1756	2541
1756	2556
1756	2667
1756	2628
1756	2604
1756	2600
1756	2419
1756	2403
1756	2412
1756	2380

melhor e media

1781	2626
1760	2536
1728	2918
1728	3001
1683	2663
1683	2747
1683	2385
1683	2516
1683	2415
1683	2517
1683	2526
1683	2543
1683	2674
1683	2487
1683	2635
1683	2687
1683	2601
1683	2654
1683	2617
1683	2670
1683	2877
1683	2823
1683	2730
1683	2762
1683	2640
1683	2816
1683	2721
1683	2705
1683	2711
1683	2645
1683	2623
1683	2608
1683	2596
1683	2488
1683	2630
1683	2650
1683	2685
1675	2612
1666	2880
1666	2884
1655	2798
1655	3083
1655	3167
1655	3232
1655	3236
1655	3239
1655	3246
1655	3243
1655	3203
1655	3170
1655	3275
1655	3211
1655	3127
1655	3199
1655	3189
1655	3205
1655	3118
1655	2981
1655	3128
1655	3049
1655	3071
1655	3028
1641	2987
1641	2860
1641	3114
1641	2992
1641	3133
1641	3083
1641	3044
1641	3139
1641	3110
1641	3066
1641	3154
1641	3189
1641	2967
1641	3170
1641	3050
1641	3026
1641	2922
1641	2878
1641	2911
1641	2838
1641	2976
1641	3066
1641	2971
1641	2933
1641	2890
1641	3060
1641	2923
1641	2802
1641	2782
1641	2804
1641	2914
1641	2927
1641	3044
1641	3030
1641	3097
1641	3037
1641	2901
1641	2988

melhor e media

1675	2706
1675	2786
1675	2828
1661	2851
1655	3115
1655	3080
1655	3065
1655	3086
1655	3247
1655	3279
1655	3248
1655	3278
1655	3144
1655	3131
1655	3236
1655	3112
1655	3185
1655	3204
1655	3288
1655	3149
1655	3176
1655	3274
1655	3153
1655	3036
1655	3097
1655	3123
1655	3047
1655	3032
1641	3080
1641	2680
1641	2972
1641	2863
1641	2858
1641	3045
1641	3031
1641	3027
1641	2989
1641	2995
1641	2976
1641	2994
1641	2919
1641	3067
1641	2757
1641	2845
1641	2766
1641	2957
1641	2847
1641	2817
1641	2810
1641	2718
1641	2667
1641	2672
1641	2862
1641	2705
1641	2740
1641	2908
1641	2724
1641	2734
1641	2838
1641	2902
1641	2906
1641	2779
1641	2723
1641	2936
1641	2742
1641	2959
1641	2688
1641	2734
1641	2866
1641	2981
1641	2932
1641	2893
1641	2804
1641	3004
1641	2962
1641	2879
1641	2995
1641	2997
1641	3058
1641	3096
1641	3130
1641	3115
1641	3031
1641	3131
1641	3113
1641	3102
1641	2986
1641	3127
1641	2964
1641	3053
1641	2964
1641	3071
1641	2974
1641	2990
1641	2822
1641	3063
1641	2856
1641	3008
1641	3006
1641	2840

melhor e media

1810	2692
1776	2583
1776	2612
1762	2429
1740	1957
1740	2162
1740	2025
1740	2073
1740	2054
1740	2233
1740	2119
1740	2162
1740	2152
1740	2209
1740	2347
1740	2262
1740	2229
1728	2148
1728	2561
1728	2625
1728	2878
1728	2993
1728	2898
1728	2864
1728	2814
1728	2767
1728	2721
1728	2729
1728	2749
1728	2747
1728	2735
1728	2753
1728	2618
1728	2726
1728	2880
1728	2936
1728	3010
1728	2978
1728	2937
1728	2953
1728	2930
1728	2918
1728	2891
1728	2961
1728	2961
1728	2932
1728	2792
1728	2852
1728	2815
1728	2917
1728	2907
1728	2715
1728	2783
1728	2746
1728	2869
1728	2869
1728	2829
1728	2786
1728	2740
1728	2846
1728	2847
1728	2720
1728	2704
1728	2765
1728	2699
1728	2706
1728	2694
1728	2754
1728	2783
1728	2821
1728	2876
1728	2797
1728	2699
1728	2527
1728	2551
1728	2706
1728	2759
1728	2706
1728	2555
1728	2842
1728	2786
1728	2729
1728	2716
1728	2696
1728	2672
1728	2648
1728	2648
1728	2737
1728	2706
1728	2762
1728	2742
1728	2745
1728	2870
1728	2788
1728	2816
1728	2892
1728	2975
1728	2973
1728	2925
1728	2867

melhor e media

1934	3131
1781	2591
1781	2473
1779	2276
1779	2099
1779	2188
1779	2166
1779	2187
1779	2160
1779	2126
1779	2083
1779	2069
1779	2123
1740	2208
1696	2155
1696	2116
1696	2013
1696	2034
1696	2100
1696	2197
1696	2075
1696	2117
1696	2075
1696	2157
1696	2003
1696	2087
1696	2154
1696	2118
1696	2070
1696	1997
1696	2214
1696	2100
1696	2022
1696	2224
1696	2012
1696	2120
1696	2278
1696	2162
1696	2321
1696	2164
1696	2291
1696	2283
1696	2346
1696	2247
1696	2163
1696	2084
1696	2102
1696	2197
1696	2172
1696	2279
1696	2214
1696	2093
1696	2077
1696	2065
1696	2012
1696	2083
1696	2150
1696	2121
1696	2064
1696	2278
1696	2087
1696	2254
1696	2083
1696	2047
1696	2167
1696	2191
1696	2122
1696	2128
1696	2137
1696	2275
1696	2178
1696	2083
1696	2054
1696	2197
1696	2069
1696	2075
1696	2076
1696	2172
1696	2076
1696	2122
1696	2137
1696	2195
1696	2265
1696	2063
1696	2066
1696	1983
1696	2079
1696	2067
1696	2119
1696	2134
1696	2213
1696	2170
1696	2047
1696	2224
1696	2228
1696	2097
1696	2049
1696	2044
1696	2133
1696	2019

melhor e media

1861	2762
1788	2558
1764	2628
1740	2450
1740	2339
1740	2475
1740	2482
1740	2249
1740	2341
1740	2339
1740	2317
1696	2233
1696	2223
1696	2135
1696	2050
1696	2048
1696	2113
1696	2292
1696	2153
1696	2258
1696	2283
1696	2242
1696	2174
1696	2035
1696	2052
1696	2030
1696	2073
1696	2120
1696	2254
1696	2232
1696	2031
1696	2057
1696	2268
1696	2056
1696	2126
1696	2173
1696	2213
1696	2280
1696	2269
1696	2200
1696	2056
1696	2094
1696	2242
1696	2129
1696	2101
1696	2159
1696	2084
1696	2134
1696	2033
1696	2031
1696	2171
1696	2112
1696	2163
1696	2239
1696	2253
1696	2125
1696	2120
1696	2095
1696	2198
1696	2144
1696	2082
1696	2005
1696	2141
1696	2275
1696	2178
1696	2168
1696	2130
1696	2199
1696	2088
1696	2111
1696	2082
1696	2138
1696	2081
1696	2121
1696	2141
1696	2061
1696	2016
1696	2095
1696	2031
1696	2149
1696	2048
1696	2020
1696	2142
1696	2089
1696	2070
1696	2186
1696	2279
1696	2194
1696	2123
1696	2117
1696	2085
1696	2108
1696	2211
1696	2259
1696	2086
1696	2057
1696	2096
1696	2099
1696	2145
1696	2156

melhor e media

1985	2816
1985	2704
1795	2410
1795	2413
1795	2289
1795	2267
1795	2317
1795	2276
1795	2258
1795	2258
1795	2212
1795	2185
1795	2166
1795	2292
1795	2232
1795	2350
1766	2260
1766	2327
1766	2306
1766	2488
1766	2371
1766	2390
1766	2459
1766	2388
1766	2442
1766	2547
1766	2409
1766	2480
1766	2415
1766	2586
1766	2537
1766	2483
1766	2580
1766	2575
1766	2452
1766	2416
1766	2571
1766	2527
1766	2580
1766	2561
1766	2534
1766	2554
1766	2604
1766	2492
1766	2400
1766	2537
1766	2572
1766	2609
1766	2532
1766	2465
1766	2570
1766	2527
1766	2441
1766	2575
1766	2568
1766	2563
1766	2534
1766	2590
1766	2386
1766	2554
1766	2667
1766	2724
1766	2682
1766	2632
1766	2657
1766	2652
1766	2649
1766	2630
1766	2585
1766	2407
1766	2655
1766	2529
1766	2517
1766	2583
1766	2691
1766	2639
1766	2578
1766	2626
1766	2721
1766	2612
1766	2735
1766	2607
1766	2544
1766	2530
1766	2588
1766	2420
1766	2413
1766	2508
1766	2539
1766	2375
1766	2539
1766	2647
1766	2375
1766	2766
1766	2510
1766	2488
1766	2666
1766	2415
1766	2476
1766	2548

melhor e media

1900	2975
1900	2450
1781	2744
1781	2564
1781	2699
1781	3029
1781	3110
1781	3169
1781	2992
1781	2975
1781	2939
1781	3010
1781	2938
1781	3035
1781	2861
1781	2873
1781	2972
1740	2974
1740	2607
1740	2179
1740	2036
1740	2052
1740	2079
1740	2178
1740	2142
1740	2173
1740	2060
1740	2135
1740	2286
1740	2192
1740	2003
1740	2107
1740	2171
1740	2271
1740	2171
1740	2052
1696	1948
1696	2150
1696	2230
1696	2186
1696	2172
1696	2253
1696	2104
1696	2140
1696	2287
1696	2237
1696	2266
1696	2190
1696	2225
1696	2155
1696	2365
1696	2240
1696	2115
1696	2151
1696	2095
1696	2052
1696	2073
1696	2097
1696	2096
1696	2134
1696	2147
1696	2242
1696	2260
1696	2165
1696	2068
1696	2047
1696	2144
1696	2093
1696	2140
1696	2226
1696	2216
1696	2112
1696	2006
1696	1974
1696	2043
1696	2169
1696	2199
1696	2152
1696	1996
1696	2127
1696	2129
1696	2100
1696	2076
1696	2122
1696	2298
1696	2192
1696	2131
1696	2117
1696	1997
1696	2183
1696	2154
1696	2108
1696	2155
1696	2142
1696	2087
1696	2176
1696	2323
1696	2160
1696	2184
1696	2069

