melhor e media

1621	2278
1621	1771
1608	1914
1603	2140
1601	2061
1601	2132
1551	2151
1551	1857
1551	1849
1551	1765
1551	1774
1551	1721
1551	1624
1551	1599
1551	1626
1551	1729
1551	1694
1551	1922
1551	1796
1551	1798
1543	1768
1543	1810
1543	1785
1543	1914
1543	1736
1543	1855
1543	1983
1543	1861
1543	2066
1543	2049
1543	1877
1543	1748
1543	1829
1543	1897
1543	1869
1543	1872
1543	1777
1543	1845
1543	1935
1543	1799
1543	1817
1543	1684
1543	1834
1543	1937
1543	1752
1543	1802
1543	1721
1543	1750
1543	1890
1543	1913

melhor e media

1665	2551
1592	2067
1592	1968
1592	2084
1592	1999
1569	2114
1569	1796
1569	1806
1569	1832
1569	1934
1569	1841
1569	1835
1569	1885
1569	1915
1569	1839
1569	1964
1569	1846
1569	1795
1569	1767
1569	1863
1569	1821
1569	1895
1569	1773
1569	1739
1569	1926
1569	1837
1569	1814
1569	1883
1569	1792
1569	1890
1569	1817
1569	1713
1569	1768
1569	1797
1569	1759
1569	1884
1569	1839
1569	1707
1569	1803
1569	1927
1569	1891
1569	1804
1569	1847
1569	1886
1569	1875
1569	1944
1569	1845
1569	1765
1569	1981
1569	2071

melhor e media

1551	2340
1551	2025
1551	1961
1551	2044
1551	1704
1551	1744
1551	1719
1551	1648
1551	1690
1551	1692
1551	1716
1551	1728
1551	1662
1551	1691
1551	1680
1551	1714
1551	1655
1551	1751
1551	1682
1551	1858
1551	1779
1551	1624
1551	1685
1551	1754
1551	1763
1551	1953
1551	1902
1551	1644
1551	1627
1551	1860
1551	1869
1551	1699
1551	1695
1551	1843
1551	1687
1551	1723
1551	1864
1551	1979
1551	1863
1551	1674
1551	1704
1551	1725
1551	1937
1551	1785
1551	1886
1551	1674
1551	1692
1551	1692
1551	1808
1551	1772

melhor e media

1632	2312
1632	1882
1632	1830
1611	1855
1611	1761
1604	1811
1603	1851
1603	1910
1589	1880
1582	1989
1551	1662
1551	1629
1551	1767
1551	1832
1551	1801
1551	1915
1551	1797
1551	1784
1551	1763
1551	1665
1551	1829
1551	1802
1551	1712
1551	1856
1551	1776
1551	1838
1551	1665
1551	1755
1551	1801
1551	1823
1551	1713
1551	1808
1551	1717
1551	1702
1551	1879
1551	1809
1551	1759
1551	1742
1551	1816
1551	1789
1551	1719
1551	1696
1551	1700
1551	1843
1551	1792
1551	1871
1551	1829
1551	1759
1551	1784
1551	1802

melhor e media

1664	2302
1636	2073
1636	1917
1636	2050
1636	1863
1636	1834
1636	1820
1636	1908
1635	1816
1635	1885
1635	1854
1635	1805
1635	1864
1622	1848
1614	1905
1589	2010
1589	1731
1589	1852
1589	2025
1589	1844
1589	2018
1589	2070
1589	2065
1589	2122
1589	2221
1589	2160
1589	2209
1589	2072
1589	2044
1589	1970
1589	1984
1589	2153
1589	2038
1589	2016
1589	2002
1589	1995
1589	2025
1589	2021
1589	1999
1589	1941
1589	1905
1589	1893
1589	2062
1589	2040
1589	1957
1589	2139
1589	2030
1589	2035
1589	2110
1589	1924

melhor e media

1551	2385
1551	1955
1551	2068
1551	1696
1551	1688
1551	1614
1551	1651
1551	1669
1551	1710
1551	1782
1551	1751
1551	1884
1551	1771
1551	1698
1551	1714
1551	1699
1551	1693
1551	1900
1551	1723
1551	1713
1551	1737
1551	1728
1551	1691
1551	1714
1543	1791
1543	1713
1543	1744
1543	1799
1543	1776
1543	1824
1543	2072
1543	1851
1543	1731
1543	1835
1543	1850
1543	1765
1543	1888
1543	1776
1543	1775
1543	1875
1543	1840
1543	1926
1543	1841
1543	1751
1543	1817
1543	1801
1543	1818
1543	1865
1543	1715
1543	1725

melhor e media

1644	2458
1622	2006
1569	1949
1555	1951
1551	1736
1551	1669
1551	1824
1551	1791
1551	1875
1551	1849
1551	1752
1551	1852
1551	1815
1551	1704
1551	1626
1551	1755
1551	1759
1551	1839
1551	1726
1551	1786
1551	1752
1551	1705
1551	1835
1551	1947
1551	1774
1551	1683
1551	1695
1551	1841
1551	1880
1551	1692
1551	1811
1551	1871
1551	1716
1551	1719
1551	1768
1543	1820
1543	1816
1543	1730
1543	1839
1543	1819
1543	1971
1543	1862
1543	1877
1543	1747
1543	1731
1543	1848
1543	1767
1543	1721
1543	1761
1543	1812

melhor e media

1579	2525
1579	1987
1579	1902
1579	1858
1579	1759
1579	1750
1579	1855
1579	1779
1579	1796
1579	1837
1579	1813
1579	1832
1579	1836
1579	1830
1579	1826
1579	1831
1579	1785
1569	1737
1569	1774
1569	1774
1569	1656
1569	1660
1569	1743
1569	1775
1569	1784
1569	1700
1569	1735
1569	1824
1569	1736
1569	1882
1569	1816
1569	1779
1569	1716
1569	1752
1569	1749
1569	1776
1569	1769
1569	1774
1569	1711
1569	1690
1569	1741
1569	1815
1569	1933
1569	1844
1569	1829
1569	1750
1569	1826
1569	1790
1569	1806
1569	1803

melhor e media

1699	2586
1699	2008
1625	1910
1625	1880
1593	1808
1592	1911
1589	2142
1589	1902
1589	1732
1589	1822
1589	1823
1589	1704
1589	1822
1589	1807
1589	1782
1589	1777
1589	1881
1589	1820
1589	1853
1589	1849
1579	1829
1579	1770
1579	2167
1579	1837
1579	1803
1579	2017
1569	1876
1569	1994
1569	1962
1569	1805
1569	1829
1569	1981
1569	1935
1569	1943
1569	2059
1569	1883
1569	1835
1569	1817
1569	1869
1569	1799
1569	1857
1569	1805
1569	1783
1569	1833
1569	1755
1569	1931
1569	1801
1569	1860
1569	1824
1569	1906

melhor e media

1620	2302
1613	1938
1563	2016
1563	1852
1543	1786
1543	1811
1543	1875
1543	1900
1543	1839
1543	1906
1543	1772
1543	1741
1543	1869
1543	1913
1543	1857
1543	1766
1543	1831
1543	1762
1543	1841
1543	1881
1543	1832
1543	1762
1543	1887
1543	1718
1543	1793
1543	1837
1543	1824
1543	1749
1543	1705
1543	1710
1543	1753
1543	1787
1543	1907
1543	1985
1543	1839
1543	1743
1543	1882
1543	1800
1543	1869
1543	1818
1543	1888
1543	1964
1543	1756
1543	1833
1543	1871
1543	1935
1543	1831
1543	1748
1543	1873
1543	2003

melhor e media

1664	2305
1551	1969
1551	1935
1551	1749
1551	1691
1551	1667
1551	1640
1551	1820
1551	1732
1551	1766
1551	1701
1551	1921
1551	1739
1551	1769
1551	1708
1551	1628
1551	1677
1551	1708
1551	1646
1551	1738
1551	1757
1551	1669
1551	1750
1551	1722
1551	1751
1551	1721
1551	1936
1551	1829
1551	1740
1551	1785
1551	1844
1551	1681
1551	1778
1551	1807
1551	1754
1551	1646
1551	1840
1551	1818
1551	1693
1551	1726
1551	1768
1551	1877
1551	1835
1551	1713
1551	1730
1551	1723
1551	1775
1551	1923
1551	1828
1551	1861

melhor e media

1603	2552
1589	1998
1589	1817
1585	1858
1585	1672
1585	1662
1585	1716
1585	1721
1579	1680
1579	1680
1576	1830
1576	1849
1576	1850
1576	1901
1576	1855
1569	1920
1551	1862
1551	1940
1551	1772
1551	1860
1551	1891
1551	1866
1551	1795
1551	1700
1543	1623
1543	1635
1543	1721
1543	1761
1543	1804
1543	1765
1543	1762
1543	1820
1543	1784
1543	1753
1543	1837
1543	1884
1543	1828
1543	1908
1543	1832
1543	2008
1543	1909
1543	1866
1543	1864
1543	1764
1543	1700
1543	1880
1543	1761
1543	1806
1543	1817
1543	1805

melhor e media

1589	2212
1563	1914
1562	1898
1555	1853
1555	1768
1555	1716
1555	1738
1543	1741
1543	1720
1543	2062
1543	1820
1543	1858
1543	1762
1543	1823
1543	1923
1543	1767
1543	1876
1543	1904
1543	2033
1543	1842
1543	2016
1543	1825
1543	1810
1543	1841
1543	1865
1543	1908
1543	1674
1543	1812
1543	1829
1543	1975
1543	1794
1543	1904
1543	1924
1543	1817
1543	1722
1543	1887
1543	1986
1543	1866
1543	1966
1543	1958
1543	1942
1543	1779
1543	1893
1543	1990
1543	1939
1543	1692
1543	1814
1543	1898
1543	1916
1543	1821

melhor e media

1628	2350
1607	2001
1607	1933
1594	1950
1594	1978
1589	1751
1589	1861
1589	1806
1589	1741
1589	1891
1589	1770
1589	1698
1589	1856
1589	1790
1589	1879
1589	1828
1589	1774
1589	1801
1589	1798
1589	1695
1589	1691
1589	1744
1589	1825
1589	1816
1589	1733
1589	1707
1589	1766
1589	1905
1577	1745
1577	1892
1577	1832
1577	1864
1577	1715
1577	1660
1577	1661
1577	1838
1577	1748
1577	1779
1577	1816
1577	1841
1577	1749
1577	1690
1577	1776
1577	1900
1577	1810
1577	1797
1577	1930
1577	1735
1577	1830
1577	1702

melhor e media

1596	2470
1596	2234
1579	1889
1579	1901
1579	1767
1569	1824
1569	1692
1569	1731
1569	1812
1569	1730
1569	1679
1569	1802
1569	1755
1569	1777
1569	1876
1569	1770
1569	1796
1569	1805
1569	1776
1569	1753
1569	1824
1569	1896
1569	1857
1569	1778
1569	1853
1569	1799
1569	1801
1569	1759
1569	1753
1569	1834
1569	1842
1569	1963
1569	1766
1569	1779
1569	1889
1569	1820
1569	1768
1569	1863
1569	1884
1569	1797
1569	1791
1569	1765
1569	1681
1569	1785
1569	1870
1569	1928
1569	1800
1569	1848
1569	1836
1569	1824

melhor e media

1665	2341
1661	1886
1576	1912
1576	2098
1576	2164
1563	2088
1563	1827
1563	1791
1563	1956
1563	1799
1563	1761
1555	1721
1555	1752
1555	1808
1555	1846
1555	1782
1555	1833
1555	1807
1555	1888
1555	1772
1555	1871
1555	1996
1555	1889
1555	1747
1543	1754
1543	1711
1543	1682
1543	1731
1543	1730
1543	1800
1543	1720
1543	1934
1543	1840
1543	1849
1543	1948
1543	1789
1543	1754
1543	1738
1543	1665
1543	1880
1543	1856
1543	1888
1543	1784
1543	1968
1543	1742
1543	1740
1543	1681
1543	1687
1543	1787
1543	1764

melhor e media

1636	2256
1626	2142
1563	1908
1563	1985
1563	1883
1562	1767
1562	1698
1562	1873
1562	1918
1562	1865
1562	1889
1562	1704
1562	1741
1562	1790
1555	1736
1555	1750
1555	1741
1555	1890
1551	1830
1551	1767
1551	1842
1551	2115
1551	1846
1551	1856
1551	1713
1551	1798
1551	1684
1551	1851
1551	1776
1551	1678
1551	1769
1551	1697
1551	1735
1551	1667
1551	1641
1551	1713
1551	1698
1551	1726
1551	1893
1551	1776
1551	1865
1551	1760
1551	1916
1551	1790
1551	1781
1551	1915
1551	1826
1551	1871
1551	1877
1551	1787

melhor e media

1589	2296
1589	2118
1589	1868
1589	2139
1589	2368
1589	2310
1589	2369
1589	2436
1589	2394
1589	2442
1589	2400
1589	2324
1589	2348
1589	2304
1589	2245
1589	2279
1589	2126
1589	2073
1589	2248
1589	2221
1589	2326
1589	2207
1589	2182
1589	2005
1589	1996
1589	2049
1589	2092
1589	2060
1589	1981
1589	1978
1589	1876
1589	2013
1589	1991
1589	2063
1589	2093
1589	1944
1589	2035
1589	2033
1589	2058
1589	1973
1589	2155
1589	1979
1589	2055
1589	2031
1589	1912
1589	1972
1589	2123
1589	1998
1589	2048
1589	2134

melhor e media

1621	2274
1596	1895
1585	1887
1585	1718
1562	1754
1562	1839
1562	1803
1562	1944
1562	1804
1562	1795
1562	1683
1562	1668
1555	1825
1555	1725
1555	1783
1543	1768
1543	1851
1543	1891
1543	1962
1543	1843
1543	1966
1543	2023
1543	1905
1543	1847
1543	1885
1543	1781
1543	1831
1543	1873
1543	1915
1543	1932
1543	2043
1543	1904
1543	1832
1543	2038
1543	2084
1543	1948
1543	2158
1543	1956
1543	2077
1543	2014
1543	1890
1543	1753
1543	1853
1543	1792
1543	1748
1543	1775
1543	1868
1543	2039
1543	1794
1543	1925

melhor e media

1571	2425
1571	2046
1571	1797
1571	1802
1571	1898
1571	2039
1562	1938
1562	1829
1562	1895
1562	1789
1562	1899
1562	1729
1562	1737
1562	1722
1562	1847
1562	1857
1562	1819
1555	1740
1555	1916
1543	1776
1543	1761
1543	1752
1543	1976
1543	1793
1543	1772
1543	1870
1543	1805
1543	1818
1543	1947
1543	1997
1543	1800
1543	1795
1543	1965
1543	1859
1543	1831
1543	1834
1543	2115
1543	2071
1543	1847
1543	1970
1543	1786
1543	1808
1543	1755
1543	1770
1543	1843
1543	1750
1543	1752
1543	1857
1543	1811
1543	1747

melhor e media

1551	2268
1551	1883
1543	1864
1543	1752
1543	1788
1543	1888
1543	1660
1543	1771
1543	1830
1543	1855
1543	1751
1543	1722
1543	1732
1543	1793
1543	1653
1543	1785
1543	1755
1543	1848
1543	1950
1543	1923
1543	1912
1543	1801
1543	1792
1543	1827
1543	1908
1543	1762
1543	1878
1543	1833
1543	1838
1543	1780
1543	1952
1543	1764
1543	1855
1543	1817
1543	1733
1543	1754
1543	1822
1543	1744
1543	1735
1543	1883
1543	1793
1543	1773
1543	1734
1543	1877
1543	1734
1543	1733
1543	1883
1543	1917
1543	1847
1543	1786

melhor e media

1628	2462
1543	1868
1543	2069
1543	1857
1543	1741
1543	1795
1543	1802
1543	1920
1543	1892
1543	1729
1543	1728
1543	1779
1543	1815
1543	1707
1543	1772
1543	1835
1543	1892
1543	1865
1543	1922
1543	1800
1543	1819
1543	1966
1543	1754
1543	1795
1543	1792
1543	1819
1543	1722
1543	1838
1543	1858
1543	1813
1543	1829
1543	1765
1543	1718
1543	1766
1543	1784
1543	1851
1543	1794
1543	1858
1543	1888
1543	1711
1543	1709
1543	1723
1543	1666
1543	1774
1543	1704
1543	1828
1543	1913
1543	1823
1543	1770
1543	1796

melhor e media

1697	2370
1620	1978
1620	1877
1620	1786
1620	1862
1611	1911
1611	1811
1590	1795
1590	1829
1590	1897
1590	1820
1590	1751
1590	1888
1590	1832
1590	1805
1590	1814
1590	1895
1590	1914
1590	1828
1590	1765
1543	1816
1543	2274
1543	1871
1543	1904
1543	1796
1543	1742
1543	1776
1543	1825
1543	1807
1543	2076
1543	1874
1543	1718
1543	1752
1543	1853
1543	1940
1543	1850
1543	1858
1543	1741
1543	1751
1543	1711
1543	1733
1543	1954
1543	1714
1543	1724
1543	1805
1543	1824
1543	1958
1543	1926
1543	1908
1543	1929

melhor e media

1589	2257
1551	1900
1551	2100
1551	2068
1551	1716
1551	1737
1551	1868
1551	1819
1551	1916
1551	1809
1551	1746
1543	1731
1543	1786
1543	1893
1543	1970
1543	1815
1543	1864
1543	1748
1543	1876
1543	1848
1543	1752
1543	1845
1543	1965
1543	1875
1543	1992
1543	1830
1543	1736
1543	1891
1543	1765
1543	1825
1543	1801
1543	1850
1543	1805
1543	1834
1543	1868
1543	1874
1543	1986
1543	1933
1543	1847
1543	1963
1543	1904
1543	1909
1543	1750
1543	1885
1543	1951
1543	1664
1543	1799
1543	1814
1543	1805
1543	1856

melhor e media

1641	2361
1562	1927
1562	1942
1562	1975
1562	1898
1562	1822
1562	1787
1562	1835
1562	1871
1562	1800
1562	1726
1562	1870
1562	1710
1562	1783
1562	1793
1562	1817
1562	1704
1562	1841
1562	1805
1562	1827
1562	1774
1562	1701
1562	1819
1562	1766
1562	1679
1562	1673
1562	1784
1562	1687
1551	1731
1551	1749
1551	1878
1551	1806
1551	1778
1551	1760
1551	1698
1551	1907
1551	1775
1551	1671
1551	1700
1551	1655
1551	1792
1551	1790
1551	1659
1551	1689
1551	1645
1551	1784
1551	1812
1551	1934
1551	1870
1551	1797

melhor e media

1613	2479
1613	2062
1589	1749
1589	1870
1589	1836
1589	1856
1589	1839
1589	1804
1589	1863
1589	1875
1589	1841
1589	1975
1589	1834
1589	1932
1589	1894
1589	1970
1589	1979
1589	1839
1589	1717
1589	1831
1589	1759
1589	1811
1589	1809
1589	1791
1589	1856
1589	1816
1589	1773
1589	1847
1589	1887
1589	1836
1589	1980
1589	1980
1589	1805
1589	1955
1589	1941
1589	1950
1589	1908
1589	1884
1589	1795
1589	1911
1589	1761
1589	1770
1589	2011
1551	1812
1551	1760
1551	1819
1551	1725
1551	1662
1551	1644
1551	1623

melhor e media

1589	2558
1553	1990
1553	1948
1553	1822
1553	1671
1553	1739
1553	1971
1553	1870
1553	1889
1553	1850
1553	1843
1553	1922
1553	1825
1553	1929
1553	1882
1553	1880
1553	1888
1553	1749
1553	1835
1551	1841
1551	1696
1551	1703
1551	1786
1551	1808
1551	1811
1551	1802
1551	1746
1551	1792
1551	1623
1551	1751
1551	1878
1551	1868
1551	1725
1551	1727
1551	1626
1551	1687
1551	1762
1551	1764
1551	1761
1551	1847
1551	1730
1551	1722
1551	1747
1551	1806
1551	1761
1551	1728
1551	1715
1551	1811
1551	1768
1551	1766

melhor e media

1607	2391
1601	1897
1589	1879
1551	2105
1551	1856
1551	1801
1551	1806
1551	1740
1551	1647
1551	1753
1551	1664
1551	1743
1551	1711
1551	1799
1551	1731
1551	1724
1551	1695
1551	1654
1551	1681
1551	1651
1551	1661
1551	1788
1551	1728
1551	1684
1551	1811
1551	1764
1551	1694
1551	1720
1551	1823
1551	1670
1551	1640
1551	1703
1551	1736
1551	1658
1551	1696
1551	1786
1551	1748
1551	1685
1551	1708
1551	1692
1551	1735
1551	1805
1551	1780
1551	1804
1551	1746
1551	1757
1551	1799
1551	1803
1551	1732
1551	1659

melhor e media

1697	2475
1620	2130
1620	1973
1604	1871
1602	1853
1602	1820
1589	1935
1589	1847
1589	1840
1589	1790
1589	2187
1589	2414
1589	2326
1589	2164
1589	2280
1589	2243
1589	2497
1589	2581
1589	2512
1589	2031
1589	2005
1589	2090
1589	2308
1589	2395
1589	2367
1589	2239
1589	2396
1589	2305
1589	2266
1589	2364
1589	2286
1589	2248
1589	2200
1589	2029
1589	2165
1589	2089
1589	2080
1589	2040
1589	1986
1589	1875
1589	1982
1589	1986
1589	1940
1589	1990
1589	1954
1589	2089
1589	1970
1589	2235
1589	2102
1589	2048

melhor e media

1589	2268
1585	1971
1577	1968
1577	1883
1577	1777
1577	1728
1577	1811
1577	1686
1577	1659
1577	1785
1577	1750
1577	1667
1577	1873
1577	1787
1577	1684
1577	1714
1577	1911
1577	1746
1563	1784
1543	1887
1543	1858
1543	1932
1543	1824
1543	1723
1543	1802
1543	1801
1543	1821
1543	1740
1543	1728
1543	1862
1543	1755
1543	1725
1543	1699
1543	1691
1543	1863
1543	1812
1543	1757
1543	1669
1543	1747
1543	1807
1543	1791
1543	1864
1543	1848
1543	1719
1543	1771
1543	1817
1543	1878
1543	1812
1543	1822
1543	1876

