melhor e media

1781	2968
1728	2528
1728	2349
1728	2394
1728	2091
1728	2270
1728	2238
1728	2021
1728	2186
1728	2167
1728	2052
1728	2033
1728	1969
1728	1941
1728	1945
1728	2188
1728	2157
1728	2017
1728	1910
1728	1879
1728	1941
1728	2045
1728	1960
1728	1990
1728	2062
1728	2059
1728	2103
1728	2178
1728	2033
1728	2095
1728	1943
1728	1867
1728	1800
1728	1833
1728	1954
1728	1863
1728	1887
1728	1841
1728	2057
1728	1963
1728	2026
1728	2075
1728	1947
1728	2020
1728	1900
1728	2076
1728	2001
1728	1959
1728	2168
1728	2142

melhor e media

1896	2828
1785	2659
1768	2411
1721	2540
1721	2380
1721	2339
1721	2416
1721	2325
1721	2302
1721	2073
1721	2038
1721	2217
1721	2297
1721	2278
1721	2060
1721	1933
1721	2060
1721	1983
1721	1971
1721	2017
1721	2084
1721	1927
1721	1977
1721	2025
1721	1949
1721	2102
1721	2119
1721	2361
1721	2223
1721	2149
1721	2053
1721	2093
1721	1970
1721	2037
1721	2119
1721	2071
1721	2103
1721	2003
1721	1953
1721	2115
1721	2032
1721	2050
1721	2274
1721	2411
1721	2316
1721	2137
1721	2125
1721	2025
1721	1952
1721	1934

melhor e media

1884	2818
1818	2441
1796	2522
1781	2278
1781	2541
1781	2534
1781	2522
1781	2467
1781	2517
1781	2399
1781	2315
1781	2423
1781	2364
1781	2260
1781	2203
1781	2207
1781	2227
1781	2039
1781	2088
1781	2255
1781	2358
1781	2270
1781	2427
1781	2360
1781	2143
1781	2144
1781	2173
1781	2256
1781	2171
1781	2279
1781	2144
1781	1965
1781	2226
1781	2254
1781	2195
1781	2217
1781	2208
1781	2263
1781	2383
1781	2266
1781	2332
1781	2112
1781	2204
1781	2028
1781	2129
1781	2278
1781	2335
1781	2137
1781	2269
1781	2514

melhor e media

1894	2908
1809	2977
1781	2566
1776	2694
1776	2639
1776	2653
1776	2433
1776	2095
1776	2198
1675	2153
1675	1963
1675	2008
1655	1964
1642	2196
1641	1859
1641	1911
1641	1913
1641	1893
1641	1783
1641	1764
1641	1721
1641	2053
1641	1991
1641	1843
1641	1841
1641	2104
1641	1949
1641	1999
1641	1966
1641	1837
1641	1844
1641	1821
1641	1821
1641	1949
1641	1865
1641	1914
1641	2029
1641	1835
1641	1810
1641	1857
1641	1925
1641	1944
1641	2056
1641	1916
1641	1870
1641	1813
1641	1910
1641	1870
1641	1846
1641	2062

melhor e media

1800	2807
1752	2795
1726	2637
1726	2563
1726	2444
1726	2389
1675	2347
1675	2184
1675	2236
1655	2227
1655	2048
1655	1949
1655	1946
1655	2177
1655	2092
1655	2047
1655	1878
1655	1880
1655	1952
1655	1836
1655	1813
1655	1878
1642	1867
1641	1887
1641	1856
1641	1882
1641	1742
1641	1853
1641	1976
1641	1987
1641	1899
1641	2026
1641	1973
1641	1826
1641	1979
1641	2089
1641	2003
1641	2100
1641	1976
1641	1967
1641	1931
1641	2004
1641	1949
1641	1971
1641	1880
1641	1979
1641	2069
1641	1807
1641	1953
1641	1893

melhor e media

1847	2673
1729	2447
1655	2401
1655	2158
1655	2151
1655	2140
1655	2101
1655	2116
1642	1962
1641	1855
1641	2018
1641	2010
1641	2060
1641	1969
1641	1865
1641	1928
1641	2082
1641	1934
1641	1890
1641	1877
1641	1806
1641	1812
1641	1792
1641	1757
1641	1962
1641	2012
1641	1861
1641	1952
1641	1937
1641	1879
1641	1856
1641	1917
1641	1873
1641	1852
1641	1822
1641	2231
1641	1986
1641	1988
1641	1960
1641	1921
1641	1883
1641	1882
1641	1958
1641	1936
1641	2025
1641	1823
1641	2027
1641	2067
1641	2043
1641	1896

melhor e media

1825	3023
1756	2564
1756	2720
1756	2731
1756	2481
1756	2291
1756	2215
1756	2160
1756	2201
1756	2078
1756	1955
1756	2146
1756	2289
1756	2253
1756	2064
1756	2047
1756	2071
1756	1893
1756	1986
1756	2005
1756	2030
1756	2090
1756	2034
1756	2178
1756	2138
1756	2014
1756	1939
1756	2112
1756	2141
1756	1965
1756	1968
1728	1973
1728	2227
1728	2235
1728	2275
1728	2284
1728	2187
1728	1997
1728	2071
1728	1920
1728	1918
1728	1894
1728	1928
1728	1849
1728	1998
1728	1991
1728	1943
1728	1892
1728	1993
1728	1969

melhor e media

1666	2873
1666	2757
1642	2664
1641	2368
1641	2170
1641	2094
1641	2256
1641	1990
1641	2116
1641	1957
1641	2012
1641	2038
1641	1996
1641	1888
1641	1945
1641	1934
1641	2058
1641	1965
1641	1961
1641	1961
1641	2040
1641	1827
1641	1976
1641	1982
1641	1916
1641	1810
1641	1835
1641	1966
1641	1831
1641	1947
1641	1905
1641	2047
1641	2065
1641	1972
1641	1974
1641	1930
1641	1822
1641	2001
1641	2123
1641	2015
1641	2127
1641	2070
1641	2042
1641	2089
1641	2004
1641	2137
1641	2081
1641	2165
1641	2036
1641	2099

melhor e media

1790	2786
1790	2439
1790	2387
1790	2248
1790	2315
1790	2259
1790	2248
1790	2044
1790	2179
1790	2095
1790	2048
1790	2124
1790	1991
1790	2091
1790	1995
1790	2063
1790	1889
1790	2006
1790	2130
1790	1933
1790	2060
1790	2092
1790	1955
1790	2126
1756	2068
1756	2728
1756	2781
1756	2794
1756	2402
1756	2312
1756	2305
1756	2106
1756	2041
1756	2150
1756	2122
1756	2191
1756	2144
1756	2120
1756	2184
1756	2266
1756	2234
1756	2119
1756	2253
1756	2246
1756	2086
1756	2212
1756	2078
1756	1961
1756	2099
1756	2161

melhor e media

1889	2765
1779	2547
1779	1963
1779	1967
1779	2025
1779	2021
1779	2093
1779	1981
1779	1884
1779	2024
1779	1951
1779	2039
1779	2000
1779	1979
1696	2012
1696	2030
1696	1976
1696	1863
1696	1922
1696	2023
1696	2089
1696	1978
1696	1980
1696	1924
1696	2013
1696	1846
1696	2144
1696	1924
1696	1986
1696	1950
1696	2059
1696	1861
1696	1946
1696	1965
1696	2089
1696	2030
1696	2071
1696	1933
1696	1899
1696	1958
1696	1841
1696	1936
1696	1986
1696	1881
1696	1815
1696	2007
1696	1898
1696	1893
1696	1895
1696	1869

melhor e media

1852	2695
1766	2542
1766	2586
1766	2190
1766	2244
1766	2122
1766	2147
1766	2057
1766	1987
1766	2061
1766	2225
1766	2026
1766	2134
1766	2299
1766	2068
1766	2297
1766	2070
1766	2047
1766	1963
1766	2095
1766	1956
1766	1890
1766	1904
1766	1988
1766	1903
1766	1902
1766	1933
1766	2246
1766	2213
1766	1972
1766	2204
1766	2180
1766	2035
1766	2202
1766	2067
1766	2115
1766	2206
1766	2081
1766	2287
1766	2310
1766	2163
1766	2056
1766	1939
1766	2120
1766	2257
1766	2123
1766	2056
1766	2125
1766	2070
1766	2276

melhor e media

1873	2915
1756	2535
1729	2434
1729	2563
1729	2394
1655	2094
1655	2148
1655	2028
1655	2037
1655	1948
1655	2020
1655	1891
1655	1802
1655	1757
1655	1759
1655	1888
1655	1795
1655	1839
1655	1876
1655	1931
1655	1951
1641	2104
1641	2075
1641	1916
1641	1915
1641	1858
1641	1891
1641	1931
1641	1909
1641	1995
1641	2024
1641	2109
1641	2066
1641	1883
1641	1827
1641	1814
1641	1982
1641	1925
1641	1860
1641	1752
1641	1718
1641	1933
1641	1817
1641	1885
1641	1850
1641	1931
1641	1957
1641	1984
1641	2092
1641	1992

melhor e media

1819	2739
1776	2548
1728	2434
1728	2380
1728	2184
1728	2332
1728	2301
1728	1994
1728	2067
1728	2045
1728	2043
1728	2086
1728	2213
1728	2209
1728	2140
1728	2069
1728	2055
1675	2126
1642	2037
1641	2199
1641	2075
1641	1929
1641	2039
1641	2075
1641	2120
1641	1981
1641	1976
1641	2164
1641	1852
1641	1929
1641	1870
1641	1783
1641	1907
1641	1985
1641	2227
1641	2090
1641	1842
1641	1930
1641	1933
1641	2181
1641	2229
1641	2184
1641	1966
1641	1977
1641	1991
1641	1820
1641	1930
1641	1867
1641	1890
1641	1843

melhor e media

1832	3117
1776	2758
1756	2657
1756	2452
1756	2443
1756	2419
1728	2178
1728	2447
1728	2386
1728	1998
1728	1958
1728	2074
1728	2057
1728	2070
1728	1870
1728	1908
1728	1958
1728	1883
1728	1934
1728	2025
1728	1968
1728	1987
1728	1976
1728	1839
1728	1848
1728	1798
1728	1891
1728	1888
1728	1855
1728	2033
1728	2005
1728	2097
1728	2010
1728	2098
1728	2067
1728	2045
1728	2006
1728	2161
1728	2073
1728	2276
1728	2104
1728	2003
1728	2011
1728	2070
1728	2131
1728	1957
1728	2049
1728	2011
1728	2081
1728	2229

melhor e media

1756	3078
1756	2700
1756	2185
1756	2173
1756	2064
1756	2172
1756	2131
1756	2014
1756	2105
1756	2062
1756	2004
1756	2166
1756	2248
1756	2210
1756	2016
1756	2003
1756	2073
1756	2134
1756	2132
1756	2183
1756	2094
1756	2023
1756	1907
1756	1942
1756	1893
1756	1973
1756	2009
1756	1969
1756	1885
1756	2153
1756	1992
1756	1981
1756	2011
1756	1884
1756	1929
1756	2031
1756	2136
1756	2098
1756	2084
1756	2124
1756	1967
1756	1976
1756	2077
1756	2065
1756	2032
1756	1962
1756	1996
1756	1931
1756	1907
1756	1926

melhor e media

1821	2917
1664	2476
1641	2246
1641	2169
1641	2329
1641	2044
1641	1979
1641	1918
1641	2096
1641	1917
1641	1935
1641	2098
1641	2091
1641	1987
1641	1833
1641	1845
1641	2041
1641	1869
1641	1880
1641	1905
1641	1771
1641	1763
1641	1897
1641	1942
1641	1854
1641	1852
1641	1934
1641	2093
1641	2043
1641	1933
1641	2022
1641	1929
1641	1914
1641	1962
1641	2154
1641	2001
1641	2224
1641	1926
1641	1850
1641	1955
1641	2003
1641	2129
1641	1931
1641	1894
1641	1903
1641	1927
1641	2029
1641	1974
1641	1815
1641	1913

melhor e media

1825	2687
1825	2533
1825	2325
1825	2095
1825	2038
1825	2152
1825	2206
1825	2067
1825	2099
1825	2105
1825	2054
1825	2036
1825	1938
1825	1923
1825	2171
1825	2042
1825	1997
1825	2094
1825	2012
1825	2022
1825	2059
1825	1990
1825	1932
1825	1942
1825	2259
1825	2089
1825	2038
1825	2018
1825	2153
1825	1933
1825	2025
1825	1912
1825	1974
1825	1983
1825	1999
1825	2152
1825	1904
1825	2110
1825	2034
1825	2079
1825	2046
1825	2050
1811	1968
1811	2553
1811	2257
1753	2167
1753	2059
1753	2109
1753	2016
1753	1923

melhor e media

1871	2817
1871	2585
1851	2213
1821	2248
1821	2313
1821	1975
1782	1941
1762	2010
1696	2146
1696	1956
1696	1929
1696	1940
1696	1830
1696	1770
1696	1792
1696	1854
1696	1788
1696	1865
1696	1783
1696	1856
1696	1891
1696	1859
1696	1782
1696	1834
1696	1769
1696	1825
1696	1973
1696	1868
1696	1985
1696	1957
1696	1875
1696	1964
1696	1916
1696	1942
1696	1991
1696	1871
1696	2005
1696	1836
1696	1799
1696	1833
1696	1766
1696	1814
1696	1851
1696	1768
1696	1886
1696	1883
1696	1870
1696	1878
1696	1927
1696	2047

melhor e media

1866	2964
1761	2508
1761	2577
1655	2585
1655	2364
1655	2128
1641	2027
1641	1934
1641	1973
1641	1979
1641	2009
1641	1977
1641	1788
1641	1849
1641	1740
1641	1765
1641	1889
1641	1971
1641	1840
1641	1834
1641	1775
1641	1833
1641	1924
1641	1779
1641	1929
1641	1856
1641	1831
1641	1934
1641	1994
1641	2000
1641	1980
1641	2084
1641	2095
1641	2061
1641	2044
1641	1888
1641	1903
1641	1882
1641	2126
1641	1987
1641	2102
1641	1964
1641	1911
1641	1930
1641	2066
1641	1893
1641	1953
1641	1790
1641	1918
1641	1845

melhor e media

1874	2858
1873	2452
1729	2639
1729	2353
1729	2344
1729	2246
1729	2031
1729	2194
1655	2067
1655	1952
1655	1979
1655	2099
1655	2021
1655	1870
1655	1865
1655	1886
1655	1842
1655	1823
1655	1947
1655	1850
1655	1876
1655	1714
1655	1802
1655	1995
1655	1930
1655	1995
1655	2003
1655	1900
1655	1869
1655	1824
1655	1792
1655	1900
1655	1875
1655	1873
1655	1913
1655	1785
1641	1822
1641	1857
1641	1914
1641	2139
1641	2041
1641	2097
1641	1928
1641	2015
1641	2015
1641	1891
1641	2004
1641	1920
1641	1857
1641	1972

melhor e media

1861	2855
1861	2472
1861	2427
1861	2362
1861	2365
1861	2238
1861	2097
1861	2032
1861	2035
1861	2067
1861	2116
1861	2073
1861	2034
1861	2068
1861	2162
1861	2207
1861	2133
1861	1979
1861	2018
1861	1971
1861	2121
1861	2005
1861	2046
1861	2027
1752	1998
1752	2388
1752	2409
1737	2381
1729	2217
1729	2269
1729	2289
1729	2255
1729	2306
1726	2174
1664	2164
1655	2181
1655	2119
1655	1858
1655	1925
1655	1777
1655	1942
1655	1844
1655	1954
1655	1852
1655	1837
1655	1796
1655	1912
1655	2057
1655	1875
1655	2152

melhor e media

1907	2846
1776	2302
1776	2756
1776	2662
1752	2617
1729	2600
1726	2334
1726	2135
1726	2187
1726	2194
1667	2135
1655	2111
1655	2024
1655	2021
1655	1892
1642	1962
1641	1989
1641	1866
1641	1801
1641	1811
1641	1850
1641	1785
1641	1886
1641	1906
1641	2008
1641	1716
1641	1800
1641	1804
1641	1811
1641	1954
1641	1874
1641	1933
1641	2119
1641	1917
1641	2009
1641	2122
1641	1904
1641	1950
1641	2010
1641	2099
1641	2024
1641	2103
1641	1794
1641	1840
1641	1910
1641	1993
1641	1836
1641	1852
1641	2029
1641	2029

melhor e media

1729	2999
1729	2662
1726	2453
1675	2314
1675	2322
1675	2230
1675	2344
1675	2085
1655	2037
1655	1888
1641	2056
1641	2019
1641	2120
1641	2007
1641	1984
1641	1994
1641	1880
1641	2005
1641	1993
1641	1922
1641	1797
1641	1735
1641	1845
1641	1855
1641	2070
1641	1958
1641	1853
1641	1966
1641	1840
1641	1691
1641	2089
1641	1959
1641	1981
1641	1888
1641	2096
1641	1952
1641	2125
1641	2020
1641	2030
1641	2157
1641	1904
1641	1969
1641	2099
1641	1901
1641	1909
1641	1997
1641	1945
1641	1893
1641	1826
1641	1914

melhor e media

1655	2798
1655	2534
1655	2364
1655	2079
1655	2043
1655	2009
1655	2105
1655	2081
1655	1903
1655	1838
1655	1924
1655	1744
1655	1909
1655	1861
1655	1867
1655	1871
1655	1993
1655	1849
1655	1859
1655	1767
1655	1855
1655	1898
1655	1851
1655	1855
1655	1830
1655	1862
1641	1817
1641	1885
1641	1858
1641	1826
1641	1800
1641	1831
1641	1831
1641	1835
1641	1854
1641	1938
1641	2031
1641	1917
1641	1914
1641	2028
1641	2100
1641	1842
1641	1873
1641	2013
1641	1941
1641	1987
1641	1974
1641	1920
1641	2328
1641	2376

melhor e media

2080	2954
1861	2560
1861	2522
1815	2564
1726	2747
1726	2981
1726	2529
1726	2251
1726	2176
1726	2128
1726	2220
1726	2066
1726	1978
1726	1990
1726	1983
1726	2116
1675	2116
1664	2045
1664	2023
1655	1941
1655	1968
1655	2018
1655	1995
1655	1869
1655	1930
1655	1927
1655	1866
1655	1941
1655	2027
1655	1902
1655	2075
1655	2093
1655	2053
1655	2063
1655	2055
1655	1883
1642	1883
1642	1880
1641	1961
1641	2078
1641	1971
1641	2216
1641	2200
1641	1969
1641	2046
1641	2079
1641	1962
1641	1900
1641	1938
1641	1973

melhor e media

1822	2805
1764	2733
1696	2427
1696	2260
1696	2237
1696	2088
1696	2192
1696	2117
1696	2026
1696	2014
1696	1951
1696	2002
1696	2044
1696	2036
1696	1879
1696	2006
1696	1960
1696	1924
1696	1896
1696	1844
1696	1962
1696	1824
1696	1862
1696	1905
1696	1962
1696	1969
1696	1954
1696	2029
1696	1987
1696	1931
1696	1860
1696	1913
1696	1959
1696	2002
1696	2118
1696	2052
1696	1951
1696	1974
1696	1831
1696	1882
1696	1799
1696	1779
1696	1932
1696	1854
1696	1787
1696	1826
1696	1831
1696	1849
1696	1851
1696	1809

melhor e media

1885	2870
1842	2584
1825	2344
1825	2203
1825	2068
1825	2052
1825	2142
1825	2184
1825	2262
1825	2037
1825	2070
1825	2170
1825	2253
1825	2142
1825	2183
1825	1994
1825	1948
1825	2129
1825	1932
1825	2040
1825	2041
1825	2060
1825	2112
1825	2016
1825	2052
1825	1964
1825	2111
1825	2003
1825	2066
1825	2056
1825	2179
1825	2198
1825	2207
1825	2233
1825	2147
1825	2135
1825	2006
1825	2260
1825	2119
1825	2080
1825	2111
1825	2092
1825	2004
1825	1857
1825	1919
1825	1984
1825	2084
1825	1993
1825	1916
1825	2123

melhor e media

1892	2799
1655	2344
1655	2280
1655	2015
1642	2110
1641	2163
1641	2040
1641	2032
1641	1868
1641	1837
1641	1872
1641	2018
1641	1763
1641	1919
1641	2032
1641	1882
1641	1901
1641	1851
1641	1806
1641	2054
1641	2034
1641	1916
1641	1982
1641	2009
1641	1926
1641	1913
1641	2229
1641	1996
1641	1978
1641	2098
1641	1963
1641	2030
1641	2055
1641	1983
1641	1998
1641	1961
1641	2034
1641	1802
1641	1882
1641	1980
1641	1818
1641	1979
1641	1885
1641	1944
1641	1808
1641	1805
1641	1824
1641	1909
1641	1899
1641	1901

melhor e media

1889	2754
1764	2565
1764	2575
1696	2340
1696	2103
1696	1993
1696	1935
1696	1841
1696	1883
1696	2004
1696	1896
1696	1888
1696	1955
1696	2009
1696	2046
1696	1873
1696	1999
1696	1913
1696	1943
1696	1905
1696	1866
1696	1885
1696	1842
1696	1998
1696	1922
1696	1840
1696	1830
1696	1794
1696	1908
1696	1831
1696	1775
1696	1861
1696	1847
1696	1860
1696	1989
1696	2019
1696	1914
1696	1917
1696	1957
1696	1907
1696	1794
1696	1771
1696	1809
1696	1772
1696	1774
1696	1810
1696	1905
1696	1946
1696	1840
1696	1872

melhor e media

1856	2966
1763	2661
1683	2641
1683	2348
1683	2100
1677	2044
1675	1983
1641	2003
1641	2144
1641	2293
1641	2102
1641	1912
1641	1913
1641	2007
1641	1809
1641	1893
1641	1945
1641	1842
1641	1822
1641	1935
1641	1946
1641	2017
1641	1942
1641	2014
1641	2047
1641	1998
1641	2074
1641	1996
1641	2048
1641	2053
1641	1990
1641	1891
1641	2033
1641	2040
1641	1979
1641	1976
1641	2011
1641	2079
1641	2005
1641	1981
1641	1792
1641	1861
1641	1917
1641	1927
1641	1939
1641	1861
1641	1868
1641	2009
1641	1917
1641	2043

