melhor e media
1220	1976
1220	1721
1158	1450
1158	1309
1158	1434
1158	1360
1158	1476
1158	1658
1158	1434
1158	1658
1158	1505
1158	1650
1158	1588
1158	1553
1158	1403
1158	1363
1158	1367
1158	1544
1158	1374
1158	1283
1158	1378
1158	1451
1158	1430
1158	1607
1158	1473
1158	1427
1158	1461
1158	1510
1158	1389
1158	1375
1158	1400
1158	1491
1158	1310
1158	1355
1158	1488
1158	1390
1158	1424
1158	1436
1158	1588
1158	1320
1158	1314
1158	1553
1158	1438
1158	1357
1158	1403
1158	1581
1158	1466
1158	1517
1158	1323
1158	1311

melhor e media
1158	2115
1158	1885
1158	1497
1158	1527
1158	1439
1158	1371
1158	1390
1158	1513
1158	1414
1158	1484
1158	1509
1158	1528
1158	1332
1158	1532
1158	1379
1158	1372
1158	1441
1158	1327
1158	1406
1158	1513
1158	1389
1158	1380
1158	1457
1158	1375
1158	1530
1158	1492
1158	1430
1158	1391
1158	1329
1158	1292
1158	1296
1158	1536
1158	1718
1158	1533
1158	1428
1158	1368
1158	1599
1158	1527
1158	1375
1158	1552
1158	1465
1158	1488
1158	1528
1158	1326
1158	1374
1158	1376
1158	1363
1158	1356
1158	1328
1158	1519

melhor e media
1282	2212
1282	2103
1177	1949
1172	1384
1158	1404
1158	1362
1158	1553
1158	1707
1158	1414
1158	1710
1158	1533
1158	1481
1158	1472
1158	1299
1158	1412
1158	1415
1158	1410
1158	1381
1158	1377
1158	1468
1158	1424
1158	1311
1158	1384
1158	1528
1158	1352
1158	1362
1158	1505
1158	1387
1158	1530
1158	1436
1158	1478
1158	1425
1158	1510
1158	1633
1158	1499
1158	1538
1158	1393
1158	1468
1158	1366
1158	1301
1158	1510
1158	1533
1158	1540
1158	1605
1158	1537
1158	1585
1158	1500
1158	1481
1158	1485
1158	1289

melhor e media
1264	2256
1232	1667
1232	1563
1201	1480
1201	1477
1201	1349
1201	1374
1201	1369
1201	1386
1201	1595
1201	1379
1201	1404
1201	1398
1201	1414
1201	1636
1195	1444
1195	1429
1195	1518
1195	1494
1191	1451
1191	1377
1191	1368
1191	1428
1191	1426
1191	1584
1120	1418
1120	1338
1120	1452
1120	1370
1120	1606
1120	1397
1120	1390
1120	1365
1120	1356
1120	1292
1120	1346
1120	1480
1120	1553
1120	1391
1120	1395
1120	1493
1120	1528
1120	1467
1120	1429
1120	1318
1120	1328
1120	1391
1120	1491
1120	1404
1120	1432

melhor e media
1303	2091
1224	1665
1158	1337
1158	1543
1158	1379
1158	1428
1158	1549
1158	1647
1158	1393
1158	1437
1158	1424
1158	1383
1158	1379
1158	1343
1158	1297
1158	1340
1158	1278
1158	1339
1158	1287
1158	1273
1158	1291
1158	1484
1158	1523
1158	1369
1158	1341
1158	1300
1158	1353
1158	1320
1158	1316
1158	1413
1158	1318
1158	1376
1158	1348
1158	1470
1158	1400
1158	1500
1158	1497
1158	1361
1158	1389
1158	1409
1158	1495
1158	1472
1158	1402
1158	1410
1158	1487
1158	1394
1158	1290
1158	1319
1158	1302
1158	1407

melhor e media
1174	2306
1174	1809
1158	1444
1158	1493
1158	1546
1158	1402
1158	1377
1158	1579
1158	1465
1158	1356
1158	1575
1158	1467
1158	1659
1158	1471
1158	1444
1158	1389
1158	1375
1158	1345
1158	1497
1158	1427
1158	1575
1158	1814
1158	1521
1158	1411
1158	1529
1158	1707
1158	1564
1158	1457
1158	1350
1158	1662
1158	1442
1158	1307
1158	1368
1158	1373
1158	1475
1158	1350
1158	1324
1158	1411
1158	1443
1158	1622
1158	1551
1158	1294
1158	1394
1158	1508
1158	1415
1158	1430
1158	1463
1158	1411
1158	1356
1158	1304

melhor e media
1305	2502
1251	1733
1251	1487
1158	1461
1158	1334
1158	1507
1158	1555
1158	1902
1158	1604
1158	1414
1158	1390
1158	1341
1158	1382
1158	1400
1158	1434
1158	1435
1158	1414
1158	1332
1158	1419
1158	1399
1158	1363
1158	1567
1158	1544
1158	1425
1158	1370
1158	1479
1158	1389
1158	1476
1158	1412
1158	1584
1158	1611
1158	1583
1158	1481
1158	1448
1158	1467
1158	1431
1158	1591
1158	1502
1158	1523
1158	1575
1158	1316
1158	1468
1158	1723
1158	1557
1158	1549
1158	1426
1158	1500
1158	1469
1158	1398
1158	1329

melhor e media
1206	2110
1174	1727
1158	1375
1158	1622
1158	1284
1158	1295
1158	1433
1158	1446
1158	1374
1158	1271
1158	1381
1158	1374
1158	1471
1158	1312
1158	1455
1158	1423
1158	1521
1158	1399
1158	1322
1158	1439
1158	1386
1158	1491
1158	1379
1158	1296
1158	1347
1158	1355
1158	1350
1158	1359
1158	1484
1158	1443
1158	1700
1158	1460
1158	1534
1158	1477
1158	1501
1158	1614
1158	1650
1158	1636
1158	1510
1158	1511
1158	1309
1158	1479
1158	1427
1158	1405
1158	1651
1158	1683
1158	1624
1158	1502
1158	1470
1158	1369

melhor e media
1296	2204
1238	1713
1238	1578
1238	1496
1208	1523
1208	1629
1199	1454
1199	1312
1199	1425
1158	1559
1158	1452
1158	1461
1158	1460
1158	1491
1158	1288
1158	1438
1158	1584
1158	1660
1158	1539
1158	1323
1158	1427
1158	1539
1158	1447
1158	1294
1158	1354
1158	1527
1158	1504
1158	1595
1158	1550
1158	1472
1158	1561
1158	1518
1158	1595
1158	1540
1158	1432
1158	1531
1158	1452
1158	1577
1158	1420
1158	1375
1158	1352
1158	1575
1158	1489
1158	1615
1158	1465
1158	1672
1158	1633
1158	1489
1158	1386
1158	1441

melhor e media
1256	2437
1221	1924
1218	1628
1179	1453
1179	1328
1179	1296
1158	1339
1158	1417
1158	1343
1158	1369
1158	1400
1158	1452
1158	1293
1158	1411
1158	1550
1158	1379
1158	1405
1158	1477
1158	1455
1158	1523
1158	1487
1158	1378
1158	1437
1158	1489
1158	1486
1158	1573
1158	1508
1158	1387
1158	1531
1158	1425
1158	1469
1158	1456
1158	1488
1158	1409
1158	1337
1158	1495
1158	1663
1158	1457
1158	1591
1158	1424
1158	1403
1158	1486
1158	1347
1158	1392
1158	1400
1158	1317
1158	1528
1158	1337
1158	1357
1158	1423

melhor e media
1232	2221
1221	1771
1179	1505
1179	1322
1179	1330
1179	1373
1179	1425
1179	1460
1179	1406
1179	1539
1179	1430
1179	1386
1179	1364
1179	1410
1179	1365
1179	1570
1179	1594
1179	1531
1179	1364
1179	1403
1179	1336
1179	1333
1179	1328
1179	1388
1179	1403
1179	1386
1179	1403
1179	1356
1179	1377
1179	1461
1179	1368
1179	1355
1158	1343
1158	1388
1158	1311
1158	1388
1158	1460
1158	1680
1158	1378
1158	1423
1158	1440
1158	1612
1158	1432
1158	1345
1158	1316
1158	1452
1158	1422
1158	1365
1158	1277
1158	1411

melhor e media
1206	2340
1206	1828
1206	1441
1206	1321
1206	1389
1190	1423
1190	1579
1158	1466
1158	1487
1158	1474
1158	1446
1158	1740
1158	1531
1158	1548
1158	1603
1158	1638
1158	1410
1158	1557
1158	1398
1158	1530
1158	1505
1158	1515
1158	1752
1158	1432
1158	1456
1158	1378
1158	1470
1158	1449
1158	1455
1158	1372
1158	1518
1158	1442
1158	1388
1158	1459
1158	1559
1158	1444
1158	1653
1158	1591
1158	1687
1158	1448
1158	1426
1158	1391
1158	1450
1158	1365
1158	1491
1158	1423
1158	1433
1158	1461
1158	1418
1158	1484

melhor e media
1169	2061
1169	1718
1169	1433
1169	1591
1169	1439
1169	1404
1169	1433
1169	1438
1120	1460
1120	1341
1120	1329
1120	1298
1120	1561
1120	1423
1120	1451
1120	1466
1120	1425
1120	1549
1120	1320
1120	1479
1120	1408
1120	1404
1120	1362
1120	1322
1120	1387
1120	1365
1120	1576
1120	1424
1120	1391
1120	1386
1120	1392
1120	1445
1120	1332
1120	1407
1120	1482
1120	1465
1120	1468
1120	1608
1120	1368
1120	1409
1120	1443
1120	1335
1120	1322
1120	1448
1120	1583
1120	1398
1120	1397
1120	1633
1120	1457
1120	1380

melhor e media
1158	1902
1158	1927
1158	1520
1158	1512
1158	1462
1158	1387
1158	1506
1158	1648
1158	1498
1158	1682
1158	1501
1158	1527
1158	1552
1158	1366
1158	1441
1158	1421
1158	1616
1158	1424
1158	1373
1158	1379
1158	1326
1158	1500
1158	1319
1158	1374
1158	1306
1158	1512
1158	1458
1158	1323
1158	1355
1158	1270
1158	1278
1158	1313
1158	1355
1158	1466
1158	1636
1158	1523
1158	1573
1158	1505
1158	1483
1158	1437
1158	1467
1158	1415
1158	1492
1158	1411
1158	1544
1158	1620
1158	1620
1158	1489
1158	1566
1158	1763

melhor e media
1284	2101
1283	1682
1247	1531
1247	1497
1243	1510
1243	1468
1201	1474
1195	1501
1195	1463
1195	1294
1180	1532
1179	1337
1158	1328
1158	1492
1158	1485
1158	1587
1158	1456
1158	1515
1158	1501
1158	1435
1158	1485
1158	1459
1158	1494
1158	1585
1158	1365
1158	1369
1158	1381
1158	1607
1158	1645
1158	1390
1158	1373
1158	1398
1158	1408
1158	1462
1158	1356
1158	1467
1158	1550
1158	1355
1158	1495
1158	1457
1158	1388
1158	1384
1158	1460
1158	1366
1158	1454
1158	1494
1158	1463
1158	1472
1158	1449
1158	1330

melhor e media
1179	2026
1158	1843
1158	1856
1158	1565
1158	1606
1158	1328
1158	1365
1158	1482
1158	1436
1158	1553
1158	1496
1158	1450
1158	1515
1158	1494
1158	1369
1158	1455
1158	1493
1158	1539
1158	1765
1158	1655
1158	1575
1158	1467
1158	1490
1158	1656
1158	1551
1158	1420
1158	1561
1158	1555
1158	1540
1158	1518
1158	1485
1158	1461
1158	1508
1158	1530
1158	1408
1158	1418
1158	1568
1158	1531
1158	1542
1158	1409
1158	1434
1158	1704
1158	1455
1158	1617
1158	1411
1158	1488
1158	1556
1158	1590
1158	1675
1158	1511

melhor e media
1158	1861
1158	1760
1158	1549
1158	1467
1158	1636
1158	1635
1158	1626
1158	1296
1158	1290
1158	1358
1158	1362
1158	1296
1158	1399
1158	1378
1158	1404
1158	1389
1158	1656
1158	1655
1158	1443
1158	1390
1158	1415
1158	1492
1158	1371
1158	1263
1158	1293
1158	1414
1158	1428
1158	1346
1158	1287
1158	1299
1158	1491
1158	1542
1158	1572
1158	1350
1158	1388
1158	1274
1158	1294
1158	1532
1158	1399
1158	1632
1158	1541
1158	1471
1158	1389
1158	1354
1158	1307
1158	1388
1158	1455
1158	1453
1158	1727
1158	1668

melhor e media
1158	2104
1158	1862
1158	1455
1158	1472
1158	1536
1158	1518
1158	1384
1158	1493
1158	1345
1158	1396
1158	1290
1158	1385
1158	1330
1158	1279
1158	1320
1158	1366
1158	1318
1158	1430
1158	1511
1158	1451
1158	1385
1158	1497
1158	1471
1158	1598
1158	1379
1158	1345
1158	1629
1158	1536
1158	1707
1158	1429
1158	1452
1158	1388
1158	1630
1158	1536
1158	1428
1158	1474
1158	1379
1158	1482
1158	1491
1158	1386
1158	1315
1158	1283
1158	1447
1158	1341
1158	1575
1158	1482
1158	1443
1158	1399
1158	1484
1158	1519

melhor e media
1179	2246
1179	1705
1179	1472
1179	1315
1179	1369
1179	1389
1179	1439
1179	1572
1179	1456
1179	1528
1179	1389
1179	1305
1158	1355
1158	1429
1158	1425
1158	1479
1158	1503
1158	1618
1158	1498
1158	1396
1158	1496
1158	1592
1158	1545
1158	1482
1158	1488
1158	1540
1158	1312
1158	1398
1158	1452
1158	1362
1158	1500
1158	1376
1158	1315
1158	1329
1158	1371
1158	1397
1158	1510
1158	1422
1158	1396
1158	1435
1158	1378
1158	1424
1158	1422
1158	1426
1158	1348
1158	1359
1158	1406
1158	1278
1158	1311
1158	1490

melhor e media
1232	2219
1232	1904
1158	1397
1158	1366
1158	1482
1158	1498
1158	1505
1158	1352
1158	1256
1158	1539
1158	1438
1158	1454
1158	1590
1158	1472
1158	1572
1158	1401
1158	1512
1158	1374
1158	1653
1158	1375
1158	1370
1158	1354
1158	1336
1158	1418
1158	1381
1158	1433
1158	1336
1158	1548
1158	1662
1158	1722
1158	1484
1158	1409
1158	1467
1158	1399
1158	1401
1158	1533
1158	1394
1158	1320
1158	1556
1158	1595
1158	1407
1158	1547
1158	1586
1158	1536
1158	1397
1158	1291
1158	1441
1158	1422
1158	1338
1158	1382

melhor e media
1265	2050
1249	1854
1249	1464
1201	1464
1201	1541
1201	1655
1201	1514
1201	1590
1201	1679
1201	1589
1201	1537
1201	1513
1201	1435
1201	1500
1120	1468
1120	1625
1120	1545
1120	1351
1120	1415
1120	1346
1120	1435
1120	1475
1120	1514
1120	1512
1120	1385
1120	1328
1120	1480
1120	1354
1120	1306
1120	1494
1120	1546
1120	1366
1120	1439
1120	1387
1120	1425
1120	1531
1120	1428
1120	1375
1120	1333
1120	1562
1120	1458
1120	1402
1120	1377
1120	1402
1120	1369
1120	1539
1120	1502
1120	1380
1120	1436
1120	1362

melhor e media
1242	2042
1199	1713
1199	1604
1158	1626
1158	1641
1158	1624
1158	1429
1158	1629
1158	1381
1120	1396
1120	1363
1120	1375
1120	1441
1120	1396
1120	1340
1120	1545
1120	1411
1120	1367
1120	1484
1120	1632
1120	1354
1120	1387
1120	1458
1120	1462
1120	1378
1120	1409
1120	1332
1120	1433
1120	1507
1120	1409
1120	1499
1120	1456
1120	1485
1120	1420
1120	1367
1120	1459
1120	1445
1120	1400
1120	1342
1120	1306
1120	1397
1120	1370
1120	1358
1120	1379
1120	1316
1120	1322
1120	1477
1120	1443
1120	1539
1120	1463

melhor e media
1241	1972
1234	1687
1217	1454
1213	1401
1213	1588
1213	1332
1120	1465
1120	1411
1120	1414
1120	1377
1120	1317
1120	1364
1120	1439
1120	1424
1120	1329
1120	1279
1120	1444
1120	1324
1120	1290
1120	1370
1120	1394
1120	1361
1120	1532
1120	1456
1120	1431
1120	1346
1120	1339
1120	1623
1120	1367
1120	1382
1120	1425
1120	1404
1120	1383
1120	1460
1120	1515
1120	1305
1120	1370
1120	1519
1120	1464
1120	1413
1120	1306
1120	1437
1120	1335
1120	1306
1120	1430
1120	1326
1120	1537
1120	1373
1120	1412
1120	1570

melhor e media
1251	2106
1251	1871
1197	1723
1158	1663
1158	1694
1158	1569
1158	1485
1158	1360
1158	1298
1158	1550
1158	1432
1158	1438
1158	1478
1158	1401
1158	1397
1158	1421
1158	1315
1158	1444
1158	1388
1158	1359
1158	1389
1158	1313
1158	1315
1158	1515
1158	1386
1158	1670
1158	1432
1158	1407
1158	1477
1158	1405
1158	1398
1158	1441
1158	1461
1158	1351
1158	1684
1158	1629
1158	1480
1158	1391
1158	1454
1158	1331
1158	1372
1158	1374
1158	1510
1158	1337
1158	1377
1158	1302
1158	1341
1158	1451
1158	1502
1158	1420

melhor e media
1238	2011
1158	1565
1158	1315
1158	1282
1158	1471
1158	1442
1158	1419
1158	1365
1158	1365
1158	1419
1158	1427
1158	1367
1158	1647
1158	1287
1158	1277
1158	1454
1158	1377
1158	1357
1158	1387
1158	1478
1158	1513
1158	1521
1158	1526
1158	1487
1158	1478
1158	1455
1158	1349
1158	1297
1158	1450
1158	1538
1158	1325
1158	1522
1158	1467
1158	1349
1158	1291
1158	1456
1158	1451
1158	1410
1158	1376
1158	1434
1158	1328
1158	1427
1158	1470
1158	1389
1158	1630
1158	1488
1158	1424
1158	1375
1158	1430
1158	1358

melhor e media
1223	2413
1191	1945
1191	1391
1120	1374
1120	1343
1120	1429
1120	1383
1120	1397
1120	1458
1120	1379
1120	1405
1120	1314
1120	1299
1120	1520
1120	1569
1120	1496
1120	1489
1120	1567
1120	1558
1120	1477
1120	1355
1120	1341
1120	1352
1120	1405
1120	1456
1120	1448
1120	1340
1120	1505
1120	1319
1120	1400
1120	1479
1120	1517
1120	1463
1120	1417
1120	1399
1120	1399
1120	1523
1120	1439
1120	1321
1120	1385
1120	1373
1120	1464
1120	1428
1120	1401
1120	1398
1120	1435
1120	1361
1120	1443
1120	1496
1120	1479

melhor e media
1226	2308
1219	1807
1189	1461
1189	1375
1189	1349
1179	1325
1179	1308
1179	1381
1179	1284
1179	1350
1179	1408
1179	1342
1179	1447
1179	1390
1179	1504
1179	1465
1179	1397
1179	1310
1179	1323
1179	1458
1158	1312
1158	1441
1158	1430
1158	1614
1158	1512
1158	1459
1158	1428
1158	1328
1158	1357
1158	1312
1158	1346
1158	1309
1158	1267
1158	1463
1158	1656
1158	1519
1158	1487
1158	1478
1158	1503
1158	1482
1158	1754
1158	1562
1158	1560
1158	1423
1158	1561
1158	1428
1158	1603
1158	1390
1158	1293
1158	1300

melhor e media
1230	2117
1230	1597
1230	1527
1230	1409
1180	1449
1180	1487
1180	1643
1180	1518
1180	1431
1179	1435
1158	1369
1158	1517
1158	1526
1158	1436
1158	1595
1158	1582
1158	1541
1158	1390
1158	1297
1158	1335
1158	1433
1158	1436
1158	1559
1158	1331
1158	1373
1158	1372
1158	1480
1158	1447
1158	1443
1158	1376
1158	1389
1158	1447
1158	1391
1158	1424
1158	1330
1120	1411
1120	1392
1120	1543
1120	1575
1120	1365
1120	1301
1120	1486
1120	1613
1120	1592
1120	1473
1120	1412
1120	1326
1120	1366
1120	1335
1120	1467

melhor e media
1244	2119
1244	1811
1235	1430
1235	1451
1232	1368
1206	1519
1206	1519
1201	1645
1201	1657
1201	1498
1201	1445
1201	1383
1201	1425
1201	1466
1120	1541
1120	1561
1120	1357
1120	1373
1120	1455
1120	1525
1120	1353
1120	1618
1120	1503
1120	1545
1120	1380
1120	1340
1120	1362
1120	1651
1120	1604
1120	1345
1120	1349
1120	1430
1120	1535
1120	1467
1120	1419
1120	1467
1120	1564
1120	1580
1120	1509
1120	1505
1120	1521
1120	1543
1120	1393
1120	1469
1120	1370
1120	1454
1120	1470
1120	1335
1120	1439
1120	1336

melhor e media
1281	2146
1179	1626
1175	1315
1158	1446
1158	1337
1158	1584
1158	1381
1158	1531
1158	1601
1158	1472
1158	1515
1158	1444
1158	1344
1158	1491
1158	1362
1158	1402
1158	1427
1158	1284
1158	1376
1158	1396
1158	1602
1158	1501
1158	1630
1158	1536
1158	1595
1158	1463
1158	1360
1158	1542
1158	1618
1158	1567
1158	1457
1158	1379
1158	1289
1158	1299
1158	1365
1158	1413
1158	1617
1158	1395
1158	1440
1158	1527
1158	1518
1158	1403
1158	1445
1158	1604
1158	1542
1158	1422
1158	1590
1158	1604
1158	1426
1158	1335

