melhor e media

1564	3225
1564	2463
1564	2674
1500	2255
1500	1960
1458	1913
1458	2035
1458	1884
1441	1903
1441	2201
1441	2066
1441	1918
1441	2048
1441	1914
1441	1993
1441	1955
1441	1855
1386	1704
1386	2030
1386	2117
1386	1908
1386	1948
1386	2019
1386	1970
1386	2002
1386	2112
1386	1974
1386	2091
1386	1956
1386	1984
1386	2000
1386	1796
1386	1957
1386	1976
1386	1974
1386	1919
1386	1940
1386	2012
1386	1981
1386	2055
1386	1960
1386	1918
1386	1924
1386	2012
1386	1937
1386	1886
1386	1986
1386	1925
1386	2042
1386	2005
1386	1845
1386	2098
1386	2044
1386	1990
1386	1891
1386	2077
1386	1989
1386	1906
1386	2217
1386	2082
1386	1949
1386	2036
1386	2050
1386	2040
1386	2020
1386	1920
1386	1976
1386	1840
1386	1935
1386	1883
1386	1912
1386	2094
1386	2048
1386	2272
1386	1985
1386	1869
1386	1975
1386	2072
1386	2077
1386	1893
1386	1891
1386	1862
1386	2006
1386	1917
1386	1969
1386	1969
1386	2047
1386	1844
1386	1868
1386	2155
1386	1840
1386	1989
1386	1952
1386	1943
1386	1915
1386	1950
1386	2027
1386	1904
1386	1994
1386	2046

melhor e media

1484	3106
1484	2440
1484	2039
1474	1918
1465	2024
1465	1849
1465	2009
1465	2018
1465	1914
1465	1937
1465	1886
1463	1907
1450	1866
1450	1784
1450	1893
1450	1874
1450	1981
1450	1941
1450	1876
1450	2163
1450	1941
1450	1951
1450	1907
1450	1949
1449	1872
1449	1869
1449	1857
1449	1799
1449	1941
1449	1857
1449	1898
1449	1954
1449	1954
1449	2009
1449	1997
1449	1930
1449	1916
1444	1812
1444	1917
1444	1851
1444	1838
1444	1820
1444	1862
1444	1886
1444	1956
1444	1857
1444	1814
1444	1904
1444	2016
1444	1981
1444	1943
1444	1915
1444	1922
1444	1940
1444	1887
1444	1810
1442	1894
1442	1982
1442	1866
1442	2080
1442	1974
1442	1840
1442	1796
1442	1793
1442	1917
1442	2020
1442	1872
1442	1819
1428	1833
1428	2028
1428	2043
1428	1720
1428	1925
1428	1804
1428	1757
1428	1857
1428	2041
1428	1838
1428	1896
1428	1901
1428	1917
1428	1961
1428	1836
1428	1991
1428	1678
1428	2052
1428	1915
1428	1929
1428	1952
1428	2019
1428	1721
1423	1824
1423	1866
1423	1981
1423	1868
1423	1825
1423	1830
1423	1829
1423	2003
1423	1958

melhor e media

1536	3306
1536	2383
1518	2073
1518	1955
1484	1942
1484	1976
1463	1960
1463	2027
1463	2135
1450	1912
1450	2011
1444	1940
1438	1911
1438	2066
1437	1968
1437	1943
1437	2008
1437	1912
1437	1976
1437	1845
1437	1927
1437	1993
1437	1965
1437	1962
1437	2040
1437	2064
1437	1948
1437	2104
1437	1964
1437	1988
1437	1984
1437	2110
1437	1915
1437	1958
1437	2134
1437	2092
1437	1951
1437	2048
1437	1911
1437	2101
1437	1980
1437	2004
1437	1938
1437	2049
1437	2060
1437	1983
1437	2050
1437	1989
1437	1866
1437	1970
1437	2028
1437	1988
1437	1879
1437	1814
1437	1856
1437	2037
1437	2037
1437	2114
1437	2058
1437	2010
1437	1895
1437	1982
1437	1941
1437	2049
1437	1870
1437	2027
1437	2051
1437	1897
1391	1726
1391	1832
1391	1929
1391	2107
1391	1941
1391	1945
1391	1961
1391	2087
1391	1861
1391	1994
1391	1969
1391	1968
1391	1929
1391	2004
1391	1916
1391	2042
1391	1992
1391	1960
1391	1993
1391	2090
1391	1913
1391	1884
1391	1920
1391	1948
1391	1966
1391	2060
1391	2052
1391	2088
1391	1927
1391	1923
1391	1951
1391	1829

melhor e media

1593	3032
1518	2282
1499	2004
1499	1874
1499	1944
1499	2017
1478	1959
1452	1970
1452	1954
1452	2067
1452	2009
1452	1973
1452	1987
1452	2062
1452	1938
1452	2043
1452	2125
1452	2106
1452	1998
1452	2084
1452	2015
1452	2008
1452	1945
1452	1964
1452	1841
1452	1972
1450	2084
1450	2137
1450	2139
1450	2231
1450	2139
1450	2066
1450	2202
1450	2128
1450	2212
1450	2145
1450	2053
1450	2042
1450	2078
1450	2223
1450	2170
1450	2117
1450	2119
1448	2191
1448	2294
1448	2383
1448	2096
1444	2123
1444	2236
1444	2211
1444	2156
1444	2136
1444	2076
1444	2088
1444	2296
1444	2287
1444	2136
1444	2114
1444	2206
1444	2308
1444	2178
1444	2320
1444	2034
1444	2291
1444	2120
1444	2464
1444	2066
1444	2060
1444	2008
1444	2061
1444	2124
1440	2154
1440	2366
1440	2351
1440	2235
1436	2329
1436	2035
1436	2205
1436	2241
1436	2271
1436	2187
1436	2147
1436	2334
1436	2112
1436	1977
1436	2272
1436	2170
1436	2094
1436	2198
1436	2172
1436	2286
1436	2128
1436	2231
1436	2450
1436	1995
1436	2083
1436	2216
1436	2042
1436	2202
1436	2090

melhor e media

1553	3033
1546	2382
1475	2063
1475	2081
1469	1992
1435	2015
1435	1892
1434	1989
1434	2064
1434	1997
1434	1967
1434	2130
1434	2157
1434	1984
1434	2048
1434	1924
1434	1987
1434	2067
1434	2012
1434	1947
1434	1980
1434	2006
1434	2072
1434	2013
1434	1952
1434	2090
1434	1884
1434	2009
1434	2013
1434	2063
1434	2026
1434	2016
1434	2047
1434	2025
1434	1973
1434	1899
1434	1830
1434	2025
1434	1987
1434	1987
1434	1817
1434	2035
1434	1963
1434	2043
1434	2055
1434	2004
1434	2060
1434	2024
1434	1939
1434	2167
1434	2066
1434	2077
1434	2060
1434	1984
1434	2100
1434	2161
1434	2065
1434	1911
1434	2143
1434	2011
1434	1995
1434	1913
1434	2130
1434	2043
1434	2044
1434	1977
1434	1916
1434	2114
1434	1940
1434	1894
1434	1938
1434	2171
1434	2238
1434	2097
1434	1971
1434	2001
1434	1927
1434	2007
1434	2102
1434	1940
1434	2097
1434	2048
1434	1912
1434	2082
1434	2052
1434	2087
1434	2096
1434	2053
1414	1930
1414	2146
1414	1920
1414	2004
1414	1960
1414	1933
1414	2007
1414	1809
1414	1963
1414	2006
1414	1963
1414	1989

melhor e media

1761	3124
1486	2515
1474	2207
1426	2045
1426	1811
1418	1835
1418	1887
1418	1954
1418	1876
1418	1940
1418	1924
1418	1946
1418	1872
1418	1897
1418	1950
1418	2020
1418	1945
1418	1922
1418	1914
1418	1854
1418	1880
1418	1978
1418	1936
1418	2100
1418	1924
1418	2013
1418	1936
1418	2008
1418	1978
1418	1980
1418	1967
1418	1916
1418	1905
1418	1994
1418	2014
1418	2042
1418	1940
1418	1819
1418	2014
1418	1974
1418	1992
1418	1924
1418	1887
1418	1843
1418	1989
1418	1934
1418	1983
1418	2012
1418	2053
1418	1963
1418	2044
1418	1959
1418	2103
1418	2018
1418	2024
1418	1926
1418	1876
1418	1997
1418	2023
1418	1973
1418	1845
1418	1967
1418	2037
1418	1836
1418	1916
1418	1985
1418	2027
1418	1969
1418	1934
1418	1877
1418	1941
1418	1920
1418	1938
1418	1811
1418	1984
1418	1903
1418	1888
1418	1950
1418	1924
1418	2132
1418	1995
1418	2073
1418	2098
1418	1963
1418	1933
1418	1907
1418	1954
1418	1866
1418	1907
1418	1900
1418	1928
1418	2039
1418	1949
1418	1941
1418	1784
1418	1891
1418	1955
1418	1959
1418	2005
1418	1930

melhor e media

1620	3298
1507	2226
1469	1882
1469	1862
1466	1854
1466	1915
1466	1989
1456	1884
1456	1935
1456	1939
1453	1937
1453	1945
1453	1927
1453	1875
1451	1941
1451	1930
1451	2004
1451	2038
1451	1924
1451	1969
1451	1908
1451	2011
1451	2048
1451	2018
1451	2001
1451	2000
1451	2018
1448	1918
1448	1922
1426	2224
1426	1990
1426	1943
1426	1800
1426	1875
1426	1876
1426	1767
1426	1883
1426	1929
1426	1952
1426	1961
1426	1851
1426	1936
1426	2138
1426	1998
1426	1834
1426	1901
1426	1895
1426	1893
1426	1944
1426	1861
1426	1964
1426	1963
1426	2006
1426	1898
1426	1867
1426	1777
1426	1891
1426	1980
1426	2010
1426	1893
1426	1930
1426	1914
1426	2012
1426	2010
1426	2072
1426	1864
1426	1912
1426	1940
1426	2101
1424	1961
1424	1947
1424	1938
1424	1865
1424	2095
1424	2025
1424	1784
1424	1933
1424	1875
1424	1871
1424	1771
1424	1832
1380	1636
1380	1836
1380	1965
1380	1988
1380	1965
1380	1831
1380	1826
1380	1845
1380	1846
1380	1890
1380	2103
1380	2064
1380	1873
1380	1883
1380	1952
1380	2008
1380	1945
1380	1935
1380	1862

melhor e media

1563	2877
1484	2178
1482	1999
1443	1877
1443	1830
1443	1901
1443	2080
1443	1888
1443	1948
1443	1955
1443	2059
1425	2027
1425	1931
1425	2056
1425	2051
1425	1940
1425	2002
1425	1827
1425	2062
1425	2048
1425	1924
1425	2050
1425	1960
1425	2052
1425	1962
1425	1917
1425	1886
1425	1902
1425	1995
1425	2037
1425	1832
1425	1893
1425	1955
1425	1925
1425	1835
1425	1922
1425	1991
1425	2008
1425	1966
1425	1891
1425	1974
1425	1997
1425	2109
1425	1887
1425	1989
1425	1820
1425	1816
1425	1969
1425	1902
1425	2019
1425	2005
1425	2052
1425	1946
1425	2007
1425	1944
1425	1834
1425	1804
1425	1822
1425	1964
1425	1918
1425	2083
1425	1983
1425	1902
1425	1846
1425	1871
1425	1928
1425	1866
1425	1939
1425	1837
1425	2011
1425	1961
1425	1896
1425	1981
1425	1865
1425	1858
1425	2039
1425	1948
1425	1915
1425	1939
1425	1987
1425	1861
1425	1720
1425	1864
1425	2040
1425	1910
1425	2002
1416	1913
1416	2039
1416	1993
1416	1989
1416	1936
1416	1913
1416	1885
1416	1926
1416	1941
1416	1889
1416	1871
1416	1903
1416	1835
1416	1915

melhor e media

1637	3080
1560	2385
1479	2017
1458	1951
1458	1943
1458	2105
1458	2191
1458	1976
1458	2173
1458	1959
1458	2028
1458	2107
1458	2134
1458	2119
1458	2018
1458	2025
1455	2055
1455	2001
1455	2102
1455	2016
1455	2172
1455	1937
1455	2156
1455	1967
1455	2061
1455	2076
1455	2108
1455	2241
1455	2011
1455	2018
1455	1959
1455	2054
1455	2115
1455	2177
1455	2164
1455	2204
1455	2267
1455	2215
1455	2236
1455	2034
1455	2162
1455	2207
1455	2165
1455	2341
1455	2199
1455	2161
1455	2194
1455	2112
1455	2228
1455	2171
1455	2071
1455	2082
1455	2140
1443	2185
1443	2135
1443	2140
1443	2212
1443	2062
1443	2088
1443	2113
1443	2044
1443	2202
1443	2059
1443	2086
1443	2007
1443	2115
1443	2153
1443	2137
1443	2095
1443	2002
1443	2020
1443	2165
1443	2179
1443	2139
1443	2067
1443	2070
1443	2151
1443	2052
1443	2284
1443	2217
1443	2119
1443	2013
1437	2125
1437	2048
1437	2086
1437	2025
1437	2150
1437	2024
1437	2004
1437	2257
1437	2182
1437	2043
1437	2000
1437	2020
1437	2088
1437	2028
1437	2284
1437	2061
1437	2190
1437	2175

melhor e media

1600	2833
1523	2336
1523	2117
1523	2042
1523	2048
1523	2092
1523	2077
1465	2059
1465	2002
1450	1931
1450	2033
1450	1965
1430	1854
1430	1910
1430	1976
1430	1908
1430	1897
1430	1900
1430	1774
1430	2016
1430	1977
1430	1993
1430	1969
1430	1964
1430	1942
1430	1899
1430	1955
1430	1914
1430	1938
1430	2098
1430	1964
1430	2102
1430	1844
1430	2097
1430	2021
1430	2012
1430	2131
1430	2079
1430	1916
1430	1966
1430	2013
1430	1906
1430	2009
1430	2043
1430	2117
1430	1939
1430	1985
1430	2047
1430	1952
1430	1921
1430	1977
1430	1906
1430	1887
1430	2067
1430	2076
1430	2141
1430	2178
1430	2016
1430	2093
1430	1871
1430	1938
1430	1863
1430	1980
1430	2105
1430	2085
1430	2034
1430	2003
1430	2027
1430	2043
1430	1920
1430	1919
1430	1953
1430	2033
1430	2000
1430	1941
1430	2001
1430	2267
1430	2028
1430	1997
1430	2099
1430	1894
1430	2044
1430	1936
1430	1933
1430	2126
1430	1972
1430	2067
1430	2033
1430	1951
1430	2124
1430	1994
1430	1988
1430	2155
1430	1903
1430	1918
1430	2017
1430	2022
1430	1997
1430	1923
1430	2042

melhor e media

1686	2912
1481	2301
1481	2052
1453	2069
1453	1955
1453	1988
1453	1982
1453	1971
1453	1915
1453	1903
1430	1792
1430	1873
1430	1962
1430	2019
1430	2077
1430	1878
1430	2015
1430	2089
1430	2118
1430	1882
1430	1945
1430	1876
1430	1895
1430	2031
1430	1899
1430	1906
1430	2069
1430	1960
1430	2069
1430	1928
1430	1950
1430	1913
1430	2043
1430	2039
1430	1928
1430	1904
1430	1725
1430	1837
1430	1987
1430	2018
1430	1851
1430	1919
1430	1963
1430	1946
1430	2018
1430	1939
1430	1962
1430	1900
1430	1983
1430	2081
1430	1999
1430	1882
1430	1984
1430	2013
1430	2002
1430	2011
1430	1880
1430	1929
1430	1967
1430	1992
1430	1966
1430	1919
1430	1862
1430	2093
1430	1991
1430	2095
1430	1995
1430	1961
1430	1959
1430	1914
1430	1987
1430	1989
1430	1928
1430	1956
1430	1855
1430	2095
1430	1969
1430	2031
1430	1828
1430	1989
1430	2047
1430	1847
1430	1995
1430	1918
1430	1794
1430	1840
1430	1927
1430	1793
1430	1932
1430	1861
1430	1934
1430	1884
1430	1945
1430	1917
1430	1938
1430	2107
1430	1794
1430	2123
1430	2003
1430	2018

melhor e media

1542	2909
1487	2351
1487	2001
1487	1969
1460	2072
1460	1889
1460	2044
1449	1959
1447	2091
1447	1981
1447	1877
1433	1930
1433	2152
1433	2040
1433	1919
1433	1945
1433	2023
1433	2142
1433	1954
1433	2029
1433	1907
1433	1984
1433	1830
1433	1859
1433	1832
1433	1989
1433	1875
1433	1940
1433	1992
1433	2081
1433	1894
1433	1906
1433	2009
1433	1914
1433	1933
1433	2045
1433	2045
1433	1987
1433	1876
1433	1920
1433	2012
1433	1955
1433	2036
1433	1986
1433	2021
1433	2051
1433	2050
1433	2121
1433	1897
1433	1956
1433	1996
1433	2018
1433	2039
1433	2028
1433	1969
1433	2057
1433	1975
1433	2064
1433	1939
1433	1980
1433	1990
1433	2071
1433	2145
1433	1959
1433	1862
1433	1950
1432	1932
1432	2106
1432	2292
1432	2266
1432	2191
1432	2173
1432	2259
1432	2107
1432	2059
1432	2123
1432	2209
1432	2094
1432	2238
1432	2180
1432	2399
1432	2053
1432	2171
1432	2116
1432	2098
1432	2334
1432	2067
1432	2024
1432	2112
1432	2066
1432	2181
1432	2236
1432	2045
1432	1968
1432	2137
1432	2221
1432	2337
1432	2247
1432	2135
1432	2024

melhor e media

1477	3017
1477	2662
1477	2483
1477	2256
1438	2059
1438	2129
1438	2239
1438	2126
1438	2007
1438	2020
1438	2109
1438	2211
1438	2132
1438	2106
1438	2209
1438	2182
1438	2026
1438	2013
1438	2105
1438	2171
1438	2103
1438	2223
1438	2111
1438	2067
1438	2056
1438	2125
1438	2098
1438	1991
1438	2168
1438	2246
1438	2154
1438	2080
1438	2061
1434	2050
1434	2196
1434	2107
1434	2180
1434	2138
1434	2136
1434	2073
1434	2063
1434	2000
1434	2154
1434	2140
1434	2175
1434	2130
1434	2248
1434	2178
1434	2019
1434	2095
1434	2053
1434	2011
1432	2293
1432	2270
1432	2115
1432	2033
1432	2216
1432	2147
1432	2321
1432	2243
1432	2149
1432	2117
1432	1991
1432	2062
1432	2087
1432	2160
1432	2091
1432	2143
1432	2338
1432	2104
1432	2151
1432	2110
1432	2037
1432	1934
1432	1867
1432	2278
1432	2080
1432	2049
1432	2065
1432	2269
1432	2298
1432	2369
1432	2110
1432	2228
1432	2161
1432	2120
1432	2053
1432	2072
1432	2019
1432	2253
1432	2125
1432	2019
1432	2045
1432	2062
1432	2056
1432	2098
1432	2175
1432	2075
1432	1990
1432	1999

melhor e media

1662	2807
1524	2398
1467	2248
1452	2057
1452	2024
1443	2064
1443	1976
1443	2150
1443	1940
1443	1841
1443	1922
1443	2074
1443	2004
1443	2052
1443	1958
1443	2027
1443	1992
1443	1881
1443	1967
1443	1928
1441	1931
1433	2195
1433	2051
1433	1911
1433	1797
1433	1906
1433	1860
1433	2089
1433	2022
1433	1846
1433	2002
1433	1886
1433	1840
1433	1927
1433	1897
1433	1911
1423	1867
1423	1956
1423	1893
1423	1902
1423	1812
1423	1903
1423	1973
1423	2042
1423	2061
1423	2042
1423	2154
1413	2232
1413	1988
1413	1932
1413	1964
1413	1965
1413	1880
1413	1897
1413	1908
1413	1938
1413	1943
1413	1961
1413	1950
1413	1947
1413	1966
1413	1842
1413	1906
1413	2036
1413	1947
1413	2055
1413	1889
1413	1913
1413	1906
1413	1960
1413	1753
1413	1994
1413	1953
1413	2006
1413	1977
1413	1970
1413	2026
1413	1870
1413	1977
1413	1961
1413	1901
1413	1915
1413	2009
1413	1997
1413	1942
1413	1937
1413	1888
1413	1942
1413	1897
1413	1916
1413	1883
1413	1952
1413	1960
1413	1875
1413	1824
1413	1862
1413	2082
1413	1886
1413	1906
1413	1851

melhor e media

1498	3227
1460	2370
1460	2213
1460	1950
1459	2019
1459	1851
1459	1952
1454	1872
1454	1992
1446	2029
1446	1998
1446	2172
1446	1997
1446	2102
1446	2088
1446	2106
1446	1997
1446	1977
1446	2024
1438	1928
1438	1998
1438	2113
1438	2004
1438	1872
1438	2116
1438	1962
1438	1979
1438	2119
1438	2333
1438	2046
1438	1961
1438	1939
1438	1784
1438	1893
1438	1890
1438	2038
1438	2062
1438	2019
1438	1977
1438	2068
1438	2096
1438	2025
1438	1933
1438	1986
1438	2155
1438	2114
1438	2030
1438	2158
1438	1926
1438	2107
1438	2042
1438	2155
1438	2099
1438	2038
1438	1994
1438	1971
1438	1908
1438	2123
1438	2018
1438	2102
1438	2104
1438	1884
1438	2083
1438	2012
1438	1876
1438	1957
1438	2187
1438	1975
1438	2010
1438	2105
1438	2101
1438	2004
1438	1921
1438	1955
1438	1928
1438	2048
1438	2066
1438	1988
1438	2058
1438	1960
1438	2036
1438	2118
1438	1966
1438	2012
1438	2042
1438	1928
1420	1960
1420	1941
1411	1837
1411	1772
1411	1867
1411	1872
1411	2041
1411	1823
1411	1893
1411	1934
1411	1919
1411	1862
1411	2021
1411	1898

melhor e media

1492	3308
1492	2314
1492	2049
1492	2014
1481	2148
1481	1840
1481	1924
1444	1843
1444	1995
1444	1984
1444	2027
1444	1910
1422	1888
1422	1938
1422	1952
1422	1920
1422	1922
1422	1917
1422	1917
1422	1859
1422	1915
1422	1913
1422	1950
1422	2062
1422	1923
1422	1933
1422	2006
1422	2125
1422	1788
1422	1921
1422	1947
1422	2000
1422	2053
1422	1968
1422	1892
1422	1901
1422	1848
1422	1931
1422	1870
1422	1835
1422	1778
1422	1884
1422	1843
1422	1996
1422	2000
1422	2020
1422	2040
1422	1929
1422	1961
1422	2014
1422	1997
1422	1999
1422	2022
1422	1834
1422	1952
1422	2059
1422	1828
1422	2051
1422	2067
1422	1902
1422	1921
1422	1900
1422	1908
1422	2051
1422	1866
1422	1964
1422	1853
1422	1872
1422	2024
1422	1936
1422	1781
1422	1851
1422	1830
1422	1870
1422	2088
1422	1899
1422	2001
1422	1917
1422	1857
1422	1860
1422	1829
1422	1985
1422	2102
1422	2039
1422	2026
1422	1933
1422	1929
1422	1939
1422	1991
1422	1768
1422	2022
1422	1902
1422	2014
1422	1983
1422	2071
1422	1921
1422	1939
1422	1939
1422	2099
1422	2057

melhor e media

1512	3094
1480	2173
1480	2008
1480	2001
1480	1882
1466	1905
1466	2027
1466	2021
1466	2035
1466	1943
1466	1992
1466	1860
1466	1992
1466	2078
1466	1950
1466	1978
1466	1974
1466	2025
1466	2239
1466	1968
1466	2016
1466	2011
1466	1955
1456	1896
1456	1957
1456	1921
1456	1872
1456	1916
1456	1969
1456	1945
1456	1917
1446	1727
1446	1895
1446	1995
1446	2125
1446	1931
1446	1879
1434	2001
1434	1916
1434	1862
1434	1902
1434	1935
1434	1962
1434	1973
1434	1971
1434	1941
1434	2009
1434	1850
1434	1844
1434	1767
1434	1891
1434	2008
1434	1963
1434	1943
1434	1937
1434	1979
1434	1932
1434	1776
1434	1959
1434	1848
1434	1930
1434	1841
1434	1830
1434	1904
1434	1909
1434	1832
1434	1916
1434	1874
1434	1734
1434	1820
1434	1880
1434	1861
1434	2056
1434	1869
1434	1837
1434	1771
1434	1957
1434	1919
1434	1870
1434	1873
1434	1802
1434	2014
1434	2001
1434	1801
1434	1869
1434	1933
1434	2083
1434	1907
1434	2044
1434	1889
1434	1938
1434	1983
1434	1873
1434	1895
1434	1883
1369	1707
1369	1958
1369	1770
1369	1940
1369	1969

melhor e media

1583	3114
1507	2303
1486	2039
1481	2027
1464	1887
1447	1955
1447	1979
1447	1985
1447	1942
1447	1910
1447	1959
1439	1917
1439	1924
1439	1939
1439	1919
1439	2112
1439	2068
1439	2074
1439	1904
1439	2050
1439	2005
1439	1975
1439	2055
1439	2037
1439	1995
1439	2118
1439	1949
1439	2009
1439	2003
1439	2020
1439	2112
1439	2165
1439	2002
1439	2041
1439	2026
1439	1978
1439	1906
1439	2149
1439	2025
1439	1983
1439	1926
1439	1989
1439	2044
1436	1994
1436	1845
1436	2036
1436	2011
1436	2027
1436	1982
1436	1928
1436	1955
1436	2042
1436	2125
1436	2050
1436	2094
1436	2179
1436	2188
1436	2098
1436	2086
1436	2047
1436	2231
1436	2107
1436	2183
1436	2064
1436	2177
1436	2100
1436	2167
1436	2061
1436	2202
1436	2133
1436	2084
1436	2034
1436	2051
1436	2236
1436	1940
1436	2092
1436	2199
1436	1985
1436	2081
1436	2187
1436	1924
1436	2083
1436	1995
1436	2056
1436	1861
1436	2007
1436	1999
1436	2212
1436	2031
1436	1997
1436	2101
1436	2149
1436	1973
1436	2005
1436	2172
1436	2154
1436	1979
1436	2031
1436	2065
1436	1958

melhor e media

1529	2938
1516	2139
1490	2147
1447	2055
1447	1882
1447	1999
1447	2105
1447	1901
1447	1890
1447	1869
1447	1838
1447	1876
1447	1945
1447	1960
1447	1947
1447	1902
1447	1817
1447	1964
1442	1883
1442	2050
1442	1997
1442	1961
1442	2112
1442	1902
1442	1889
1442	2095
1442	1872
1442	1917
1442	2191
1442	1984
1442	1982
1442	1929
1442	1948
1442	1903
1442	1948
1442	1870
1442	2048
1442	1929
1442	1899
1442	1976
1442	2113
1442	2006
1442	1947
1442	2020
1442	1842
1442	2001
1442	1931
1442	1964
1442	1989
1442	1919
1442	2132
1442	1890
1442	1867
1442	1874
1442	2014
1439	2066
1439	1971
1439	1998
1439	2034
1439	1976
1439	1902
1407	1710
1407	1874
1407	1916
1407	1975
1407	1986
1407	1957
1407	1923
1407	1916
1407	1826
1407	2063
1407	1883
1407	1832
1407	1962
1407	1861
1407	1977
1407	1913
1407	1839
1407	1867
1407	1730
1407	1929
1407	1885
1407	1946
1407	1923
1407	1856
1407	1928
1407	1958
1407	1906
1407	1919
1407	1779
1407	1932
1407	1864
1407	2019
1407	1937
1407	1923
1407	2028
1407	1991
1407	1905
1407	2064
1407	2020

melhor e media

1516	3158
1516	2245
1464	2069
1464	1928
1454	1965
1454	2042
1454	2066
1454	1873
1454	1973
1454	1899
1454	2034
1454	1995
1454	1968
1454	1987
1454	2026
1454	1840
1454	1978
1454	2029
1454	1993
1453	2090
1453	1924
1445	1949
1445	1965
1445	1997
1445	1897
1445	1956
1445	1886
1445	1943
1445	1922
1444	1982
1444	1999
1444	1984
1444	1897
1444	2013
1444	1990
1444	1954
1444	1921
1444	1879
1444	2075
1444	1917
1444	1898
1444	1993
1444	1939
1444	1885
1444	1854
1444	1982
1444	2034
1444	1969
1444	2134
1444	1878
1444	1938
1444	1960
1444	2126
1444	1980
1444	1894
1444	1914
1444	1929
1444	1927
1444	1918
1444	2083
1444	1962
1444	1940
1444	1941
1444	1994
1444	2007
1444	1976
1444	1899
1444	1957
1444	1942
1444	1946
1444	1905
1444	1886
1444	1690
1441	1847
1441	1970
1441	1955
1441	1961
1441	1943
1418	2031
1418	1923
1418	1895
1418	1985
1418	1784
1418	1916
1418	1936
1418	2085
1418	1911
1415	1967
1415	1962
1415	2010
1415	2318
1415	2012
1415	1947
1415	2131
1415	2242
1415	2011
1415	2123
1415	2117
1415	1920
1415	1953

melhor e media

1568	3296
1514	2447
1514	2183
1484	2195
1471	1899
1471	1845
1466	1986
1466	2011
1466	1851
1466	1854
1466	2067
1435	1993
1435	2003
1435	1923
1435	1767
1435	1977
1435	1892
1435	1840
1435	1924
1426	2077
1421	1978
1421	2019
1421	1849
1421	1986
1421	2008
1421	2046
1421	1874
1421	1757
1421	1878
1421	1873
1421	1866
1421	1959
1421	2016
1421	1925
1421	1957
1421	1910
1421	1991
1421	1987
1421	1858
1421	2007
1421	1992
1421	1870
1421	1883
1421	2003
1421	2080
1418	1917
1418	1953
1418	1974
1418	1868
1418	1977
1418	2059
1418	1958
1418	1906
1418	1969
1418	1944
1418	1933
1418	1892
1418	2082
1418	1979
1418	2204
1418	2067
1418	1935
1418	1977
1418	1909
1413	1990
1413	1979
1413	1937
1413	1854
1413	1833
1413	1799
1413	1908
1413	1916
1413	1962
1413	1924
1413	1879
1413	2005
1413	2022
1413	2080
1413	1982
1413	1980
1413	2006
1413	1951
1413	1968
1413	2006
1413	1915
1413	1962
1413	1951
1413	2085
1413	1998
1413	2031
1413	2057
1413	2018
1413	1966
1413	2057
1413	2005
1413	2202
1413	2059
1413	1870
1413	1993
1413	1936

melhor e media

1564	3051
1499	2273
1499	2043
1472	1888
1472	2090
1472	2021
1472	1935
1469	1967
1469	2001
1409	1727
1409	1999
1409	1893
1409	1995
1409	2116
1409	2086
1409	1885
1409	1969
1409	2094
1409	1959
1409	1938
1409	1950
1409	1897
1409	1905
1409	1906
1409	1934
1409	1942
1409	1875
1409	1932
1409	2187
1409	2085
1409	2010
1409	1940
1409	2011
1409	2017
1409	1962
1409	2052
1409	2026
1409	2134
1409	1858
1409	2032
1409	2015
1409	1860
1409	1923
1409	1992
1409	1992
1409	2030
1409	1989
1409	1870
1409	1988
1409	1964
1409	1897
1409	1970
1409	1954
1409	2015
1409	2001
1409	2071
1409	1954
1409	1921
1409	1925
1409	1710
1409	1974
1409	1936
1409	1997
1409	1955
1409	1991
1409	1935
1409	1996
1409	1901
1409	1958
1409	1959
1409	1827
1409	1974
1409	1883
1409	1968
1409	1899
1409	1943
1409	1989
1409	1995
1409	1859
1409	1827
1409	1916
1409	1987
1409	2046
1409	1986
1409	2088
1409	2032
1409	2029
1409	1999
1409	1914
1409	2101
1409	1937
1409	1951
1409	1879
1409	1839
1409	1827
1409	1929
1409	1979
1409	1876
1409	1869
1409	1870

melhor e media

1521	3326
1480	2237
1455	1914
1455	1932
1441	1997
1441	1937
1441	1903
1441	1967
1441	1911
1441	1863
1441	2077
1441	1873
1441	1894
1441	2063
1434	1815
1434	1906
1434	1942
1434	2088
1434	2015
1434	1924
1434	1997
1434	1973
1434	1883
1434	1917
1434	2033
1434	1981
1434	1842
1434	1911
1434	1818
1434	1932
1434	1845
1434	1834
1434	1885
1434	2105
1434	1951
1434	1924
1434	2070
1434	1913
1434	1908
1434	1881
1434	1897
1434	1957
1434	1979
1434	1973
1420	2011
1420	1998
1420	1958
1420	1970
1420	1832
1420	2083
1420	1921
1420	1875
1420	2030
1420	1983
1420	1942
1420	2058
1420	1970
1420	1952
1420	1837
1420	1911
1420	1810
1420	1927
1420	1903
1420	1793
1420	1910
1420	1938
1420	1953
1420	2078
1420	1987
1420	2134
1420	1963
1420	1976
1420	1954
1420	2022
1420	1878
1420	1924
1420	1952
1420	1894
1404	1753
1404	2077
1404	1837
1404	1918
1404	1964
1404	2034
1404	1916
1404	1817
1404	1870
1404	1925
1404	2044
1404	1860
1404	1819
1404	1947
1404	2007
1404	2127
1404	2084
1404	2003
1404	1825
1404	1829
1404	1887
1404	1857

melhor e media

1533	3156
1533	2337
1533	2161
1528	2043
1509	2098
1509	2128
1509	2146
1509	2064
1509	2038
1509	2115
1494	2296
1472	1936
1472	1854
1456	1906
1456	2026
1456	1952
1448	1835
1448	1852
1448	1933
1420	1854
1420	1895
1420	1881
1420	1948
1420	1996
1420	2053
1420	1952
1420	1894
1420	2002
1420	1955
1420	1909
1420	1845
1420	2026
1420	2034
1420	1955
1420	1907
1420	1797
1420	1909
1420	1801
1420	2008
1413	1837
1413	1987
1413	1859
1413	1950
1413	1843
1413	1990
1413	2062
1413	1910
1413	1808
1413	2020
1413	2039
1413	2085
1413	2098
1413	1898
1413	1886
1413	1982
1413	2187
1413	2022
1413	1869
1413	1945
1413	2053
1413	2047
1413	2052
1413	1948
1413	1913
1413	2009
1413	2028
1413	2023
1413	2010
1413	1994
1413	1996
1413	1888
1413	2043
1413	2080
1413	2042
1413	1946
1413	1988
1413	2203
1413	2011
1413	2017
1413	1886
1413	1908
1413	1891
1413	1978
1413	1914
1413	1889
1413	1839
1413	1895
1413	2045
1413	1892
1413	1904
1413	2060
1413	1932
1413	2052
1413	1919
1413	2039
1413	1975
1413	2113
1413	1932
1413	1905
1413	2076

melhor e media

1467	2941
1456	2491
1456	2086
1456	1980
1456	1891
1434	1856
1434	1924
1434	1817
1434	1978
1431	1782
1431	1999
1431	1945
1431	2008
1431	2002
1431	1980
1431	1952
1431	2062
1431	2087
1431	2031
1431	2045
1431	1995
1431	2043
1431	2001
1431	2018
1431	2199
1431	2117
1431	2009
1431	1930
1431	2075
1431	2090
1431	2087
1431	1968
1431	2000
1431	2053
1431	1994
1431	2110
1431	1975
1431	2156
1431	2052
1431	2103
1431	1955
1431	2042
1431	2150
1431	1998
1431	2046
1431	2132
1431	2008
1431	1967
1431	2008
1431	2083
1431	1911
1431	1865
1431	2134
1431	2006
1431	2008
1431	1991
1431	2132
1431	2026
1431	2118
1431	2137
1431	1997
1431	1943
1431	2033
1431	2013
1431	1918
1431	1962
1431	2091
1431	1891
1431	1921
1431	1916
1431	2074
1431	2064
1431	1925
1431	2070
1431	1999
1431	1896
1431	2042
1431	1917
1431	1989
1431	1952
1431	1889
1431	2112
1431	2127
1431	1990
1431	1926
1431	2027
1431	2048
1431	2012
1431	2090
1431	2007
1431	2023
1431	2052
1431	2031
1431	2106
1431	1955
1431	2028
1431	2032
1431	2098
1431	2001
1431	2004

melhor e media

1504	3183
1491	2403
1466	2168
1453	2051
1453	1968
1453	1911
1453	1875
1453	1965
1453	1775
1453	1909
1445	1977
1445	2005
1445	1991
1445	1875
1445	1962
1445	1826
1438	1819
1438	1875
1438	2024
1422	1877
1422	1810
1422	1818
1422	2061
1422	1951
1422	1973
1422	1968
1422	1960
1422	1792
1422	1877
1422	1973
1422	2050
1422	1985
1422	2023
1422	2059
1422	1889
1422	2029
1422	1933
1422	1798
1422	1869
1422	1846
1422	2078
1422	1901
1422	1948
1422	2036
1422	1908
1422	1949
1422	1882
1422	1879
1422	1971
1422	1917
1422	1856
1422	1867
1422	1833
1422	1917
1422	1860
1422	1958
1422	2017
1422	1877
1422	1871
1422	1897
1422	1941
1422	1962
1422	1951
1422	1830
1422	1904
1422	1842
1422	1851
1422	1829
1422	1833
1422	2034
1422	1877
1422	1794
1422	2066
1422	1957
1422	1994
1422	1984
1422	1977
1422	2007
1422	1865
1422	1962
1422	1863
1422	1897
1422	1889
1422	1877
1422	2031
1422	1856
1422	1872
1422	1903
1422	1973
1422	1859
1422	1846
1422	1940
1422	1968
1422	1840
1422	1975
1422	2103
1422	1900
1422	1911
1422	1995
1422	2167

melhor e media

1606	2799
1542	2179
1437	2218
1437	2000
1437	2080
1437	2016
1437	1908
1437	1856
1425	1836
1425	2034
1425	1982
1425	1888
1425	1911
1425	1822
1425	1914
1425	2024
1425	2133
1425	1908
1425	2015
1425	2015
1425	1887
1425	1803
1425	1969
1425	1887
1425	1932
1425	2002
1425	1897
1425	1881
1425	1994
1425	2027
1425	1939
1425	2116
1425	1934
1425	1859
1425	1952
1425	1919
1425	2020
1425	1982
1425	1919
1425	1946
1425	1950
1425	1955
1425	2156
1425	2080
1425	2075
1425	1991
1425	1998
1425	2013
1425	1849
1425	1942
1425	1949
1425	1917
1425	2057
1425	1995
1425	1858
1425	1857
1425	1987
1425	2002
1425	1985
1425	1914
1425	2069
1425	1912
1425	1902
1425	2053
1425	1977
1425	2008
1425	2042
1425	2020
1425	1856
1425	1795
1425	2068
1425	1991
1425	2040
1425	1968
1425	2033
1425	1861
1425	1729
1425	1869
1425	1884
1425	2036
1425	1965
1425	1924
1425	1946
1425	1887
1425	1853
1425	1961
1425	1889
1425	1974
1425	1933
1425	1877
1425	1914
1425	1866
1425	1951
1425	1902
1425	1948
1425	1877
1425	1959
1425	1995
1425	2071
1425	2018

melhor e media

1488	3132
1488	2257
1482	2138
1469	1918
1446	1868
1446	1901
1446	2007
1446	1932
1438	2097
1438	2110
1438	2081
1438	2102
1438	2019
1438	1905
1438	1953
1438	2032
1438	2094
1438	2036
1438	2151
1438	2291
1438	2059
1438	2004
1438	2015
1438	1977
1438	1971
1438	1920
1438	1966
1438	1961
1438	1983
1438	2050
1438	1944
1438	1937
1438	1983
1438	2025
1438	1913
1438	2009
1438	1989
1438	2000
1438	1983
1438	1839
1438	1937
1438	1912
1438	1964
1438	2022
1438	2259
1438	2117
1438	2027
1438	2064
1438	1944
1438	2041
1438	2084
1438	2220
1438	2086
1438	2091
1438	2078
1438	2067
1438	2187
1437	2148
1437	2063
1437	2139
1437	2089
1437	2006
1437	2075
1437	2090
1437	2074
1437	1933
1437	2030
1437	2076
1437	1992
1437	2221
1437	2094
1437	1961
1437	2141
1437	1937
1437	2137
1437	2064
1437	2023
1437	1896
1437	2070
1437	2155
1437	2093
1437	2058
1437	2158
1437	1966
1437	2090
1437	2060
1437	2019
1437	2130
1437	2029
1437	1986
1437	2132
1437	2037
1437	2022
1436	1991
1436	2047
1436	1946
1436	1970
1436	1956
1436	2224
1436	2123

melhor e media

1519	3257
1519	2454
1487	2150
1459	2068
1459	2113
1459	2018
1459	2117
1459	2242
1459	2035
1459	2061
1459	1987
1459	2124
1445	1977
1442	1799
1442	1837
1442	1924
1442	1945
1442	2036
1442	1906
1442	1924
1430	1836
1430	1867
1430	1903
1430	2033
1430	1972
1430	1977
1430	2155
1430	1879
1430	1889
1430	1978
1430	2016
1430	2039
1430	2008
1430	2024
1430	1879
1430	1931
1430	1922
1430	1962
1430	2099
1430	1907
1430	1865
1430	1924
1430	2022
1430	1887
1430	2014
1430	1971
1430	2066
1430	1990
1430	1981
1430	2058
1430	1868
1430	1973
1430	1953
1430	2139
1430	2091
1430	2101
1430	1937
1430	1879
1430	1935
1430	1921
1430	1969
1430	1870
1430	2110
1430	1868
1430	2045
1430	2122
1430	1898
1430	1943
1430	2027
1430	2006
1430	1791
1430	1936
1430	1985
1430	2044
1430	1922
1430	2046
1430	1880
1430	2059
1430	1902
1430	1903
1430	1873
1430	1955
1430	1875
1430	1865
1430	1941
1430	1897
1430	2072
1430	1958
1430	2002
1430	1946
1430	1997
1430	1883
1430	1929
1430	2016
1430	1920
1430	1831
1429	1901
1429	1890
1429	1837
1429	1934

melhor e media

1548	3117
1485	2337
1485	1988
1457	1968
1450	1955
1450	1887
1450	1917
1441	1761
1441	1876
1441	1893
1441	1871
1395	1716
1395	1908
1395	2070
1395	1890
1395	1877
1395	1813
1395	1786
1395	1903
1395	1920
1395	1939
1395	2020
1395	1990
1395	2042
1395	1886
1395	1977
1395	1897
1395	1849
1395	1861
1395	2082
1395	1982
1395	1980
1395	1878
1395	1931
1395	1995
1395	2029
1395	1969
1395	1857
1395	1956
1395	1921
1395	1810
1395	1847
1395	1972
1395	1915
1395	2026
1395	1939
1395	1923
1395	1899
1395	2073
1395	1971
1395	2142
1395	2003
1395	2019
1395	2011
1395	1929
1395	1994
1395	1942
1395	1912
1395	1724
1395	1833
1395	1873
1395	1869
1395	1926
1395	1837
1395	1900
1395	1887
1395	1868
1395	1858
1395	1907
1395	1849
1395	1990
1395	2084
1395	1915
1395	1786
1395	1878
1395	1841
1395	1830
1395	1998
1395	1709
1395	1876
1395	1930
1395	1968
1395	1856
1395	2058
1395	2236
1395	1973
1395	1892
1395	1922
1395	1863
1395	1991
1395	1978
1395	1960
1395	1917
1395	2051
1395	1959
1395	1970
1395	1977
1395	1885
1395	1900
1395	1957

