melhor e media

1530	2944
1427	1889
1389	1654
1389	1773
1389	1779
1389	1776
1389	1729
1389	1687
1389	1595
1347	1751
1347	1694
1322	1641
1322	1639
1322	1709
1322	1678
1322	1693
1322	1682
1322	1646
1322	1559
1322	1549
1322	1598
1322	1659
1322	1607
1322	1730
1322	1536
1322	1541
1322	1717
1322	1682
1322	1727
1322	1598
1322	1620
1322	1794
1322	1673
1322	1592
1322	1576
1322	1692
1322	1728
1322	1584
1322	1673
1322	1594
1322	1558
1322	1775
1322	1823
1322	1648
1322	1732
1322	1618
1322	1614
1322	1595
1322	1726
1322	1708
1322	1757
1322	1640
1322	1657
1322	1716
1322	1606
1322	1724
1322	1773
1322	1696
1320	1646
1311	1745
1311	1603
1311	1623
1311	1552
1311	1659
1289	1599
1289	1602
1289	1628
1289	1550
1289	1620
1289	1466
1289	1557
1289	1628
1289	1583
1289	1613
1280	1510
1280	1685
1280	1476
1280	1632
1280	1581
1280	1554
1280	1594
1280	1588
1280	1635
1280	1733
1280	1643
1280	1565
1280	1641
1280	1658
1280	1677
1280	1608
1280	1708
1280	1601
1280	1605
1280	1559
1280	1537
1280	1574
1280	1621
1280	1539
1280	1561
1280	1641

melhor e media

1485	2881
1476	2022
1397	1876
1397	1737
1381	1798
1370	1630
1357	1645
1327	1641
1327	1696
1327	1621
1327	1772
1327	1640
1327	1557
1327	1747
1327	1616
1327	1765
1327	1676
1327	1714
1327	1669
1327	1614
1327	1633
1327	1732
1327	1704
1327	1658
1327	1627
1327	1759
1327	1688
1327	1751
1327	1790
1327	1838
1327	1837
1327	1806
1327	1665
1327	1615
1327	1681
1327	1744
1327	1817
1327	1611
1327	1578
1327	1810
1327	1652
1327	1614
1327	1637
1319	1633
1319	1831
1319	1882
1319	1763
1319	1713
1319	1648
1319	1763
1319	1900
1319	1651
1319	1749
1319	1684
1319	1721
1319	1720
1319	1838
1319	1718
1319	1719
1319	1722
1319	1808
1319	1627
1319	1751
1319	1639
1319	1655
1319	1755
1319	1705
1319	1703
1319	1726
1319	1689
1319	1837
1319	1759
1319	1886
1319	1808
1319	1743
1319	1723
1319	1757
1319	1846
1319	1699
1319	1659
1319	1914
1319	1759
1319	1677
1319	1810
1319	1790
1319	1820
1319	1757
1319	1778
1319	1806
1319	1647
1319	1755
1319	1641
1319	1695
1319	1806
1319	1692
1319	1801
1319	2005
1319	1837
1319	1987
1319	1658

melhor e media

1537	3079
1435	2256
1350	1704
1330	1610
1315	1740
1315	1566
1311	1604
1311	1529
1311	1537
1311	1613
1311	1622
1311	1554
1311	1587
1311	1584
1272	1601
1272	1654
1272	1589
1272	1505
1272	1581
1272	1424
1272	1519
1272	1663
1272	1691
1272	1551
1272	1542
1272	1464
1272	1555
1272	1523
1272	1735
1272	1609
1272	1576
1272	1605
1272	1627
1272	1490
1272	1538
1272	1532
1272	1501
1272	1414
1272	1501
1272	1562
1272	1619
1272	1592
1272	1544
1272	1600
1272	1611
1272	1615
1272	1560
1272	1518
1272	1502
1272	1463
1272	1532
1272	1518
1272	1639
1272	1639
1272	1485
1272	1567
1272	1643
1272	1576
1272	1596
1272	1595
1272	1520
1272	1548
1272	1567
1272	1548
1272	1514
1272	1538
1272	1576
1272	1583
1272	1585
1272	1627
1272	1662
1272	1622
1272	1720
1272	1588
1272	1608
1272	1580
1272	1613
1272	1611
1272	1594
1272	1518
1272	1563
1272	1619
1272	1643
1272	1569
1272	1639
1272	1616
1272	1549
1272	1550
1272	1491
1272	1560
1272	1625
1272	1638
1272	1531
1272	1604
1272	1468
1272	1462
1272	1518
1272	1563
1272	1636
1272	1529

melhor e media

1469	2952
1378	1952
1365	1687
1344	1769
1344	1650
1329	1666
1329	1611
1321	1575
1320	1573
1320	1557
1307	1781
1307	1578
1307	1653
1294	1621
1294	1625
1294	1634
1294	1631
1294	1566
1294	1539
1294	1508
1294	1528
1294	1493
1294	1587
1294	1538
1294	1603
1294	1449
1294	1562
1294	1713
1294	1558
1294	1487
1294	1570
1294	1585
1294	1615
1294	1556
1294	1539
1294	1701
1294	1656
1294	1733
1294	1625
1294	1604
1294	1695
1294	1611
1294	1658
1294	1673
1294	1581
1294	1508
1294	1580
1294	1488
1294	1496
1294	1507
1294	1486
1294	1501
1294	1648
1294	1509
1294	1482
1294	1489
1294	1575
1294	1575
1294	1796
1294	1627
1294	1634
1294	1584
1294	1526
1294	1530
1294	1420
1294	1482
1294	1576
1294	1594
1276	1639
1276	1564
1276	1633
1276	1552
1276	1461
1276	1594
1276	1536
1276	1734
1276	1568
1276	1621
1276	1570
1276	1500
1274	1551
1274	1647
1274	1657
1274	1618
1274	1565
1274	1597
1274	1602
1274	1514
1274	1529
1274	1600
1274	1547
1274	1603
1274	1545
1274	1575
1274	1509
1274	1508
1274	1529
1274	1538
1274	1630
1274	1669

melhor e media

1547	2757
1385	2181
1378	1918
1378	1895
1378	1746
1378	1804
1378	1842
1378	1755
1378	1796
1378	1755
1378	1701
1378	1663
1364	1754
1364	2157
1361	2015
1355	1923
1354	1985
1353	1979
1349	1841
1347	1923
1341	1837
1339	1866
1338	2044
1338	2108
1338	2059
1338	2049
1338	1966
1338	1920
1338	1915
1338	2033
1338	1886
1338	1816
1338	1956
1338	1987
1338	1970
1338	1905
1338	2042
1338	1844
1338	2078
1338	2058
1338	1988
1338	1956
1338	1854
1338	2027
1338	2057
1338	1917
1338	2103
1338	1947
1338	2070
1338	2135
1338	2022
1338	2081
1338	1903
1338	1825
1338	1860
1338	1918
1338	1899
1338	2062
1338	2114
1338	2004
1338	2038
1338	2014
1338	1962
1338	1992
1338	1953
1338	2188
1338	1970
1338	2019
1338	1916
1338	1944
1338	2069
1338	1978
1338	1957
1338	2050
1338	2008
1338	1837
1338	1929
1338	1998
1338	1949
1338	1981
1338	1996
1338	1875
1338	2087
1338	1906
1338	2010
1338	2017
1338	1902
1338	1924
1338	1947
1338	1889
1338	1986
1338	2057
1338	1895
1338	1709
1338	1757
1338	1936
1338	1984
1338	2017
1338	1943
1338	1976

melhor e media

1479	2893
1439	2120
1404	1902
1404	1962
1398	2023
1398	1886
1386	1752
1381	1721
1379	1572
1379	1642
1379	1809
1379	1781
1352	1737
1352	1624
1338	1667
1338	1697
1338	1610
1338	1537
1338	1512
1338	1584
1338	1735
1338	1589
1338	1680
1338	1655
1338	1550
1338	1646
1338	1619
1338	1585
1338	1621
1338	1716
1338	1567
1338	1591
1338	1669
1338	1557
1338	1573
1338	1563
1338	1585
1338	1523
1338	1553
1338	1607
1338	1579
1338	1544
1338	1587
1338	1700
1338	1530
1338	1617
1338	1682
1338	1609
1338	1686
1338	1644
1338	1698
1338	1641
1338	1610
1338	1620
1338	1628
1338	1675
1338	1642
1338	1662
1338	1699
1338	1706
1338	1582
1338	1616
1338	1621
1338	1714
1338	1748
1338	1655
1338	1708
1338	1720
1338	1748
1338	1497
1338	1704
1338	1680
1338	1715
1338	1624
1338	1679
1338	1640
1338	1595
1338	1679
1338	1668
1338	1607
1338	1606
1338	1671
1338	1606
1338	1602
1338	1615
1338	1610
1338	1728
1338	1632
1338	1693
1338	1568
1338	1519
1338	1577
1338	1524
1338	1546
1338	1642
1338	1590
1338	1630
1338	1583
1338	1706
1338	1629

melhor e media

1508	2850
1433	2131
1414	1888
1348	1815
1348	1653
1348	1688
1348	1737
1348	1720
1348	1653
1348	1615
1348	1842
1348	1774
1348	1620
1348	1615
1348	1602
1348	1621
1348	1636
1348	1679
1348	1841
1348	1721
1348	1602
1348	1517
1348	1556
1348	1636
1348	1665
1348	1714
1348	1677
1348	1742
1348	1653
1348	1633
1348	1766
1348	1720
1348	1640
1348	1614
1348	1833
1348	1658
1348	1572
1348	1598
1348	1600
1348	1604
1348	1689
1348	1652
1348	1682
1348	1641
1348	1688
1348	1675
1348	1821
1348	1622
1348	1746
1348	1735
1348	1587
1348	1757
1348	1763
1348	1644
1348	1682
1348	1696
1348	1631
1348	1608
1348	1709
1348	1662
1348	1682
1348	1697
1348	1682
1348	1642
1348	1778
1348	1768
1348	1714
1348	1622
1348	1522
1348	1627
1348	1613
1348	1664
1348	1659
1348	1802
1348	1783
1348	1657
1348	1666
1348	1741
1348	1723
1348	1707
1348	1650
1348	1698
1348	1737
1348	1798
1348	1769
1348	1568
1348	1758
1348	1657
1348	1833
1348	1671
1348	1756
1348	1637
1348	1759
1348	1801
1348	1713
1348	1641
1348	1711
1348	1547
1348	1710
1348	1753

melhor e media

1582	2907
1443	2127
1332	1750
1332	1637
1313	1713
1313	1725
1309	1584
1309	1522
1309	1586
1309	1489
1309	1559
1309	1525
1294	1540
1294	1460
1294	1596
1294	1646
1294	1560
1294	1638
1294	1537
1294	1603
1294	1706
1294	1480
1294	1625
1294	1561
1294	1614
1294	1568
1294	1572
1294	1614
1294	1565
1294	1563
1294	1576
1294	1455
1294	1562
1294	1628
1294	1667
1294	1602
1294	1578
1294	1643
1294	1552
1294	1614
1294	1666
1294	1538
1294	1480
1294	1505
1294	1567
1294	1575
1294	1599
1294	1610
1294	1539
1294	1500
1294	1677
1294	1652
1294	1570
1294	1560
1294	1597
1294	1642
1294	1653
1294	1571
1294	1601
1294	1520
1294	1526
1294	1530
1294	1582
1294	1490
1294	1547
1294	1614
1294	1577
1294	1678
1294	1516
1294	1551
1294	1479
1294	1503
1294	1476
1294	1461
1294	1584
1294	1561
1294	1456
1294	1623
1294	1528
1294	1506
1294	1542
1294	1492
1294	1565
1294	1520
1294	1475
1294	1526
1294	1557
1294	1691
1294	1589
1294	1569
1294	1630
1294	1671
1294	1692
1294	1619
1294	1498
1294	1548
1294	1688
1294	1562
1294	1665
1294	1743

melhor e media

1492	2968
1353	2138
1329	1869
1329	1754
1329	1941
1329	1753
1329	1824
1329	1964
1329	1822
1329	1854
1329	1784
1329	1801
1329	1856
1329	1765
1329	1725
1329	1756
1329	1778
1329	1967
1329	1736
1329	1901
1329	1862
1329	1650
1329	1890
1329	1815
1329	1694
1329	1892
1329	1684
1329	1743
1329	1932
1329	1961
1329	1899
1329	2039
1329	1835
1329	1812
1329	1658
1322	1767
1322	1747
1322	1825
1322	1736
1322	1788
1322	1675
1322	1692
1322	1787
1322	1755
1322	1701
1322	1788
1322	1682
1322	1606
1322	1752
1322	1648
1322	1618
1322	1738
1322	1735
1322	1694
1322	1873
1322	1688
1322	1819
1322	1872
1322	1808
1322	1650
1322	1640
1322	1740
1322	1718
1322	1712
1303	1812
1303	1862
1303	1809
1303	1861
1303	1844
1303	1761
1303	1701
1303	1833
1303	1888
1303	1817
1303	1884
1303	2026
1303	1685
1303	1910
1303	1830
1303	1692
1303	1677
1303	1946
1303	1835
1303	1724
1303	1730
1303	1919
1303	1798
1303	1645
1303	1683
1303	1714
1303	1589
1303	1623
1303	1741
1303	1829
1303	1692
1303	1823
1303	1709
1303	1781
1303	1710
1303	1766

melhor e media

1382	2843
1374	1882
1320	1650
1320	1571
1320	1605
1320	1768
1320	1722
1320	1701
1320	1559
1320	1729
1295	1657
1295	1651
1295	1652
1295	1577
1295	1649
1295	1646
1295	1700
1295	1739
1295	1623
1295	1559
1295	1543
1295	1518
1292	1590
1292	1655
1292	1544
1292	1585
1292	1676
1292	1619
1292	1692
1292	1644
1292	1529
1292	1729
1292	1587
1292	1557
1292	1594
1292	1603
1292	1613
1292	1537
1292	1630
1292	1632
1292	1654
1292	1563
1292	1658
1292	1599
1292	1590
1292	1633
1292	1502
1292	1584
1292	1617
1292	1630
1292	1602
1292	1610
1292	1652
1292	1577
1292	1713
1292	1646
1292	1515
1292	1596
1292	1635
1292	1684
1292	1748
1292	1732
1292	1603
1292	1647
1292	1532
1292	1526
1292	1574
1292	1598
1292	1546
1292	1546
1292	1563
1292	1668
1292	1678
1292	1588
1292	1622
1292	1559
1292	1526
1292	1651
1292	1570
1292	1605
1292	1534
1292	1675
1292	1532
1292	1537
1292	1624
1292	1645
1292	1506
1292	1579
1292	1528
1292	1594
1292	1513
1292	1589
1292	1621
1292	1531
1292	1535
1292	1515
1292	1621
1292	1606
1292	1514
1292	1598

melhor e media

1528	3026
1483	2253
1429	2073
1429	2136
1429	1991
1429	1883
1429	2050
1429	1932
1429	1868
1429	1786
1392	1857
1392	1660
1388	1660
1388	1671
1386	1682
1386	1599
1386	1548
1385	1555
1385	1541
1385	1701
1365	1648
1365	1637
1365	1698
1365	1691
1361	1703
1360	1886
1360	1850
1360	1752
1360	1717
1360	1926
1360	1819
1360	1706
1360	1769
1360	1850
1360	1662
1360	1583
1360	1606
1360	1675
1360	1754
1360	1761
1360	1765
1360	1627
1360	1698
1360	1684
1360	1740
1360	1675
1360	1856
1360	1763
1360	1741
1360	1622
1360	1647
1360	1820
1360	1749
1360	1905
1360	1594
1360	1679
1360	1697
1360	1805
1360	1779
1360	1672
1360	1811
1360	1817
1360	1586
1360	1874
1352	1736
1352	1643
1352	1612
1352	1779
1352	1709
1352	1674
1352	1748
1352	1682
1352	1694
1350	1736
1350	1537
1350	1651
1345	1562
1345	1662
1345	1649
1333	1766
1333	1755
1333	1620
1333	1658
1333	1651
1333	1608
1333	1577
1333	1845
1333	1766
1333	1591
1333	1574
1333	1596
1333	1697
1333	1785
1328	1613
1328	1654
1328	1619
1328	1574
1328	1754
1328	1626
1328	1594

melhor e media

1454	2847
1411	2166
1336	1852
1336	1814
1336	1694
1336	1686
1336	1752
1336	1853
1336	1832
1336	1715
1329	1701
1329	1636
1329	1784
1329	1670
1329	1638
1329	1581
1329	1827
1329	1868
1329	1724
1329	1611
1329	1675
1329	1747
1329	1770
1314	1687
1314	1732
1314	1790
1314	1760
1314	1610
1314	1594
1314	1553
1314	1779
1314	1678
1314	1731
1314	1623
1314	1662
1314	1595
1285	1574
1285	1682
1276	1585
1276	1675
1276	1647
1276	1660
1276	1626
1276	1539
1276	1684
1276	1591
1276	1500
1276	1507
1276	1511
1276	1646
1276	1596
1276	1707
1276	1566
1276	1518
1276	1712
1276	1667
1276	1502
1276	1583
1276	1758
1276	1540
1276	1525
1276	1677
1276	1622
1276	1702
1276	1531
1276	1562
1276	1475
1276	1672
1276	1627
1276	1561
1276	1605
1276	1531
1276	1700
1276	1616
1276	1650
1276	1638
1276	1710
1276	1619
1276	1657
1276	1501
1276	1619
1276	1525
1276	1555
1276	1573
1276	1614
1276	1648
1276	1590
1276	1592
1276	1582
1276	1652
1276	1555
1276	1710
1276	1630
1276	1545
1276	1677
1276	1643
1276	1656
1276	1639
1276	1618
1276	1549

melhor e media

1427	2743
1363	2014
1334	1766
1322	1647
1305	1623
1305	1738
1305	1694
1305	1656
1305	1548
1305	1657
1305	1614
1305	1668
1305	1705
1305	1629
1305	1784
1305	1659
1305	1674
1305	1526
1305	1628
1305	1532
1305	1505
1305	1647
1305	1579
1305	1703
1283	1651
1283	1582
1283	1684
1283	1609
1283	1704
1283	1599
1283	1708
1283	1666
1283	1607
1283	1555
1283	1717
1283	1584
1283	1720
1283	1501
1283	1506
1283	1657
1283	1715
1283	1626
1283	1682
1283	1530
1283	1667
1283	1576
1283	1645
1283	1655
1283	1615
1283	1682
1283	1547
1283	1583
1283	1665
1283	1589
1283	1544
1283	1746
1283	1637
1283	1569
1283	1717
1283	1694
1283	1783
1283	1578
1283	1593
1283	1664
1283	1707
1283	1695
1283	1675
1283	1520
1283	1624
1283	1692
1283	1512
1283	1640
1283	1627
1283	1812
1283	1720
1283	1494
1283	1583
1283	1671
1283	1734
1283	1641
1283	1442
1283	1512
1283	1662
1283	1577
1283	1540
1283	1627
1283	1614
1283	1549
1283	1596
1283	1604
1283	1670
1283	1627
1283	1585
1283	1445
1283	1594
1283	1532
1283	1576
1283	1574
1283	1491
1283	1570

melhor e media

1554	2746
1385	1944
1289	1654
1289	1615
1289	1641
1289	1614
1289	1635
1289	1701
1289	1569
1289	1597
1289	1645
1289	1544
1289	1589
1289	1693
1289	1673
1289	1579
1289	1606
1289	1509
1289	1699
1289	1552
1289	1564
1289	1645
1289	1652
1289	1664
1280	1569
1280	1589
1280	1534
1280	1738
1280	1676
1280	1735
1280	1701
1280	1747
1280	1613
1280	1624
1280	1648
1280	1678
1280	1686
1280	1627
1280	1537
1280	1561
1280	1748
1280	1779
1280	1514
1280	1665
1280	1649
1280	1639
1280	1603
1280	1616
1280	1574
1280	1582
1280	1508
1280	1712
1280	1683
1280	1585
1280	1566
1280	1698
1280	1595
1280	1583
1280	1719
1280	1619
1280	1682
1280	1708
1280	1605
1280	1752
1280	1702
1280	1572
1280	1706
1280	1570
1280	1546
1280	1542
1280	1544
1280	1638
1280	1654
1280	1647
1280	1605
1280	1642
1280	1603
1280	1590
1280	1571
1280	1661
1280	1712
1280	1578
1280	1627
1280	1673
1280	1558
1280	1610
1280	1572
1280	1662
1280	1614
1280	1593
1280	1484
1280	1593
1280	1594
1280	1674
1280	1617
1280	1691
1280	1626
1280	1554
1280	1602
1280	1719

melhor e media

1620	2876
1512	2366
1403	1871
1348	1788
1330	1557
1330	1609
1330	1725
1330	1662
1330	1591
1330	1662
1330	1608
1330	1635
1330	1650
1330	1640
1330	1609
1329	1665
1314	1530
1314	1621
1314	1500
1314	1631
1314	1686
1314	1595
1314	1686
1314	1621
1314	1573
1314	1827
1314	1640
1314	1661
1314	1689
1314	1783
1314	1639
1314	1556
1314	1700
1314	1637
1314	1589
1314	1670
1314	1652
1314	1528
1314	1755
1314	1653
1314	1740
1314	1674
1313	1623
1313	1640
1313	1696
1313	1617
1313	1550
1313	1547
1313	1630
1313	1658
1313	1618
1313	1617
1313	1630
1313	1659
1313	1640
1313	1580
1313	1642
1313	1684
1313	1593
1313	1706
1313	1709
1313	1614
1313	1679
1313	1596
1313	1675
1313	1571
1313	1650
1313	1755
1313	1617
1313	1637
1313	1660
1313	1740
1313	1695
1313	1671
1313	1621
1313	1748
1313	1595
1313	1611
1313	1664
1313	1674
1313	1651
1313	1774
1313	1669
1313	1727
1313	1676
1313	1640
1313	1638
1313	1512
1313	1637
1313	1640
1313	1621
1313	1768
1313	1619
1313	1660
1313	1780
1313	1725
1313	1555
1313	1541
1313	1599
1313	1727

melhor e media

1468	2880
1424	2005
1383	1719
1383	1724
1356	1759
1341	1749
1341	1509
1314	1567
1314	1636
1305	1756
1305	1603
1305	1589
1305	1579
1305	1558
1305	1538
1305	1652
1305	1610
1305	1540
1305	1713
1305	1709
1305	1693
1305	1529
1305	1671
1305	1509
1305	1793
1305	1733
1305	1506
1305	1529
1305	1715
1305	1645
1305	1694
1305	1588
1305	1676
1305	1653
1305	1577
1305	1574
1305	1612
1305	1585
1305	1588
1305	1664
1305	1595
1305	1628
1305	1703
1305	1715
1305	1555
1305	1569
1305	1594
1305	1554
1305	1609
1305	1506
1305	1625
1305	1586
1305	1628
1305	1625
1305	1450
1305	1522
1305	1593
1305	1532
1305	1638
1305	1568
1305	1469
1305	1525
1305	1514
1305	1539
1305	1473
1305	1653
1305	1649
1305	1675
1305	1675
1305	1585
1305	1533
1305	1678
1305	1533
1305	1589
1305	1538
1305	1665
1305	1639
1305	1571
1305	1670
1305	1668
1305	1573
1305	1583
1305	1598
1305	1648
1305	1698
1305	1613
1305	1685
1305	1611
1305	1637
1305	1559
1305	1575
1305	1615
1305	1752
1305	1573
1305	1585
1305	1577
1305	1544
1305	1571
1305	1499
1305	1621

melhor e media

1472	2999
1458	2410
1452	1854
1429	1911
1423	1880
1389	1707
1345	1643
1345	1702
1345	1687
1345	1519
1345	1637
1345	1524
1345	1731
1345	1657
1345	1616
1345	1628
1345	1584
1345	1715
1345	1631
1345	1583
1345	1694
1345	1590
1345	1595
1345	1579
1345	1624
1345	1705
1345	1608
1345	1571
1345	1631
1345	1676
1345	1680
1345	1587
1345	1544
1345	1678
1345	1616
1345	1584
1345	1541
1345	1649
1345	1555
1345	1598
1345	1462
1345	1629
1345	1664
1345	1546
1345	1615
1345	1669
1345	1551
1345	1552
1345	1541
1345	1554
1345	1676
1345	1756
1345	1645
1345	1599
1345	1535
1345	1657
1345	1489
1345	1522
1345	1721
1345	1667
1345	1586
1345	1659
1345	1533
1345	1565
1345	1753
1345	1703
1345	1577
1345	1556
1345	1597
1345	1663
1345	1547
1345	1674
1345	1635
1345	1585
1345	1582
1345	1626
1345	1608
1345	1561
1345	1641
1345	1625
1345	1626
1345	1602
1345	1668
1345	1667
1345	1604
1345	1620
1345	1609
1345	1551
1345	1585
1345	1619
1345	1537
1345	1573
1345	1607
1345	1654
1345	1682
1345	1579
1345	1678
1345	1672
1345	1573
1345	1591

melhor e media

1618	3014
1461	2209
1362	1842
1362	1602
1362	1579
1362	1625
1362	1633
1362	1677
1362	1631
1362	1572
1362	1682
1362	1588
1362	1665
1362	1682
1362	1606
1362	1585
1362	1626
1348	1603
1348	1677
1328	1742
1313	1570
1309	1690
1309	1714
1309	1581
1309	1659
1294	1502
1294	1650
1294	1650
1294	1619
1294	1631
1294	1713
1294	1706
1294	1521
1294	1655
1294	1627
1294	1570
1294	1578
1294	1576
1294	1579
1294	1548
1294	1546
1294	1483
1294	1669
1294	1556
1294	1624
1294	1579
1294	1480
1294	1643
1294	1647
1294	1765
1294	1645
1294	1732
1294	1568
1294	1625
1294	1562
1294	1576
1294	1625
1294	1773
1294	1557
1294	1640
1294	1581
1294	1533
1294	1571
1294	1676
1294	1569
1294	1451
1294	1487
1294	1546
1294	1678
1294	1604
1294	1748
1294	1684
1294	1573
1294	1594
1294	1537
1294	1650
1294	1672
1294	1655
1294	1549
1294	1623
1294	1646
1294	1548
1294	1665
1294	1774
1294	1709
1294	1649
1294	1567
1294	1582
1294	1593
1294	1585
1294	1619
1294	1595
1294	1526
1294	1631
1294	1570
1294	1479
1294	1556
1294	1641
1294	1654
1294	1617

melhor e media

1463	2988
1386	2015
1380	1676
1380	1655
1379	1761
1313	1743
1313	1633
1313	1647
1313	1540
1308	1589
1308	1608
1308	1565
1308	1653
1308	1758
1308	1633
1308	1715
1308	1823
1308	1694
1308	1647
1308	1587
1308	1678
1308	1512
1308	1630
1308	1576
1308	1601
1308	1652
1308	1675
1308	1712
1308	1756
1308	1775
1308	1699
1308	1646
1308	1715
1308	1755
1308	1826
1308	1646
1308	1665
1308	1643
1308	1631
1308	1668
1308	1672
1308	1669
1308	1580
1308	1691
1308	1637
1308	1669
1308	1713
1308	1709
1308	1697
1308	1674
1308	1705
1308	1702
1308	1717
1308	1630
1308	1744
1308	1656
1308	1780
1296	1714
1296	1685
1296	1706
1296	1525
1296	1661
1296	1639
1296	1543
1296	1630
1296	1655
1296	1651
1296	1612
1296	1566
1296	1675
1296	1799
1296	1641
1296	1590
1296	1683
1296	1714
1296	1606
1296	1695
1296	1654
1296	1681
1296	1669
1296	1756
1296	1822
1296	1753
1296	1527
1296	1724
1296	1757
1296	1714
1296	1663
1296	1704
1296	1653
1296	1637
1296	1604
1296	1661
1296	1731
1296	1792
1296	1699
1296	1818
1296	1698
1296	1687
1296	1615

melhor e media

1538	2893
1404	2061
1328	1846
1328	1599
1312	1583
1287	1638
1287	1754
1287	1660
1287	1677
1287	1600
1287	1716
1287	1718
1287	1760
1287	1643
1287	1610
1287	1610
1287	1662
1287	1714
1287	1667
1287	1732
1287	1761
1287	1576
1287	1811
1287	1706
1287	1806
1287	1613
1287	1558
1287	1601
1287	1568
1287	1584
1287	1658
1287	1714
1287	1705
1287	1859
1287	1637
1287	1636
1287	1586
1287	1743
1287	1705
1287	1630
1287	1755
1287	1663
1287	1845
1287	1660
1287	1645
1287	1605
1287	1716
1287	1631
1287	1757
1287	1597
1287	1749
1287	1608
1287	1766
1287	1526
1287	1575
1287	1588
1287	1671
1287	1587
1287	1737
1287	1588
1287	1570
1287	1756
1287	1604
1287	1786
1287	1673
1287	1576
1287	1557
1287	1587
1287	1685
1287	1763
1287	1622
1287	1768
1287	1629
1287	1741
1287	1697
1287	1566
1287	1600
1287	1547
1287	1642
1287	1565
1287	1592
1287	1579
1287	1640
1287	1623
1287	1752
1287	1701
1287	1706
1287	1631
1287	1592
1287	1754
1287	1644
1287	1763
1287	1640
1287	1811
1287	1553
1287	1714
1287	1804
1287	1628
1287	1694
1287	1757

melhor e media

1668	2846
1439	1980
1389	1920
1361	1741
1328	1684
1328	1619
1328	1735
1328	1610
1328	1583
1319	1528
1319	1728
1319	1599
1319	1641
1315	1690
1315	1537
1315	1705
1315	1547
1315	1532
1315	1583
1315	1622
1315	1580
1315	1719
1307	1683
1307	1627
1307	1558
1307	1673
1307	1710
1291	1634
1291	1580
1291	1487
1291	1534
1291	1637
1291	1680
1291	1505
1291	1502
1291	1573
1291	1586
1291	1733
1291	1589
1291	1610
1291	1697
1291	1632
1291	1554
1291	1683
1291	1580
1291	1484
1291	1569
1291	1536
1291	1759
1291	1513
1291	1598
1291	1672
1291	1590
1291	1642
1291	1595
1291	1583
1291	1521
1291	1628
1291	1570
1291	1612
1291	1593
1291	1522
1291	1661
1291	1595
1291	1647
1291	1572
1291	1468
1291	1585
1291	1491
1291	1596
1291	1568
1291	1501
1291	1514
1291	1688
1291	1545
1291	1530
1291	1667
1291	1537
1291	1621
1291	1655
1291	1489
1291	1638
1291	1561
1291	1606
1291	1602
1291	1646
1291	1653
1291	1670
1291	1587
1291	1672
1291	1676
1291	1609
1291	1567
1291	1580
1291	1621
1291	1638
1291	1665
1291	1544
1291	1666
1291	1601

melhor e media

1467	2894
1389	1927
1357	1673
1357	1662
1350	1666
1350	1692
1350	1741
1346	1580
1346	1655
1346	1695
1316	1575
1313	1581
1303	1508
1303	1494
1302	1543
1302	1556
1302	1520
1302	1579
1298	1492
1298	1571
1298	1554
1298	1594
1298	1549
1298	1549
1298	1549
1298	1566
1298	1514
1298	1539
1298	1563
1298	1526
1298	1661
1298	1444
1298	1563
1298	1624
1298	1566
1298	1541
1298	1622
1298	1557
1298	1477
1298	1648
1298	1566
1298	1586
1298	1600
1298	1534
1298	1675
1298	1660
1298	1632
1298	1639
1298	1616
1298	1699
1298	1836
1298	1713
1298	1698
1298	1713
1298	1642
1298	1550
1298	1587
1298	1673
1298	1567
1298	1583
1298	1513
1298	1536
1298	1526
1298	1471
1298	1527
1298	1600
1298	1633
1298	1824
1298	1613
1298	1660
1298	1542
1298	1641
1298	1451
1298	1623
1298	1587
1298	1627
1298	1690
1298	1562
1298	1579
1298	1660
1298	1641
1298	1577
1298	1525
1298	1625
1298	1588
1298	1526
1298	1601
1298	1580
1298	1678
1298	1547
1298	1656
1298	1636
1298	1706
1298	1608
1298	1670
1298	1685
1298	1550
1298	1616
1298	1623
1298	1668

melhor e media

1479	2924
1412	1837
1316	1692
1310	1566
1290	1708
1290	1673
1290	1698
1290	1645
1290	1708
1290	1462
1290	1602
1290	1645
1290	1575
1290	1579
1290	1564
1290	1584
1290	1524
1290	1554
1290	1574
1290	1555
1290	1502
1290	1586
1290	1485
1290	1587
1290	1707
1274	1613
1274	1555
1274	1594
1274	1605
1274	1596
1274	1613
1274	1618
1274	1626
1274	1595
1274	1505
1274	1618
1274	1635
1274	1637
1274	1694
1274	1686
1274	1595
1274	1614
1274	1598
1274	1597
1274	1638
1274	1602
1274	1570
1274	1523
1274	1601
1274	1547
1274	1543
1274	1516
1274	1512
1274	1615
1274	1631
1274	1665
1274	1640
1274	1596
1274	1640
1274	1657
1274	1631
1274	1558
1274	1649
1274	1829
1274	1756
1274	1677
1274	1571
1274	1462
1274	1505
1274	1471
1274	1590
1274	1537
1274	1670
1274	1547
1274	1570
1274	1536
1274	1599
1274	1519
1274	1574
1274	1548
1274	1567
1274	1617
1274	1618
1274	1510
1274	1582
1274	1574
1274	1593
1274	1634
1274	1687
1274	1664
1274	1490
1274	1705
1274	1608
1274	1479
1274	1566
1274	1639
1274	1567
1274	1492
1274	1656
1274	1535

melhor e media

1493	2915
1468	2378
1468	1963
1454	1868
1450	1818
1433	1683
1411	1742
1391	1697
1391	1732
1387	1847
1387	1837
1387	1860
1387	1974
1352	1773
1352	1842
1352	1956
1352	1741
1352	1934
1352	1891
1352	1776
1352	1873
1352	1669
1352	1839
1352	1776
1352	1738
1352	1822
1352	1923
1352	1907
1352	1876
1352	1724
1352	1706
1352	1913
1352	1905
1352	1749
1352	1836
1352	1859
1352	1930
1352	1811
1352	1783
1352	1757
1352	1876
1352	1811
1352	1859
1352	1872
1352	1725
1352	1847
1352	1815
1352	1804
1352	1717
1352	2016
1352	1902
1352	1784
1352	1875
1352	1690
1352	1710
1352	1656
1352	1702
1352	1794
1352	1792
1352	1858
1352	1821
1352	2049
1352	1905
1352	1739
1352	1695
1352	1846
1352	1988
1352	1781
1352	1883
1352	1846
1352	1714
1345	1957
1345	2040
1319	1734
1319	1878
1319	1648
1319	1802
1319	1869
1319	1697
1319	2022
1319	1987
1319	2047
1319	1897
1319	1978
1319	1944
1319	2014
1319	1942
1319	2120
1319	1983
1319	1917
1319	1739
1319	1780
1319	1876
1319	2064
1318	1928
1318	2013
1318	2025
1318	1954
1318	2097
1318	2066

melhor e media

1550	3001
1441	2406
1329	1981
1329	1995
1329	1677
1329	1772
1329	1636
1329	1674
1329	1621
1329	1657
1329	1659
1329	1688
1329	1600
1329	1597
1329	1653
1329	1597
1329	1620
1329	1603
1329	1703
1329	1592
1329	1539
1329	1652
1329	1536
1329	1709
1329	1698
1329	1540
1329	1766
1329	1684
1329	1502
1329	1463
1329	1564
1329	1673
1329	1771
1329	1621
1329	1581
1329	1650
1329	1808
1329	1690
1329	1555
1329	1615
1329	1657
1329	1628
1329	1738
1329	1739
1329	1571
1329	1703
1329	1645
1329	1634
1329	1709
1329	1658
1329	1692
1329	1556
1329	1518
1329	1636
1329	1668
1329	1621
1329	1637
1329	1730
1329	1609
1329	1660
1329	1746
1329	1745
1329	1725
1329	1572
1329	1577
1329	1597
1329	1786
1329	1833
1329	1624
1329	1706
1329	1618
1329	1565
1329	1567
1329	1580
1329	1749
1329	1548
1329	1678
1329	1709
1329	1495
1329	1627
1329	1666
1329	1629
1329	1848
1329	1782
1329	1621
1329	1739
1329	1778
1329	1725
1315	1639
1297	1594
1297	1597
1297	1686
1297	1735
1297	1598
1297	1746
1297	1794
1297	1588
1297	1606
1297	1617
1297	1637

melhor e media

1663	2895
1424	2222
1358	1813
1345	1611
1307	1776
1307	1682
1307	1616
1307	1780
1307	1836
1307	1804
1307	1729
1307	1535
1307	1726
1307	1639
1307	1650
1307	1623
1307	1681
1307	1679
1307	1739
1307	1650
1307	1570
1307	1699
1307	1720
1307	1705
1307	1651
1307	1730
1307	1556
1307	1620
1307	1597
1307	1638
1307	1656
1307	1765
1307	1594
1307	1679
1307	1753
1307	1834
1307	1578
1307	1712
1307	1557
1307	1685
1307	1678
1307	1606
1307	1684
1307	1611
1307	1547
1307	1623
1307	1757
1305	1669
1274	1603
1274	1636
1274	1567
1274	1565
1274	1519
1274	1548
1274	1564
1274	1752
1274	1586
1274	1602
1274	1659
1274	1749
1274	1640
1274	1639
1274	1563
1274	1660
1274	1659
1274	1760
1274	1675
1274	1622
1274	1628
1274	1542
1274	1650
1274	1588
1274	1599
1274	1580
1274	1649
1274	1691
1274	1595
1274	1569
1274	1477
1274	1668
1274	1606
1274	1674
1274	1543
1274	1537
1274	1517
1274	1527
1274	1607
1274	1620
1274	1643
1274	1673
1274	1574
1274	1715
1274	1580
1274	1483
1274	1619
1274	1562
1274	1491
1274	1661
1274	1513
1274	1599

melhor e media

1554	2900
1388	2065
1329	1891
1329	1689
1329	1797
1329	1743
1329	1745
1329	1905
1329	1787
1329	1651
1329	1585
1329	1779
1329	1794
1329	1752
1329	1609
1329	1697
1329	1670
1329	1770
1329	1856
1329	1853
1329	1613
1329	1843
1329	1830
1329	1738
1329	1691
1329	1686
1329	1784
1329	1747
1329	1617
1329	1722
1329	1619
1329	1724
1329	1561
1329	1683
1329	1753
1329	1756
1329	1644
1329	1838
1329	1791
1329	1698
1329	1666
1329	1664
1329	1660
1329	1721
1329	1769
1329	1681
1329	1688
1329	1723
1329	1783
1329	1617
1329	1827
1329	1628
1329	1770
1329	1708
1329	1673
1329	1881
1329	1725
1329	1838
1329	1904
1329	1755
1329	1765
1329	1746
1329	1638
1329	1702
1329	1749
1329	1816
1329	1694
1329	1676
1329	1585
1329	1736
1329	1726
1329	1619
1329	1668
1329	1695
1329	1722
1329	1685
1329	1695
1329	1717
1329	1615
1329	1725
1329	1781
1329	1833
1329	1656
1329	1694
1329	1729
1329	1835
1329	1984
1329	1691
1329	1783
1329	1687
1329	1701
1329	1636
1329	1670
1329	1724
1329	1766
1329	1775
1329	1729
1329	1844
1329	1765
1329	1890

melhor e media

1610	2802
1419	2007
1365	1682
1365	1853
1365	1886
1365	1788
1365	1808
1365	1718
1365	1886
1365	1933
1320	1755
1320	1761
1320	1812
1320	1735
1320	1806
1320	1774
1320	1760
1320	1625
1320	1695
1320	1705
1320	1775
1320	1637
1320	1785
1320	1716
1320	1828
1320	1742
1320	1680
1320	1895
1320	1594
1320	1798
1320	1700
1320	1707
1320	1658
1307	1757
1307	1703
1307	1824
1307	1701
1307	1635
1276	1573
1276	1528
1274	1642
1274	1597
1274	1475
1274	1537
1274	1504
1274	1525
1274	1550
1274	1706
1274	1763
1274	1636
1274	1491
1274	1590
1274	1683
1274	1627
1274	1550
1274	1654
1274	1685
1274	1505
1274	1588
1274	1571
1274	1617
1274	1594
1274	1535
1274	1564
1274	1723
1274	1631
1274	1582
1274	1576
1274	1686
1274	1701
1274	1580
1274	1544
1274	1570
1274	1584
1274	1641
1274	1643
1274	1654
1274	1657
1274	1612
1274	1587
1274	1708
1274	1513
1274	1563
1274	1549
1274	1614
1274	1596
1274	1545
1274	1642
1274	1685
1274	1572
1274	1536
1274	1568
1274	1772
1274	1562
1274	1557
1274	1583
1274	1629
1274	1639
1274	1522
1274	1577

melhor e media

1426	2924
1390	1844
1342	1689
1327	1684
1327	1610
1327	1602
1327	1595
1327	1616
1327	1625
1327	1595
1327	1497
1327	1671
1327	1666
1327	1549
1327	1631
1327	1533
1327	1644
1327	1560
1327	1690
1327	1559
1327	1573
1327	1638
1327	1585
1327	1657
1327	1640
1327	1591
1327	1562
1327	1616
1318	1638
1318	1539
1318	1546
1318	1601
1300	1587
1288	1771
1283	1696
1283	1598
1283	1722
1283	1636
1283	1585
1283	1518
1283	1807
1283	1645
1283	1512
1283	1603
1283	1657
1283	1501
1283	1528
1283	1605
1283	1589
1283	1681
1283	1584
1283	1644
1283	1617
1283	1526
1283	1529
1283	1597
1283	1525
1283	1694
1283	1480
1283	1710
1283	1670
1283	1677
1283	1544
1283	1516
1283	1632
1283	1659
1283	1709
1283	1570
1283	1620
1283	1522
1283	1602
1283	1526
1283	1668
1283	1741
1283	1679
1283	1517
1283	1504
1283	1646
1283	1658
1283	1558
1283	1592
1283	1483
1283	1631
1283	1561
1283	1519
1283	1464
1283	1638
1283	1637
1283	1475
1283	1523
1283	1611
1283	1675
1283	1591
1283	1532
1283	1682
1283	1727
1283	1598
1283	1665
1283	1694
1283	1654

melhor e media

1419	3166
1419	2326
1419	2051
1419	2013
1322	1726
1322	1742
1290	1682
1290	1747
1290	1650
1290	1856
1290	1753
1290	1760
1290	1723
1290	1714
1290	1809
1290	1859
1290	1867
1290	1802
1290	1714
1290	1674
1290	1708
1290	1743
1290	1808
1290	1871
1290	1706
1290	1783
1290	1612
1290	1628
1290	1657
1290	1741
1290	1757
1290	1517
1290	1830
1290	1668
1290	1746
1290	1670
1290	1747
1290	1676
1290	1779
1290	1726
1290	1710
1290	1751
1290	1576
1290	1845
1290	1748
1290	1757
1290	1776
1290	1710
1290	1715
1290	1565
1290	1668
1290	1604
1290	1624
1290	1862
1290	1730
1290	1790
1290	1789
1290	1691
1290	1766
1290	1625
1290	1826
1290	1735
1290	1664
1290	1678
1290	1646
1290	1683
1290	1877
1290	1680
1290	1756
1290	1680
1290	1716
1290	1736
1290	1554
1290	1639
1290	1787
1290	1841
1290	1784
1290	1758
1290	1692
1290	1804
1290	1840
1290	1625
1290	1888
1290	1803
1290	1706
1290	1764
1290	1755
1290	1707
1290	1663
1290	1681
1290	1797
1290	1809
1290	1853
1290	1703
1290	1778
1290	1611
1290	1735
1290	1787
1290	1616
1290	1636

