melhor e media

1574	2977
1442	2155
1421	2004
1417	2011
1412	1919
1412	1923
1412	1957
1396	1961
1396	1809
1396	1694
1367	1756
1367	1885
1367	1815
1357	1801
1357	1706
1357	1786
1357	1782
1343	1925
1343	1820
1343	1766
1343	1765
1337	1906
1337	1727
1337	1800
1337	1817
1337	1862
1337	1823
1337	1907
1337	1832
1337	1734
1337	1675
1337	1837
1337	1837
1337	1918
1337	1804
1337	1656
1337	1830
1337	1732
1337	1815
1337	1743
1337	1710
1337	1912
1337	1743
1337	1842
1337	1863
1337	1835
1337	1767
1337	1725
1337	1832
1337	1920
1337	1809
1337	1824
1337	1737
1337	1742
1337	1750
1337	1742
1337	1790
1337	1699
1337	1909
1337	1747
1337	1926
1337	1874
1337	1872
1337	1816
1337	1790
1337	1845
1337	1837
1337	1832
1337	1839
1337	1925
1337	1773
1337	1756
1337	1785
1337	1774
1337	1782
1337	1899
1337	1795
1337	1783
1337	1804
1337	1916
1337	1672
1337	1816
1337	1801
1337	1621
1337	1681
1337	1715
1337	1814
1337	1716
1337	1840
1337	2002
1337	1689
1337	2022
1337	1833
1337	1766
1337	1687
1337	1795
1337	1668
1337	1800
1337	1732
1337	1890

melhor e media

1510	2940
1434	2223
1354	1876
1354	1881
1354	2040
1354	1881
1354	1864
1354	1855
1354	1847
1354	1850
1354	1730
1354	1796
1354	1801
1354	1715
1354	1869
1354	1954
1354	1861
1354	1758
1354	1881
1354	1810
1354	1786
1354	1835
1354	1794
1354	1961
1354	1920
1354	1883
1354	1942
1354	2018
1354	1793
1354	1743
1352	1746
1352	1896
1352	2234
1352	2180
1352	2207
1352	2126
1352	2256
1352	2213
1352	1881
1352	2190
1352	2231
1352	2026
1352	2062
1352	2357
1352	2172
1352	2193
1352	2260
1352	2275
1352	2230
1352	2260
1352	2417
1352	2293
1352	2329
1352	2209
1352	2154
1352	2143
1352	2137
1352	2024
1352	2056
1352	2043
1352	2027
1352	2277
1352	2357
1352	2314
1352	2274
1352	2251
1322	2420
1322	1896
1322	1809
1322	1724
1322	1703
1322	1750
1322	1856
1322	1780
1322	1837
1322	1883
1322	1701
1322	1739
1322	1737
1322	1794
1322	1812
1322	1786
1322	1806
1322	1863
1322	1750
1322	2043
1322	1838
1322	1829
1322	1833
1322	1747
1322	1768
1322	1752
1322	1741
1322	1783
1322	1832
1322	1842
1322	1732
1322	1768
1322	1828
1322	1852

melhor e media

1358	2838
1358	2120
1331	1795
1331	1825
1331	1892
1304	1911
1304	1993
1304	2142
1304	1969
1304	1954
1304	2010
1304	1872
1304	1894
1304	1970
1304	1866
1304	2014
1304	1980
1304	1981
1304	1999
1304	1865
1304	1961
1304	1775
1304	1962
1304	1910
1304	1890
1304	1964
1304	1891
1304	1949
1304	1781
1304	1985
1304	1922
1304	1985
1304	1923
1304	2038
1304	1893
1304	1899
1304	1887
1304	1888
1304	2019
1304	2001
1304	1839
1304	1757
1304	1893
1304	1997
1304	1835
1304	1792
1304	1952
1304	1965
1304	1870
1304	1939
1304	1874
1304	2064
1304	1912
1304	1952
1304	1988
1304	2029
1304	2003
1304	1853
1304	2022
1304	2093
1304	2051
1304	1894
1304	1837
1304	1898
1304	1888
1304	2041
1304	1888
1304	1875
1304	1792
1304	1973
1304	1852
1304	1860
1304	2094
1304	1945
1304	1879
1304	2125
1304	1992
1304	1867
1304	2121
1304	1990
1304	1991
1304	2006
1304	2008
1304	2000
1304	1979
1304	2028
1304	2041
1304	2030
1304	2010
1304	1944
1304	2017
1304	1954
1304	1876
1304	1881
1304	1854
1304	1993
1304	1756
1304	1921
1304	2031
1304	1872

melhor e media

1468	2864
1468	2420
1390	2107
1332	1883
1332	1960
1332	1947
1332	2001
1332	2131
1332	1929
1332	2026
1332	2001
1332	1980
1332	2069
1332	2034
1332	1879
1332	2050
1332	2035
1332	2052
1332	2096
1332	2043
1332	2032
1332	2093
1332	2069
1332	2020
1332	2046
1332	1938
1332	1993
1332	2126
1332	2006
1332	1878
1332	1948
1332	2037
1332	1957
1332	2084
1332	2145
1332	2089
1332	2038
1332	1990
1332	2081
1332	1899
1332	2019
1332	2017
1332	2175
1332	2032
1332	2135
1332	2033
1332	2018
1332	2028
1332	2066
1332	2031
1332	1981
1332	2143
1332	2167
1332	2179
1332	2043
1332	2012
1332	1980
1332	2099
1332	1924
1332	1901
1332	1972
1332	2017
1332	2038
1332	2088
1332	2022
1332	1935
1332	2016
1332	2141
1332	2244
1332	1959
1332	1992
1332	2065
1332	1975
1332	1925
1332	2195
1332	2024
1332	2084
1332	2072
1332	1953
1332	1988
1332	1990
1332	1988
1332	2160
1332	2025
1332	2091
1332	2046
1332	1974
1332	2027
1332	2105
1332	2073
1332	2037
1332	1859
1332	2126
1332	2074
1307	2095
1307	1898
1307	2115
1307	1915
1307	1934
1307	1878

melhor e media

1558	2941
1423	2098
1419	1891
1419	2156
1419	2017
1410	1893
1410	1904
1388	1839
1388	1997
1379	1811
1379	2034
1379	2038
1379	2144
1379	1931
1379	2148
1379	2223
1379	2200
1379	2081
1379	2158
1379	2118
1379	2089
1379	2098
1379	2047
1379	2041
1379	2022
1379	2120
1379	2049
1379	2097
1379	2168
1379	2056
1379	2152
1379	1942
1379	2014
1379	2060
1379	2084
1379	2023
1342	2008
1342	1762
1342	1780
1329	1735
1329	1830
1329	1966
1309	2025
1309	1884
1309	1894
1309	1746
1309	1730
1309	1907
1309	1870
1309	2004
1309	1847
1309	1869
1309	1941
1309	2009
1309	2041
1309	1763
1309	1668
1309	1857
1309	1860
1309	1714
1309	1737
1309	1697
1309	1829
1309	1838
1309	1831
1309	1891
1309	1897
1309	1783
1309	1822
1309	1896
1309	1779
1309	1786
1309	1925
1309	1856
1309	1932
1309	1825
1309	1727
1309	1772
1309	1774
1309	1759
1309	1783
1309	1916
1309	1818
1309	1751
1309	1931
1309	1829
1309	1961
1309	1744
1309	2008
1309	1993
1309	1819
1309	1788
1309	1784
1309	1867
1309	1812
1309	1981
1276	1850
1276	1952
1276	1928
1276	2009

melhor e media

1505	2792
1482	2193
1454	1973
1392	2188
1392	1975
1392	1967
1392	1971
1388	1899
1388	1917
1388	1870
1388	1819
1382	1932
1382	1815
1368	1860
1364	1856
1364	1728
1364	1715
1364	1705
1364	1791
1364	1796
1364	1706
1364	1837
1364	1754
1364	1856
1364	1731
1364	1880
1362	1780
1362	1910
1345	1906
1345	1831
1345	1844
1345	1888
1345	1762
1345	1760
1345	1826
1345	1882
1345	1906
1345	1812
1345	1767
1345	1760
1345	1752
1345	1745
1345	1786
1345	1908
1345	1811
1345	1788
1345	1799
1345	1787
1345	1875
1345	2021
1345	1851
1345	1847
1345	1705
1345	1748
1345	1876
1345	1844
1345	1829
1345	1809
1345	1845
1345	1775
1345	1922
1345	1705
1345	1817
1345	1819
1345	1822
1345	1789
1345	1849
1345	1845
1345	1825
1345	1870
1345	1817
1345	1832
1345	1782
1345	1813
1345	1749
1345	1854
1345	1767
1345	1864
1345	1843
1339	1857
1339	1829
1334	1882
1334	1860
1334	1777
1334	1769
1334	1743
1334	1690
1334	1733
1334	1770
1334	1934
1334	1780
1334	1871
1334	1760
1334	1749
1334	1762
1334	1799
1334	1826
1334	1722
1334	1798
1334	1694

melhor e media

1549	3036
1399	2267
1399	1983
1399	1944
1399	1874
1399	1988
1399	1915
1399	2035
1399	2013
1399	2077
1399	2094
1399	2108
1399	2075
1399	1986
1399	2046
1398	2060
1388	1994
1388	1978
1388	1921
1388	1915
1388	2127
1387	2015
1387	1971
1387	2046
1387	2052
1387	2074
1387	1951
1387	2004
1387	1898
1382	1996
1382	1869
1382	1854
1378	1869
1378	1891
1378	1873
1378	1755
1378	1777
1378	1912
1378	1746
1369	1773
1369	1856
1369	1804
1361	1798
1339	1780
1339	1915
1339	1788
1339	1945
1339	1835
1339	1916
1339	1949
1339	1937
1339	1912
1339	1916
1339	1825
1339	1882
1339	1844
1339	1816
1339	1870
1339	1881
1339	1854
1339	1845
1339	1843
1339	1925
1339	1874
1339	1836
1339	1906
1339	1848
1339	1880
1339	1839
1339	1804
1339	1857
1339	1901
1339	1888
1339	1861
1339	1831
1339	1749
1339	1772
1338	1835
1338	1924
1338	1953
1338	1731
1338	1770
1338	1731
1338	1822
1338	1865
1338	1723
1338	1928
1338	1843
1338	1716
1338	1912
1338	1783
1338	1737
1338	1797
1338	1831
1338	1875
1338	1890
1338	1788
1338	1838
1338	1876
1338	1744

melhor e media

1448	2824
1364	1977
1364	1878
1364	1782
1364	1812
1360	1868
1360	2111
1360	2048
1360	2158
1360	2049
1360	2163
1360	2260
1360	2050
1360	1941
1360	2001
1360	2012
1360	1995
1360	2070
1360	2078
1360	2195
1360	2061
1360	2201
1360	2022
1360	1993
1360	2195
1360	2161
1360	2149
1360	2065
1360	2210
1360	2257
1360	2090
1360	2084
1360	2123
1360	2079
1360	2071
1360	2037
1360	1968
1360	2061
1360	2030
1360	1903
1360	2169
1360	2020
1360	2160
1360	2053
1360	2089
1360	2124
1360	2041
1360	1912
1360	1998
1360	2066
1360	2083
1360	2098
1360	2105
1360	2143
1360	2114
1360	2083
1360	1977
1360	2020
1360	2105
1360	2106
1360	2160
1360	2280
1360	2126
1360	2051
1360	2038
1360	1994
1360	2229
1360	2038
1360	2024
1360	2084
1360	2011
1360	2173
1360	2135
1360	1987
1360	2083
1360	2031
1360	2227
1360	2046
1360	2053
1360	2061
1360	2073
1360	1986
1360	2048
1360	1989
1360	1960
1360	2142
1360	2243
1360	1923
1360	1968
1360	2193
1360	2079
1360	1997
1360	2075
1360	1985
1360	2187
1360	2028
1360	2111
1360	2295
1360	2149
1360	2102

melhor e media

1324	2864
1324	2026
1324	1932
1324	2070
1324	1853
1324	1909
1324	1784
1324	2044
1324	1986
1324	1845
1324	1764
1324	1732
1324	1852
1324	1683
1324	1798
1324	1824
1324	1814
1324	1814
1324	1936
1324	1826
1324	1780
1324	1802
1324	1928
1324	1830
1324	1858
1324	1823
1324	1869
1324	1740
1324	1793
1324	1911
1324	1857
1324	1909
1324	1881
1324	1788
1290	1845
1290	1779
1290	1709
1290	1829
1290	1731
1290	1812
1290	1779
1290	1849
1290	1774
1290	1813
1290	1772
1290	1875
1290	1778
1290	1792
1290	1844
1290	1702
1290	1735
1290	1795
1290	1800
1290	1742
1290	1648
1290	1729
1290	1715
1290	1804
1290	1752
1290	1796
1290	1728
1290	1777
1290	1840
1290	1784
1290	1856
1290	1794
1290	1808
1290	1698
1290	1719
1290	1755
1290	1669
1290	1736
1290	1844
1290	1746
1290	1733
1290	1797
1290	1849
1290	1625
1290	1757
1290	1780
1290	1797
1290	1767
1290	1658
1290	1796
1290	1892
1290	1828
1290	1792
1290	1675
1290	1657
1290	1752
1290	1772
1290	1638
1290	1762
1290	1749
1290	1773
1290	1862
1290	1755
1290	1807
1290	1800
1290	1685

melhor e media

1493	2947
1457	2525
1457	2146
1441	2275
1410	2291
1410	1914
1367	1819
1367	1739
1326	1804
1326	1704
1326	1819
1326	1757
1326	1789
1326	1845
1326	1898
1326	1993
1326	1791
1326	1742
1326	1794
1326	1745
1326	1737
1326	1777
1326	1859
1326	1732
1326	1753
1326	1755
1326	1774
1315	1723
1315	1790
1315	1695
1315	1747
1315	1724
1315	1705
1315	1804
1315	1862
1315	1832
1315	1801
1315	1901
1315	1856
1315	1733
1315	1883
1315	1853
1315	1854
1315	1716
1315	1745
1315	1732
1315	1666
1315	1714
1315	1684
1315	1680
1315	1718
1315	1762
1315	1803
1315	1834
1315	1799
1315	1815
1315	1753
1315	1780
1315	1908
1315	1829
1315	1778
1315	1840
1315	1722
1315	1784
1315	1859
1315	1821
1315	1771
1315	1736
1315	1767
1315	1727
1315	1837
1315	1748
1315	1808
1315	1817
1315	1811
1315	1836
1315	1780
1315	1765
1315	1806
1315	1877
1315	1673
1315	1762
1315	1780
1315	1704
1315	1703
1315	1675
1315	1801
1315	1714
1315	1934
1315	1733
1315	1730
1315	1834
1315	1686
1315	1743
1315	1820
1315	1760
1315	1846
1315	1810
1315	1819
1315	1791

melhor e media

1500	2928
1441	2212
1407	1926
1407	1824
1379	1911
1346	1736
1346	1943
1346	1897
1340	1871
1340	1887
1340	1837
1340	1762
1340	1834
1340	1894
1340	1800
1340	1921
1340	1925
1340	1846
1340	1775
1340	1805
1340	1856
1340	1769
1340	1793
1340	1791
1340	1792
1340	1856
1340	1777
1340	1964
1340	1965
1340	1854
1340	1812
1340	1783
1340	1864
1340	1745
1340	1795
1340	1866
1340	1965
1340	1926
1340	1946
1340	1960
1340	1966
1340	1857
1340	1829
1340	1763
1340	1811
1340	1869
1340	1851
1340	1793
1340	1833
1340	1773
1340	1742
1340	1889
1340	1724
1340	1712
1340	1760
1340	1885
1340	1928
1340	1955
1340	1746
1340	2016
1340	1784
1340	1883
1340	1937
1340	1888
1340	1865
1340	1758
1340	1781
1340	1857
1340	1702
1340	1950
1340	1964
1340	1762
1340	1887
1340	1850
1340	1779
1340	1888
1340	1793
1340	1711
1340	1907
1340	1815
1340	1778
1340	1861
1340	1920
1330	1717
1330	1834
1330	1875
1330	1942
1330	1773
1313	1807
1313	1906
1313	1764
1313	1785
1313	1815
1313	1690
1313	1850
1313	1862
1313	1853
1313	1792
1313	1927
1313	1785

melhor e media

1507	2937
1462	2246
1409	2115
1409	1868
1403	1888
1357	1755
1357	1655
1357	1771
1357	1743
1357	1735
1357	1750
1357	1663
1357	1737
1357	1737
1357	1773
1357	1722
1357	1746
1357	1768
1357	1888
1357	1816
1357	1781
1357	1725
1357	1739
1357	1817
1357	1865
1357	1834
1357	1782
1357	1735
1357	1858
1357	1768
1357	1702
1357	1703
1340	1762
1334	1682
1334	1715
1334	1871
1334	1765
1334	1817
1334	1821
1334	1742
1334	1775
1334	1724
1334	1850
1334	1877
1334	1882
1334	1809
1334	1876
1334	1780
1334	1881
1334	1838
1334	1862
1334	1876
1334	1787
1334	1981
1334	1786
1334	1816
1334	1782
1334	1771
1334	1826
1334	1769
1334	1839
1334	1835
1334	1823
1334	1761
1334	1830
1334	1738
1334	1749
1334	1773
1334	1823
1334	1746
1334	1702
1334	1837
1334	1795
1334	1712
1334	1706
1334	1810
1334	1806
1334	1860
1334	1912
1334	1787
1334	1823
1334	1725
1334	1803
1334	1929
1334	1918
1334	1849
1334	1721
1334	2050
1334	1742
1334	1767
1334	1737
1334	1767
1334	1851
1334	1863
1334	1874
1334	1739
1334	1666
1334	1704
1334	1901
1334	1630

melhor e media

1454	2714
1398	2139
1398	1870
1390	1740
1390	1851
1378	1743
1378	1868
1378	1820
1378	1773
1378	1814
1378	1789
1352	1787
1352	1768
1323	1664
1323	1725
1323	1746
1323	1741
1323	1729
1323	1712
1323	1862
1323	1805
1323	1806
1323	1883
1323	1710
1323	1765
1323	1755
1323	1813
1323	1751
1323	1863
1323	1748
1323	1683
1323	1778
1323	1728
1323	1661
1323	1815
1323	1795
1323	1695
1323	1755
1323	1693
1323	1717
1323	1690
1323	1941
1323	1853
1323	1814
1323	1859
1323	1731
1323	1691
1323	1759
1323	1749
1323	1763
1323	1919
1323	1704
1323	1825
1323	1768
1323	1750
1323	1895
1323	1760
1323	1839
1323	1807
1323	1751
1323	1880
1323	1727
1323	1762
1323	1828
1323	1786
1323	1760
1323	1828
1323	1832
1323	1761
1323	1774
1323	1813
1323	1810
1323	1755
1323	1792
1323	1839
1323	1876
1323	1912
1323	1791
1323	1813
1323	1818
1323	1944
1323	1722
1323	1951
1323	1742
1323	1780
1323	1735
1323	1686
1323	1859
1323	1755
1323	1780
1323	1760
1323	1771
1323	1819
1323	1740
1323	1747
1323	1808
1323	1678
1323	1667
1323	1802
1323	1754

melhor e media

1638	2990
1472	2372
1381	2181
1381	2371
1381	2304
1381	2233
1381	2289
1381	2236
1381	2313
1381	2292
1381	2390
1381	2453
1381	2491
1381	2449
1381	2539
1381	2436
1381	2442
1381	2303
1381	2217
1381	2312
1381	2328
1381	2321
1381	2437
1381	2255
1381	2382
1381	2284
1381	2185
1381	2292
1381	2533
1381	2352
1381	2375
1381	2401
1381	2421
1381	2489
1352	2390
1352	2141
1352	2087
1352	2128
1352	2097
1352	2040
1352	1978
1352	2151
1352	2151
1352	2031
1352	2311
1352	2019
1352	2041
1352	2096
1352	2113
1352	2056
1352	2057
1352	2148
1352	2074
1352	2095
1352	2167
1352	2256
1352	2064
1352	2102
1352	2155
1352	2310
1352	2183
1352	2166
1352	2308
1352	2224
1352	2102
1352	1935
1352	2026
1352	2155
1352	2339
1352	2124
1352	1960
1352	2091
1352	2058
1352	2070
1352	2076
1352	2146
1352	2065
1352	2159
1352	2082
1352	2099
1352	2308
1352	2150
1352	2186
1352	2087
1352	2018
1352	1963
1352	2106
1352	2146
1352	2114
1352	2209
1352	2232
1352	2179
1352	2085
1352	2191
1352	2160
1352	2094
1352	2160
1352	2109
1352	2068
1352	2084

melhor e media

1429	2828
1429	2241
1428	1950
1397	1874
1349	1841
1349	1927
1349	1784
1349	1804
1349	1826
1349	1860
1349	1793
1349	1814
1349	1742
1349	1778
1349	1750
1349	1763
1349	1825
1349	1795
1349	1798
1349	1845
1333	1768
1333	1752
1333	1732
1333	1838
1333	1832
1333	1733
1333	1926
1333	1882
1333	1844
1333	1860
1333	1788
1333	1812
1333	1780
1333	1741
1333	1799
1333	1846
1333	1891
1333	1833
1333	1825
1333	1857
1333	1862
1333	1735
1333	1824
1333	1861
1333	1814
1333	1779
1333	1822
1333	1934
1333	1778
1333	1813
1333	1729
1333	1808
1333	1789
1333	1815
1333	1801
1333	1833
1333	1743
1333	1841
1333	1847
1333	1965
1333	1846
1333	1849
1333	1786
1333	1744
1333	1786
1333	2007
1333	1782
1333	1788
1333	1940
1333	1892
1333	1892
1333	1851
1333	1796
1333	1970
1333	1963
1333	1807
1333	1787
1333	1795
1333	1832
1333	1775
1333	1783
1333	1778
1333	1850
1333	1805
1333	1955
1333	1760
1333	1744
1333	1854
1333	1747
1333	1783
1333	1646
1333	1854
1333	1734
1333	1756
1333	1700
1333	1736
1333	1723
1333	1800
1333	1860
1333	1868

melhor e media

1498	3080
1480	2140
1458	1889
1446	1984
1411	2078
1411	1876
1411	1898
1411	1858
1411	1877
1411	1999
1374	1912
1374	1905
1374	1867
1357	1820
1357	1866
1357	1831
1357	2160
1357	2171
1357	2177
1357	2204
1357	2108
1357	2092
1339	2124
1339	1829
1339	1742
1339	1715
1328	1704
1328	1773
1328	1839
1328	1809
1328	1761
1328	1731
1328	1693
1328	1707
1328	1701
1328	1807
1328	1725
1323	1718
1323	1829
1323	1755
1323	1795
1323	1721
1323	1697
1323	1704
1323	1784
1323	1910
1323	1702
1313	1722
1313	1734
1313	1658
1313	1699
1313	1856
1313	1701
1313	1743
1313	1797
1313	1839
1313	1791
1313	1829
1313	1722
1313	1815
1313	1730
1313	1756
1313	1877
1313	1761
1313	1807
1313	1890
1313	1752
1313	1771
1313	1851
1313	1757
1313	1870
1313	1770
1313	1786
1313	1762
1313	1753
1313	1831
1313	1671
1313	1690
1313	1714
1313	1832
1313	1699
1313	1882
1313	1853
1313	1798
1313	1720
1313	1735
1313	1783
1313	1854
1313	1857
1313	1698
1313	1733
1313	1750
1313	1777
1313	1740
1313	1782
1313	1742
1313	1686
1313	1870
1313	1848
1313	1793

melhor e media

1536	2807
1472	2283
1372	1947
1372	1886
1372	1929
1372	1934
1372	1986
1372	1946
1372	2061
1372	1853
1372	2040
1372	1935
1372	2032
1372	1963
1372	2003
1372	1904
1372	1976
1372	1938
1372	1845
1372	2101
1372	2037
1372	1952
1372	1972
1372	1980
1372	2098
1372	2163
1372	2012
1372	1995
1372	1993
1372	2074
1372	1886
1372	1973
1372	1918
1372	1947
1372	1952
1372	2008
1372	2106
1372	1996
1372	2011
1372	1965
1372	1956
1372	1949
1372	1972
1372	1966
1372	2126
1372	1942
1372	1976
1372	1983
1372	1911
1372	2100
1372	1928
1372	2028
1372	2030
1372	2009
1372	2089
1372	2185
1372	2053
1372	2003
1372	2055
1372	2088
1372	2084
1372	2069
1372	2100
1372	1900
1372	1919
1372	2044
1372	2033
1372	2041
1372	2026
1372	1956
1372	1976
1372	2001
1372	1993
1372	1961
1372	2015
1372	2130
1372	2110
1372	1913
1372	2007
1372	1871
1372	1948
1372	1972
1372	1943
1333	1834
1333	1749
1333	1753
1333	1772
1333	1765
1333	1683
1333	1723
1333	1865
1333	1852
1333	1794
1333	1767
1333	1689
1333	1703
1333	1697
1333	1693
1333	1782
1333	1660

melhor e media

1547	2917
1390	2142
1390	1728
1366	1732
1327	1833
1327	1756
1327	1848
1327	1828
1327	1748
1327	1738
1327	1851
1311	1663
1311	1670
1311	1644
1311	1727
1311	1735
1311	1737
1311	1677
1311	1686
1311	1740
1311	1712
1311	1703
1311	1752
1311	1726
1311	1766
1311	1792
1311	1720
1311	1672
1311	1851
1311	1854
1311	1850
1311	1756
1311	1875
1311	1798
1311	1860
1311	1812
1311	1754
1311	1778
1311	1767
1311	1737
1311	1856
1311	1973
1311	1897
1311	1706
1311	1859
1311	1792
1311	1679
1307	1762
1307	1822
1307	1757
1307	1809
1307	1798
1307	1702
1307	1778
1307	1866
1307	1804
1307	1803
1307	1825
1307	1766
1307	1788
1307	1714
1307	1849
1307	2019
1307	1847
1307	1818
1307	1806
1307	1865
1307	1794
1294	1765
1294	1678
1294	1872
1294	1795
1294	1866
1294	1892
1294	1772
1294	1904
1294	1977
1294	1696
1294	1980
1294	1720
1294	1874
1294	1910
1294	1974
1276	1869
1276	1908
1276	1802
1276	1801
1276	2015
1276	1834
1276	1963
1276	1797
1276	1838
1276	1813
1276	1834
1276	1825
1276	1658
1276	1881
1276	1894
1276	1988
1276	1952

melhor e media

1518	2969
1423	2109
1423	1888
1403	1877
1369	1843
1369	1704
1369	1747
1369	1797
1369	1904
1348	1799
1348	1735
1348	1833
1348	1913
1348	1861
1348	1857
1348	1767
1348	1822
1348	1815
1348	1838
1348	1753
1348	1732
1348	1764
1345	1721
1345	1783
1345	1798
1345	1823
1345	1868
1345	1908
1345	1879
1345	1901
1345	1906
1345	1827
1345	1919
1345	1977
1345	1917
1345	1932
1345	1934
1345	1913
1345	1969
1345	2087
1345	2004
1345	1896
1345	1989
1345	1925
1345	1882
1345	2002
1345	1958
1345	1938
1345	1884
1345	1887
1345	1961
1345	1845
1345	1850
1345	1965
1345	1838
1345	1850
1345	1943
1345	1891
1345	1901
1345	1868
1345	1846
1345	1844
1345	1849
1345	1933
1345	1789
1345	1896
1345	1951
1345	1963
1345	1931
1345	2055
1345	1899
1345	1946
1345	1977
1345	1866
1345	1895
1345	1848
1345	1889
1345	1905
1345	1911
1345	1887
1345	2013
1345	1889
1345	1952
1345	2082
1345	2021
1345	1876
1345	1987
1345	1914
1345	2044
1345	1979
1345	2040
1345	1866
1345	1832
1345	1893
1345	1956
1345	1934
1345	1980
1345	1948
1345	1821
1345	1957

melhor e media

1516	3004
1495	2185
1423	1900
1419	1788
1419	1812
1412	1853
1412	1927
1412	1965
1412	1935
1412	1880
1412	2012
1412	2001
1412	2062
1412	1962
1412	1787
1412	1837
1412	1833
1412	2006
1412	1918
1412	1789
1411	1861
1401	1858
1401	1837
1401	1976
1401	1870
1401	1930
1401	2075
1401	2015
1401	1918
1357	1946
1357	1891
1357	1763
1357	1749
1357	1778
1357	1788
1357	1780
1353	1729
1353	1752
1353	1839
1353	1684
1353	1708
1353	1735
1344	1655
1344	1781
1335	1653
1326	1680
1326	1689
1326	1695
1326	1670
1326	1617
1321	1627
1321	1685
1321	1784
1321	1726
1321	1720
1321	1687
1321	1731
1321	1796
1321	1813
1321	1836
1321	1808
1321	1757
1321	1749
1321	1614
1321	1870
1321	1921
1321	1752
1321	1744
1321	1795
1321	1721
1321	1772
1321	1666
1321	1670
1321	1691
1321	1653
1321	1735
1321	1667
1321	1672
1321	1792
1321	1726
1321	1717
1321	1648
1321	1698
1321	1781
1321	1718
1321	1752
1321	1791
1321	1813
1321	1726
1321	1660
1321	1678
1321	1681
1321	1651
1321	1665
1321	1774
1321	1833
1321	1745
1321	1761
1321	1727
1321	1686

melhor e media

1581	2878
1550	2255
1455	2117
1432	1939
1381	1968
1380	1789
1351	1697
1317	1700
1317	1749
1317	1720
1317	1848
1317	1705
1317	1723
1317	1926
1317	1786
1296	1779
1296	1956
1296	1840
1296	1659
1296	1751
1296	1697
1296	1876
1296	1846
1296	1653
1296	1663
1296	1754
1296	1722
1296	1695
1296	1757
1296	1821
1296	1836
1296	1869
1296	1660
1296	1714
1296	1659
1296	1774
1296	1790
1296	1707
1296	1685
1296	1787
1296	1804
1296	1766
1296	1830
1296	1842
1296	1857
1296	1788
1296	1810
1296	1711
1289	1799
1289	1907
1289	1906
1289	1967
1289	1917
1289	1865
1289	1708
1289	1771
1289	1792
1289	1711
1289	1749
1289	1737
1289	1775
1289	1847
1289	1799
1289	1746
1289	1741
1289	1719
1289	1831
1289	1747
1289	2021
1289	1709
1289	1795
1289	1837
1289	1739
1289	1839
1289	1730
1289	1690
1289	1696
1289	1859
1289	1959
1289	1901
1289	1768
1289	1684
1289	1814
1289	1750
1289	1780
1289	1792
1289	1773
1289	1788
1289	1864
1289	1830
1289	1818
1289	1866
1289	1798
1289	1724
1289	1743
1289	1830
1289	1781
1289	1793
1289	1761
1289	1816

melhor e media

1610	2940
1445	2128
1350	2101
1350	2006
1350	2093
1350	2020
1328	2011
1328	1839
1328	1800
1328	1989
1328	1980
1328	1763
1328	1803
1291	1869
1291	1813
1291	1710
1291	1661
1291	1858
1291	1790
1291	1711
1291	1773
1291	1867
1291	1735
1291	1742
1291	1751
1291	1897
1291	1799
1291	1826
1291	1895
1291	1850
1291	1942
1291	1813
1291	1721
1291	1822
1291	1727
1291	1724
1291	1833
1291	1678
1291	1735
1291	1704
1291	1733
1291	1655
1291	1642
1291	1685
1291	1774
1291	1819
1291	1803
1291	1738
1291	1822
1291	1856
1291	1814
1291	1703
1291	1770
1291	1691
1291	1821
1291	1756
1291	1764
1291	1776
1291	1718
1291	1678
1291	1746
1291	1673
1291	1782
1291	1799
1291	1691
1291	1694
1291	1684
1291	1751
1291	1754
1291	1795
1291	1804
1291	1710
1291	1729
1291	1674
1291	1633
1291	1690
1291	1815
1291	1715
1291	1874
1291	1821
1291	1758
1291	1757
1291	1774
1291	1826
1291	1759
1291	1755
1291	1770
1291	1754
1291	1723
1291	1794
1291	1723
1291	1882
1291	1835
1291	1719
1291	1739
1291	1864
1291	1850
1291	1694
1291	1748
1291	1829

melhor e media

1442	2795
1389	2181
1389	1914
1389	1929
1389	1963
1389	1947
1383	1969
1383	1909
1383	2048
1383	1952
1383	2070
1383	2056
1360	1948
1360	1788
1360	1992
1360	2005
1360	1990
1360	1908
1360	1953
1360	1877
1360	1935
1352	1943
1352	1964
1341	2235
1341	2068
1341	2151
1341	1994
1341	1861
1341	2130
1341	2056
1341	1939
1341	2061
1341	2155
1341	1887
1341	1922
1341	2142
1341	2191
1341	2102
1341	1874
1341	2072
1341	2034
1341	1987
1341	2083
1341	1964
1341	2041
1341	1918
1341	2041
1341	2102
1341	1861
1341	1956
1341	1898
1341	1974
1341	1918
1341	2219
1341	2022
1316	1969
1316	1856
1316	1914
1316	2000
1316	2073
1316	1987
1316	2035
1316	2082
1316	2018
1316	1999
1316	2086
1316	1985
1316	1877
1316	1937
1316	1966
1316	2104
1316	2028
1316	2030
1314	2229
1314	2107
1314	2217
1314	2298
1314	1997
1314	2083
1314	2137
1314	2016
1314	1916
1314	2009
1314	2074
1314	2048
1314	2144
1314	1858
1314	2025
1314	1967
1314	2029
1314	2045
1314	2059
1314	2048
1314	1937
1314	2004
1314	1992
1314	2033
1314	2088
1314	2117
1314	1968

melhor e media

1480	2847
1423	2131
1369	1892
1369	1806
1369	1947
1369	1898
1369	1986
1369	1936
1369	1851
1369	1928
1369	2121
1369	1888
1369	1832
1369	1913
1369	1876
1369	1832
1369	1917
1369	1935
1355	1803
1355	1947
1355	1933
1355	1792
1355	1852
1338	1834
1338	1794
1338	1813
1338	1766
1338	1877
1338	1772
1338	1853
1338	1862
1338	1706
1338	1866
1338	1987
1338	1886
1338	1878
1338	1826
1338	1799
1324	1727
1324	1748
1324	1890
1324	1716
1324	1801
1324	1744
1324	1775
1324	1801
1324	2005
1324	1949
1324	1907
1324	1863
1324	1775
1324	1812
1324	1784
1324	1765
1324	1801
1324	1766
1324	1785
1324	1717
1324	1740
1324	1755
1324	1742
1324	1760
1304	1707
1304	1764
1304	1693
1304	1790
1304	1804
1304	1709
1304	1778
1304	1972
1304	1755
1304	1803
1304	1745
1304	1765
1304	1769
1304	1767
1304	1759
1304	1703
1304	1708
1304	1655
1304	1782
1304	1735
1304	1876
1304	1745
1304	1771
1304	1879
1304	1742
1304	1760
1304	1787
1304	1708
1304	1899
1304	1818
1304	1869
1304	1722
1304	1731
1304	1798
1304	1769
1304	1826
1304	1804
1304	1654

melhor e media

1571	2978
1463	2114
1365	1914
1365	1979
1365	1870
1365	1955
1365	1930
1365	1807
1365	2024
1365	2079
1365	1909
1365	1988
1365	1904
1365	1895
1365	1944
1365	1917
1365	1929
1365	1843
1360	1818
1360	2042
1360	2124
1360	2005
1360	2129
1360	2192
1360	1964
1360	1988
1360	2141
1360	2098
1360	2197
1360	2274
1360	2028
1360	1998
1360	2062
1360	1917
1360	1996
1360	2118
1360	1939
1360	2010
1360	2064
1360	1971
1360	1953
1360	1907
1360	2007
1360	2100
1360	2034
1360	2128
1360	2058
1360	2093
1360	2017
1360	2037
1360	1988
1360	2027
1360	2027
1360	2252
1360	2105
1360	2062
1360	2091
1360	2149
1360	2084
1360	2071
1360	1958
1360	1952
1360	2053
1360	2273
1360	2170
1360	2021
1360	2122
1360	2088
1360	1990
1360	2109
1360	2140
1360	2038
1360	1937
1358	1998
1358	2011
1358	2092
1358	2025
1358	1880
1358	1924
1358	1987
1358	2153
1358	1934
1358	2033
1358	1943
1358	1999
1358	2070
1358	2107
1358	1929
1358	1918
1358	2181
1358	1965
1358	2116
1358	2048
1358	2218
1358	1984
1358	2179
1358	2141
1358	1996
1358	2079
1358	1958

melhor e media

1478	2931
1413	2148
1381	1926
1381	1879
1381	1922
1376	2045
1370	1961
1370	1842
1370	1843
1370	1788
1370	1727
1370	2046
1370	1781
1370	1832
1370	1825
1370	1940
1370	1911
1370	1807
1370	1793
1370	1839
1370	1817
1370	1858
1370	1815
1370	1941
1370	1920
1370	1819
1370	1822
1370	1842
1370	1877
1370	1933
1359	1828
1359	1850
1359	1751
1335	1775
1335	1832
1335	1918
1335	2101
1335	2032
1335	1914
1335	1899
1335	1925
1335	1836
1335	1773
1335	1891
1335	1899
1335	1978
1335	1810
1335	1927
1335	1827
1335	1897
1335	1804
1335	1953
1335	1810
1335	1859
1335	1923
1335	1932
1335	1966
1335	1890
1335	1819
1335	1850
1335	1898
1335	1919
1335	1776
1335	1855
1335	1651
1335	1865
1335	1883
1335	1862
1335	1728
1335	1823
1335	1803
1335	1846
1335	1811
1335	1729
1335	1835
1335	1834
1335	1761
1335	1825
1335	1799
1335	1806
1335	1803
1335	1763
1335	1702
1335	1744
1335	1710
1335	1742
1335	1840
1335	1840
1335	1735
1335	1710
1335	1795
1335	1845
1335	1813
1335	1901
1335	1988
1335	1685
1335	1682
1335	1760
1335	1769
1335	1775

melhor e media

1387	2854
1365	2054
1357	1868
1357	1838
1357	1916
1357	1891
1347	1833
1347	1769
1347	1760
1347	1845
1347	1782
1347	1752
1347	1908
1347	1850
1347	1777
1347	1847
1347	1734
1347	1850
1347	1857
1347	1814
1347	1710
1347	1826
1347	1819
1347	1753
1347	1826
1347	1704
1347	1878
1335	1850
1335	1857
1335	1959
1335	1881
1335	1973
1335	1995
1335	2191
1335	2157
1335	1995
1335	2128
1335	2143
1335	2186
1335	2087
1335	1908
1335	2119
1335	2207
1335	2105
1335	2064
1335	1950
1335	1942
1335	2121
1335	2022
1335	2044
1335	1975
1335	2250
1335	2160
1335	2101
1335	2064
1335	1918
1335	2145
1335	2124
1335	2036
1335	1968
1335	2015
1335	1956
1335	1986
1335	2035
1335	2094
1333	1961
1333	2101
1333	1951
1333	2042
1333	1896
1333	2017
1332	2024
1332	2012
1332	1858
1332	1808
1332	1910
1332	1967
1332	1992
1332	1991
1332	1848
1332	1776
1332	1874
1332	1856
1332	1784
1332	1807
1332	1804
1332	1831
1332	1907
1332	1978
1332	1869
1332	1949
1332	1902
1332	1906
1332	1869
1332	1922
1332	1807
1332	1904
1332	1803
1332	1838
1332	1884

melhor e media

1634	2936
1434	2160
1434	1909
1419	1940
1419	1988
1400	2084
1400	1907
1388	1898
1355	1772
1355	1785
1329	1884
1329	1943
1329	1850
1329	2008
1329	2005
1329	1969
1329	1925
1329	2096
1329	2054
1329	1986
1329	1945
1329	1923
1329	2173
1329	1988
1329	2009
1329	1796
1329	2042
1329	2023
1329	2050
1329	2125
1329	2090
1329	1740
1329	2035
1329	2103
1329	1879
1329	1923
1329	1912
1329	1915
1329	2024
1329	2075
1329	1962
1329	2168
1329	2125
1329	2036
1329	1948
1329	2078
1329	1832
1329	1785
1329	2001
1329	1955
1329	2017
1329	1830
1329	1918
1329	2008
1329	1959
1329	2054
1329	1999
1329	2030
1329	2064
1329	1802
1329	1956
1329	2059
1329	1932
1329	1890
1329	2141
1329	1979
1329	1887
1329	2125
1329	2079
1329	1828
1329	1946
1329	1897
1329	1864
1329	1926
1329	1992
1329	1930
1318	1818
1318	1966
1318	2071
1318	2050
1318	2025
1318	1879
1318	2029
1318	2067
1318	2026
1318	2109
1318	2023
1318	2163
1318	1924
1318	1979
1318	1773
1318	1753
1318	1946
1318	2011
1318	1903
1318	2025
1318	1806
1318	1927
1318	2049
1318	1905

melhor e media

1475	2991
1421	2142
1360	1964
1360	1724
1347	1968
1347	1851
1347	1825
1347	1767
1347	1838
1347	1718
1347	1822
1335	1886
1335	1810
1335	1741
1335	1848
1335	1847
1335	1813
1335	1859
1335	1766
1335	1876
1335	1912
1335	1758
1335	1977
1335	1892
1335	1712
1335	1896
1335	1807
1335	1799
1335	1837
1335	1899
1335	1862
1335	1707
1335	1788
1335	1901
1335	1826
1335	1746
1335	1748
1335	1820
1335	1807
1335	1791
1335	1921
1335	1899
1335	1856
1335	1913
1335	2078
1335	2017
1335	1777
1335	1849
1335	1823
1335	1699
1335	1860
1335	1877
1335	1842
1335	1911
1335	1805
1335	1764
1335	1781
1335	1883
1335	1775
1335	1826
1335	1945
1335	1766
1335	1786
1335	1846
1335	1790
1335	1770
1335	1853
1335	1799
1335	1834
1335	1855
1328	1787
1328	1794
1317	1771
1317	1733
1317	1826
1317	1784
1317	1924
1317	1751
1317	1664
1317	1743
1317	1806
1317	1776
1317	1830
1317	1878
1317	1882
1317	1749
1317	1766
1317	1833
1317	1776
1317	1759
1317	1903
1317	1766
1317	1854
1317	1773
1317	1854
1317	1799
1317	1841
1317	1748
1317	1839
1317	1714

melhor e media

1464	2956
1464	2334
1464	2228
1424	2055
1403	2148
1358	1993
1358	1998
1358	2167
1358	2050
1358	1759
1358	1981
1358	2014
1358	2007
1358	1935
1358	2071
1358	2101
1358	2020
1358	1840
1358	1793
1358	2118
1358	2095
1358	2027
1358	1920
1358	1942
1349	2130
1349	2143
1349	2162
1349	2045
1349	2089
1349	2138
1349	2070
1349	2098
1349	2149
1349	2143
1349	2213
1349	2009
1349	2129
1349	2001
1349	2204
1349	2359
1349	2130
1349	2093
1349	2323
1349	2102
1349	2139
1349	1986
1349	2130
1349	2055
1349	2119
1349	2024
1349	2190
1349	2067
1349	2152
1349	2093
1349	2169
1349	2174
1349	2063
1349	2237
1349	2096
1349	2102
1349	2157
1349	2074
1349	2139
1349	2190
1349	2113
1349	2115
1349	1971
1349	2097
1349	2248
1349	2230
1349	2019
1349	2043
1349	2108
1349	2130
1349	1983
1349	2130
1349	2057
1349	2099
1349	2003
1349	1943
1349	2191
1343	2103
1343	2194
1342	2197
1342	2066
1342	2155
1342	2187
1340	2200
1340	2087
1340	1982
1340	2036
1340	1979
1340	2043
1340	2166
1340	2132
1340	2006
1340	2042
1340	1989
1340	2077
1340	2081

