melhor e media
2208	4759
1999	5377
1965	4163
1942	3932
1942	3564
1942	3496
1942	3593
1942	3514
1942	3538
1942	3544
1942	3431
1942	3332
1942	3218
1942	3000
1934	3114
1934	3347
1928	2849
1928	2827
1913	3491
1913	3704
1913	3271
1913	3795
1913	3008
1913	2951
1913	3090
1913	3294
1913	2935
1913	3029
1913	3613
1913	2926
1913	3183
1913	2915
1913	3088
1913	3353
1913	3584
1913	3413
1913	2959
1913	3155
1913	3327
1913	3306
1913	3282
1913	2902
1913	2986
1913	3203
1913	3259
1913	3394
1913	2850
1913	3483
1913	3705
1913	2988
1913	2811
1913	2928
1913	3360
1913	3139
1913	3054
1913	3389
1913	3492
1913	3050
1913	3510
1913	2878
1913	2661
1913	2942
1913	3071
1913	3126
1913	3472
1913	3407
1913	3194
1913	2886
1913	2712
1913	3831
1913	3048
1913	3321
1912	3141
1912	3471
1912	3763
1912	3077
1912	3214
1912	3058
1912	3168
1912	3092
1912	3231
1912	3254
1912	3238
1912	3132
1912	3449
1912	3550
1912	3075
1912	2781
1912	3104
1912	3422
1912	2834
1912	3833
1912	2887
1912	3399
1912	3330
1912	3042
1912	3263
1912	2888
1912	3676
1912	3164

melhor e media
2025	4423
2025	4652
1995	3732
1980	3749
1980	3042
1980	3061
1980	3174
1909	3319
1909	3482
1909	3352
1909	3533
1909	3238
1909	3520
1909	3629
1909	3727
1909	3376
1909	3562
1909	3748
1909	3933
1909	3607
1909	3609
1909	3390
1909	3148
1909	3239
1909	3451
1909	3009
1909	3322
1909	3474
1909	3513
1909	3618
1909	3687
1909	3514
1909	3126
1909	3339
1909	3917
1909	3744
1909	3285
1909	3643
1909	3535
1909	3846
1909	3388
1909	3292
1909	3585
1909	3330
1909	3449
1909	3427
1909	3079
1909	3097
1909	3206
1909	3564
1909	3171
1909	3429
1909	3510
1909	3264
1909	3299
1909	3276
1909	3083
1909	3152
1909	3597
1909	3136
1909	3443
1909	3416
1909	3649
1909	3312
1909	3222
1909	2931
1909	3302
1909	3598
1909	3458
1909	3326
1909	3341
1909	3092
1909	3426
1909	3522
1909	3154
1909	3361
1909	2928
1909	3668
1909	3411
1909	3453
1909	3495
1909	3321
1909	3057
1909	3012
1909	3117
1909	3299
1870	3526
1870	3162
1870	3324
1870	3451
1870	3833
1870	3420
1870	3752
1870	3173
1870	3524
1870	3632
1870	3640
1870	3972
1870	4108
1870	3911

melhor e media
2420	4852
2371	4408
2258	3615
2258	3946
2258	4208
2258	4394
2258	4230
2258	3909
2258	4424
2258	4027
2258	3983
2258	4207
2258	4585
2258	3973
2258	4572
2258	3941
2258	4004
2258	4206
2233	4017
2233	3374
2218	3501
2103	4065
2103	3813
2103	3986
2103	3823
2103	3689
2103	3216
2103	3547
1955	3106
1955	3730
1927	3012
1927	3097
1927	3274
1927	3429
1927	3059
1924	3381
1924	3159
1924	3246
1924	3315
1924	3001
1924	3472
1924	3329
1924	3500
1924	3065
1924	2879
1924	3286
1924	3449
1924	3066
1924	3524
1924	3113
1924	3132
1924	3028
1924	3349
1924	3281
1924	3044
1924	3416
1924	3119
1924	3156
1924	2935
1924	3225
1924	3033
1924	3142
1924	3355
1924	3147
1924	3208
1914	3449
1914	3476
1914	3518
1914	3255
1914	2891
1914	3240
1914	2906
1913	2973
1913	3212
1913	3139
1913	2868
1913	2980
1913	3166
1913	3351
1913	3277
1913	3086
1913	3250
1913	2927
1913	3197
1913	2938
1913	3446
1913	3312
1913	2816
1913	3124
1913	3172
1913	3198
1913	3488
1913	3230
1913	3025
1913	2964
1913	3118
1913	3488
1913	3588
1913	3334
1913	3101

melhor e media
2259	4398
2259	3803
2259	3901
2259	3700
2124	3315
2124	3635
2124	3936
2028	3267
2006	3758
2006	2970
2006	3003
2006	3219
1981	3356
1981	2946
1981	2937
1974	3049
1959	3496
1959	3380
1956	3152
1946	3549
1921	3376
1921	3617
1921	3159
1921	3425
1921	3084
1921	3140
1921	3215
1921	3130
1921	3272
1921	3241
1921	3258
1921	3364
1921	3149
1921	2993
1921	2963
1921	3119
1921	3381
1921	2956
1921	3270
1921	3183
1921	3056
1921	3121
1921	3243
1921	3114
1921	3167
1921	3027
1921	3176
1921	3251
1921	2989
1921	3285
1921	3075
1921	2751
1921	3260
1921	3218
1921	3147
1921	3123
1921	3134
1921	3178
1921	2977
1921	3402
1921	3282
1921	2867
1921	3084
1921	3192
1921	2905
1921	2828
1921	3094
1921	3008
1921	3558
1921	3140
1921	2981
1921	3238
1921	3226
1921	3197
1921	3112
1921	3139
1921	3294
1921	3373
1921	3502
1921	3548
1921	3426
1921	3247
1921	3079
1921	3490
1921	2876
1921	2988
1921	3147
1921	3497
1921	3352
1921	3185
1921	3366
1921	3010
1921	3082
1921	3335
1921	3558
1921	3594
1921	3149
1921	2823
1921	3105
1921	3171

melhor e media
2478	4958
2358	4801
2067	5218
1976	4672
1935	3983
1935	3550
1930	2961
1930	3034
1930	2997
1930	3409
1930	2955
1930	3016
1930	3291
1930	3205
1930	3018
1930	3057
1930	3365
1930	3141
1930	3098
1930	3342
1930	3085
1930	2991
1930	3340
1930	3568
1930	3489
1930	3215
1930	2987
1930	3178
1930	3212
1930	3120
1930	3310
1930	3262
1930	3552
1930	3109
1930	2826
1930	3463
1930	2989
1930	3051
1930	2981
1930	3323
1930	3381
1930	3231
1930	3488
1930	3253
1930	3093
1930	3308
1930	2981
1930	3003
1930	2902
1915	2891
1915	3192
1915	3135
1915	3557
1915	3324
1915	3247
1915	3122
1915	3255
1915	3165
1915	3058
1915	2902
1915	3234
1915	3199
1915	2957
1915	3290
1915	2984
1915	3385
1915	3204
1915	3313
1915	3463
1915	2919
1915	3120
1915	3329
1915	3200
1915	3522
1915	3535
1915	3508
1915	3347
1915	3295
1915	3118
1915	3027
1915	3036
1915	2865
1915	2956
1915	3221
1915	2854
1915	3043
1915	3381
1915	3000
1915	3272
1915	2900
1915	3141
1915	3195
1915	3340
1915	2755
1915	3201
1915	3335
1915	3518
1915	2959
1915	3174
1915	3149

melhor e media
2275	4711
2275	3980
1981	3887
1953	4038
1939	2912
1939	3126
1939	3245
1939	3372
1939	3136
1926	3508
1926	3660
1926	3276
1926	3019
1926	3181
1926	3167
1926	3084
1926	2921
1926	2775
1926	3082
1926	3013
1926	3335
1926	3334
1926	3142
1926	3105
1926	3895
1926	2988
1926	3334
1926	3252
1926	2900
1926	3211
1926	3038
1926	3468
1926	3196
1926	3104
1926	3066
1923	3232
1923	2992
1923	3131
1923	3120
1923	2958
1923	3624
1923	3241
1923	2963
1923	2839
1923	3587
1923	3344
1923	3432
1923	3460
1923	3437
1923	2785
1923	3263
1923	3455
1923	3449
1923	3169
1923	3011
1923	3071
1923	3020
1923	2902
1923	3037
1923	2906
1923	3190
1923	3121
1923	3131
1912	3432
1912	3253
1912	2995
1912	2760
1912	2825
1912	3059
1912	2995
1912	2960
1912	3022
1912	3084
1912	3147
1912	2938
1912	3182
1912	3271
1912	3032
1912	3330
1912	3270
1912	2887
1912	3364
1912	3362
1912	3123
1912	3204
1912	3578
1912	3369
1912	3121
1912	2948
1912	3149
1912	3069
1912	3089
1912	3243
1912	2998
1912	3244
1912	3421
1912	3083
1912	3194
1912	3061
1912	3181

melhor e media
2264	5547
2150	3912
2150	3267
2150	3110
2150	3132
2150	3356
2150	3091
2062	2999
2062	3390
2062	3619
2062	3133
2062	3492
2062	3247
2062	3821
2062	3359
2062	3477
2062	3495
2062	3365
2062	3140
2062	3253
2062	3300
2062	3229
2062	3903
2062	3599
2062	3784
2062	3455
2062	3386
2062	3429
2062	3133
2062	3349
2062	3566
2062	3333
2062	3243
2062	3621
2062	3307
2062	3392
2062	3562
2062	3781
2062	3185
2062	3518
2062	3074
2062	3240
2062	3308
2062	3324
2062	3918
2062	3589
2062	3786
2062	3731
2062	4165
2062	3308
2062	3431
2062	3432
2062	3344
2062	3504
2062	3347
2062	3547
2062	3130
2062	3016
2062	3244
2062	3281
2062	3230
2062	3124
2062	3372
2062	3558
2062	3577
2062	3354
2062	3567
2062	3678
2062	3397
2062	3063
2062	3408
2062	3262
2062	2979
2062	3198
2062	3576
2062	3244
2062	3137
2062	3525
2062	3504
2062	3113
2062	3182
2062	3238
2062	3540
2062	3766
2062	3313
1980	3695
1980	3359
1980	3496
1980	3440
1980	3360
1980	3364
1980	3561
1980	3495
1980	3482
1980	3390
1980	3466
1980	3449
1980	3002
1980	3067
1980	3386

melhor e media
2253	3976
2105	4516
1952	4126
1937	4092
1924	3749
1924	4131
1915	3358
1915	2959
1915	2853
1914	3047
1914	3121
1914	3258
1914	3626
1914	3445
1914	3384
1914	2960
1914	3128
1914	3115
1914	3337
1914	3061
1914	3132
1914	3235
1914	3068
1914	3056
1914	3212
1914	3301
1914	3604
1914	3078
1914	3268
1914	3366
1914	3709
1914	3187
1914	3084
1914	3282
1914	3467
1914	3035
1914	2948
1914	3015
1914	2834
1914	3261
1914	3026
1914	3330
1914	3393
1914	3499
1914	3182
1914	3393
1914	3649
1914	3368
1914	3445
1914	3268
1914	3353
1914	3289
1914	3223
1914	3396
1914	2963
1914	3364
1914	3184
1914	3204
1914	3052
1914	2995
1914	3099
1914	2804
1914	3113
1914	3427
1914	3460
1914	3508
1914	3086
1914	3020
1914	2765
1914	2938
1912	3199
1912	3516
1912	3004
1912	2968
1912	2838
1912	2983
1912	3104
1912	2920
1912	3317
1912	3062
1912	3015
1912	3153
1912	3403
1912	3154
1912	3338
1912	3148
1912	3436
1912	3556
1912	3245
1912	3216
1912	3010
1912	3571
1912	3469
1912	3482
1912	3219
1912	2897
1912	2957
1912	3365
1912	3354
1912	3032

melhor e media
2271	4687
2271	4849
2175	5372
1950	3685
1928	3345
1912	3087
1912	3347
1912	3457
1912	3448
1912	2865
1912	3064
1912	3017
1912	3218
1912	3027
1912	2776
1912	2764
1912	3590
1912	3156
1912	2844
1912	2866
1912	3301
1912	3476
1912	3242
1912	3089
1912	3071
1912	3276
1912	2990
1912	3028
1912	3089
1912	3285
1912	2843
1912	3716
1912	3293
1912	3275
1912	3167
1912	3016
1912	3020
1912	2935
1912	3096
1912	3011
1912	3026
1912	3528
1912	3121
1912	3156
1912	3374
1912	3279
1912	2973
1912	3014
1912	3170
1912	3089
1912	2966
1912	3108
1912	3420
1912	3052
1912	3327
1912	3250
1912	2833
1912	2881
1912	3393
1912	3356
1912	2930
1912	3613
1912	2986
1912	2965
1912	3414
1912	3140
1912	3709
1912	3067
1912	3013
1912	3104
1912	3049
1912	3317
1912	3485
1912	3372
1912	3073
1912	3272
1912	3177
1912	3291
1912	3373
1912	3416
1912	3493
1912	3421
1912	3300
1912	2960
1912	3259
1912	3301
1912	3113
1912	3170
1912	3243
1912	3063
1912	3422
1912	3963
1912	2979
1912	3610
1912	3299
1912	3188
1912	3076
1912	3464
1912	2907
1912	3689

melhor e media
2360	4316
2360	3463
2124	2852
2124	3264
2124	3153
2124	3227
2124	3209
2124	3559
2052	3431
2052	3460
2052	2955
2052	3292
2052	3161
2052	3082
2052	2891
2052	3210
2052	3593
2052	3101
2052	3131
2052	3278
2052	3480
2052	3410
2052	3205
2052	3207
2052	3283
2052	3444
2052	3223
2052	3311
2052	3334
2052	2729
2052	3300
2052	3309
2052	3195
2052	3257
2052	3503
2032	3113
2032	3581
2032	3877
2032	3084
2032	3785
2032	3113
2032	3056
2032	3221
2032	3070
2032	3218
2032	3303
2032	3497
2032	3294
2032	3055
2032	3203
2032	3409
2032	3391
2032	3263
2032	3289
2032	3568
2032	3370
2032	3719
2032	3483
2032	3647
2032	3324
2032	3345
2032	3351
2032	3637
2025	3192
2025	3450
2025	3643
2025	3185
2025	3145
2025	3230
2025	3190
2025	3215
2025	3217
2025	3413
2025	3257
2025	4098
2025	3097
2025	3086
2025	3239
2025	3247
2025	3063
2025	3107
2025	3107
2025	3092
2025	3400
2025	3130
2025	3348
2025	3407
2025	3790
2025	3206
2025	3158
2025	2894
2025	3137
2025	3429
2025	3598
2025	3204
2025	3394
2025	3170
2025	3522
2025	4048
2025	3612

melhor e media
2273	5141
2273	4990
2200	3800
1992	3120
1992	4485
1930	3935
1930	3251
1930	2732
1930	3087
1930	3184
1930	3528
1930	3168
1930	3139
1930	3188
1930	3465
1930	3018
1930	3541
1930	3566
1930	2959
1930	3480
1930	3117
1930	3209
1930	3152
1930	3129
1930	3132
1930	3324
1930	3134
1930	3193
1930	3465
1930	3133
1930	3121
1930	3457
1930	3289
1930	3236
1930	2945
1930	3264
1930	3343
1930	3356
1930	3587
1930	3728
1930	3130
1930	3258
1930	3129
1930	3091
1930	3112
1930	3127
1930	2984
1930	3179
1930	3394
1930	3221
1930	2973
1930	3063
1930	3205
1930	2978
1930	3419
1930	3132
1930	3257
1930	3150
1930	3556
1930	3078
1930	3201
1930	3455
1930	3366
1930	3142
1927	3022
1915	2906
1915	2795
1915	2972
1915	3466
1915	2901
1915	3154
1915	2891
1915	2746
1915	3327
1915	3052
1915	2634
1915	3115
1915	2818
1915	2658
1915	3500
1915	3140
1915	3093
1915	3171
1915	2999
1915	3262
1915	3211
1915	3273
1915	3214
1914	3140
1914	3440
1914	2731
1914	3133
1914	2911
1914	3057
1914	3137
1914	3191
1914	3118
1914	3303
1914	3022
1914	3414

melhor e media
2310	4538
2274	3837
2274	3227
2214	4396
2151	3653
1944	3235
1944	3550
1944	3559
1935	3844
1935	4052
1935	3369
1924	3239
1924	3017
1924	3008
1924	3038
1924	2953
1924	3409
1924	3140
1924	3453
1924	3075
1924	3132
1924	3619
1924	3345
1924	3401
1924	2999
1924	3138
1924	3476
1924	3215
1924	3221
1924	3184
1924	3247
1924	2937
1924	3321
1924	3413
1924	2954
1924	2791
1924	3264
1924	3753
1924	3912
1924	2954
1924	3133
1924	3364
1924	3115
1924	3317
1924	3462
1924	3392
1924	3092
1924	3261
1924	2985
1924	2980
1924	2965
1924	3478
1924	3361
1924	3247
1924	2834
1924	2812
1924	2969
1924	3013
1924	3162
1924	2977
1924	3317
1924	3109
1924	3345
1924	3318
1924	2972
1924	3275
1924	3206
1924	2814
1924	2881
1924	3192
1924	3645
1924	3140
1924	3293
1924	2935
1924	3038
1924	2963
1924	3378
1924	3136
1924	3080
1924	3103
1924	3200
1924	3489
1924	3002
1924	2868
1913	3213
1913	3222
1913	3298
1913	3065
1913	3161
1913	3028
1913	3570
1913	2936
1913	2853
1913	3066
1913	2863
1913	3126
1913	3647
1913	3140
1913	3180
1913	3666

melhor e media
2360	4221
2270	3260
2270	3335
2235	3361
2169	3312
2084	3394
2084	2901
2084	3086
2084	3119
2084	3035
2084	3109
2084	3018
1992	3116
1992	3051
1992	3482
1992	2868
1992	3270
1957	2968
1957	3411
1957	3408
1957	2906
1957	2895
1957	3050
1957	3164
1957	3085
1957	3350
1957	3178
1957	3360
1957	3246
1957	3460
1957	3020
1957	3054
1957	3273
1957	3054
1957	3348
1957	3131
1957	3414
1957	3361
1927	3154
1918	3715
1918	3210
1918	3306
1918	3040
1918	2959
1918	3504
1918	3207
1912	3128
1912	3350
1912	3029
1912	2946
1912	3209
1912	3143
1912	3022
1912	3162
1912	3019
1912	3219
1912	3146
1912	3127
1912	3353
1912	3038
1912	3090
1912	3298
1912	3085
1912	3061
1912	3151
1912	3049
1912	3045
1912	3336
1912	3671
1912	3096
1912	3468
1912	3031
1912	3127
1912	3184
1912	3151
1912	3151
1912	3113
1912	3137
1912	3651
1912	2913
1912	3320
1912	3261
1912	2889
1912	3485
1912	3020
1912	3676
1912	3259
1912	3076
1912	3210
1912	3176
1912	3016
1912	3357
1912	2855
1912	3531
1912	3598
1912	3339
1912	3129
1912	2960
1912	3374
1912	3314

melhor e media
2475	5588
2242	3845
2242	3099
2160	3169
2160	2820
2160	2831
2126	3405
2080	3152
2080	2913
2080	3052
2080	3192
2080	3193
2080	3378
2080	3060
2080	3371
2080	3162
2080	3403
2080	3011
2080	3060
2080	3293
2080	3021
2080	2890
2080	3249
2080	3108
2080	3660
2080	3113
2080	3097
2080	3491
2080	3060
2080	3108
2080	2936
2080	3006
2080	3087
2080	2891
2080	3297
2080	3249
2080	3175
2080	2972
2080	3167
2080	3317
2080	3238
2080	3789
2080	3070
2080	3124
2080	3257
2080	3108
2080	3250
2080	3067
2080	3204
2080	3097
2080	3121
2080	3128
2080	3439
2080	3533
2080	3065
2080	2890
2080	2878
2080	3135
2080	2908
2080	3059
2075	3192
2075	3170
2075	2989
2075	3218
2075	3207
2075	3380
2075	3286
2075	3038
2075	2938
2075	3367
2075	3544
2075	3296
2075	3054
2075	3142
2075	3166
2075	3145
2075	3242
2075	3255
2075	3131
2075	3143
2075	3064
2075	3273
2075	3009
2075	3147
2075	3106
2075	3329
2075	3262
2075	2933
2075	2845
2075	3323
2075	3278
2075	2885
2075	2937
2075	3376
2075	3245
2070	3367
2066	2867
2066	3170
2066	3197
2066	2915

melhor e media
1953	4579
1953	4887
1953	3996
1945	3608
1937	3633
1926	3629
1926	2952
1926	3493
1926	3147
1923	3310
1923	2849
1923	3415
1915	3094
1915	3586
1915	3024
1915	3239
1915	3629
1915	3179
1915	3199
1915	3612
1915	3311
1915	2906
1915	3206
1915	3197
1915	2966
1915	3094
1915	3147
1915	3228
1915	3222
1915	3342
1915	3082
1915	3030
1915	3278
1915	3383
1915	3107
1915	3344
1915	3579
1915	3378
1915	3047
1915	2933
1915	3258
1915	3600
1915	3534
1913	3128
1913	3068
1913	3090
1913	3140
1913	3088
1913	3495
1913	3808
1913	3110
1913	3290
1913	3375
1913	3588
1913	3068
1913	3321
1913	3165
1913	2962
1913	3076
1913	3625
1913	2960
1913	3193
1913	3059
1913	3015
1913	3063
1913	3243
1913	2916
1913	3253
1913	3163
1913	3138
1913	3175
1913	2915
1913	2980
1913	3088
1913	3795
1913	3093
1913	3358
1913	3283
1913	3104
1913	2959
1913	3206
1913	2996
1913	3421
1913	3345
1913	2864
1913	3114
1913	3036
1913	3180
1913	3528
1913	3133
1913	3425
1913	2856
1913	3396
1913	3023
1913	3353
1913	3176
1913	3156
1913	3277
1913	3003
1913	3246

melhor e media
2133	4711
2133	4078
2133	3880
2133	4565
2133	3415
2133	3769
2116	3629
2116	3421
2025	3343
2025	3932
1957	3288
1957	3645
1957	3202
1957	3168
1957	3331
1957	3058
1938	3516
1938	3345
1938	3596
1938	3136
1938	3366
1938	3249
1938	3489
1938	3765
1938	3137
1938	3168
1938	3289
1938	3426
1938	3064
1938	3530
1938	3653
1938	3797
1938	3392
1938	3051
1938	3650
1938	3276
1938	3446
1938	3514
1938	3760
1938	3520
1938	3973
1938	3097
1938	3313
1938	3077
1938	3448
1938	3436
1938	3126
1938	3420
1938	3231
1938	3109
1938	3703
1938	3220
1938	3219
1938	3170
1938	3227
1938	3516
1938	3758
1938	3413
1938	3311
1938	3587
1938	3198
1938	3238
1938	3218
1938	3486
1938	3183
1938	3286
1938	3272
1938	3406
1938	3316
1938	3569
1938	3500
1938	3702
1938	3948
1938	3527
1938	3204
1938	3394
1938	3268
1938	3333
1938	3859
1938	3168
1938	3628
1938	3752
1938	3473
1938	3300
1938	3824
1938	3149
1938	3356
1938	3162
1938	2999
1938	3504
1938	3217
1938	3278
1938	3388
1938	3216
1938	3416
1938	3296
1938	3608
1938	3794
1938	3189
1938	3489

melhor e media
2286	4614
2007	4177
1942	3969
1928	3081
1928	3194
1928	3210
1918	3021
1918	3022
1918	3116
1918	3164
1918	3273
1913	2958
1913	3365
1913	2945
1913	3306
1913	3193
1913	3080
1913	3139
1913	3091
1913	3499
1913	3347
1913	3169
1913	3508
1913	3045
1913	3163
1913	3278
1913	3167
1913	3207
1913	3248
1913	3344
1913	3163
1913	3227
1913	3049
1913	3481
1913	3279
1913	3231
1913	2849
1913	2806
1913	2804
1913	3197
1913	2935
1913	3006
1913	3077
1913	2850
1913	3112
1913	3266
1913	3472
1913	3298
1913	3594
1913	3045
1913	3237
1913	3179
1913	3002
1913	3680
1913	3629
1913	3545
1913	3232
1913	3325
1913	3027
1913	2996
1913	3409
1913	3008
1913	2907
1913	2756
1913	2980
1913	3247
1913	3262
1913	3010
1913	3149
1913	3127
1913	3174
1913	2986
1913	3110
1913	3056
1913	2721
1913	2919
1913	3322
1913	3021
1913	3339
1913	3392
1913	2933
1913	3035
1913	3180
1913	2986
1913	3526
1913	3522
1913	3567
1913	2957
1913	2999
1913	3579
1913	3375
1913	3293
1913	3443
1913	3501
1913	3399
1913	3232
1913	2890
1913	3177
1913	3137
1913	3068

melhor e media
2304	4808
2171	4992
2171	5158
2171	6530
1902	3942
1902	3584
1902	3415
1902	4302
1902	3768
1902	3700
1902	4091
1902	4205
1902	3711
1902	3861
1902	3667
1902	3434
1902	3206
1902	3724
1902	3737
1902	3643
1902	3973
1891	4049
1891	3363
1891	3384
1891	3728
1891	3722
1891	3319
1891	3711
1891	3523
1891	3904
1891	3457
1891	3138
1891	3161
1891	3291
1891	4119
1891	3636
1891	3327
1891	3584
1891	3856
1891	3821
1891	3890
1891	3684
1891	4090
1891	3594
1891	4004
1891	3546
1891	3428
1891	3734
1891	3436
1891	3650
1891	3825
1891	3592
1891	3399
1891	3557
1891	3509
1891	3572
1891	3296
1891	4040
1891	3638
1891	3984
1891	4008
1891	3587
1891	3713
1891	3637
1891	3549
1891	3883
1891	3653
1891	4457
1891	3862
1891	4030
1891	4158
1891	3733
1891	3936
1891	3322
1891	4141
1891	3723
1891	4246
1891	4004
1891	3965
1891	3416
1891	3856
1891	3974
1891	3888
1891	3681
1891	3636
1891	3605
1891	3714
1891	3487
1864	3435
1864	4557
1864	4747
1864	4336
1864	4152
1864	3585
1864	3895
1864	3605
1864	3547
1864	3534
1864	3406
1864	3676

melhor e media
2394	5214
2294	3558
2116	2999
2116	2914
2116	2829
1926	3214
1926	3573
1924	3149
1924	3268
1924	2837
1924	2946
1924	2995
1924	3334
1924	2983
1924	2925
1924	3455
1924	3099
1924	2979
1924	3094
1924	3019
1924	3101
1924	3053
1924	2888
1924	2856
1924	3253
1924	3413
1924	3099
1924	3175
1924	3211
1924	3042
1924	3199
1924	3253
1924	3918
1924	3483
1914	3436
1914	3368
1914	3009
1914	3039
1914	3170
1914	3391
1914	3138
1914	3262
1914	3128
1914	3139
1914	3096
1914	3427
1914	3373
1914	3015
1914	3184
1914	3318
1914	3433
1914	3393
1914	3258
1914	3461
1914	2967
1914	3297
1914	3487
1914	3640
1914	3383
1914	3558
1914	3054
1914	3159
1914	2953
1914	2918
1914	2798
1914	3594
1914	3021
1914	3188
1914	2919
1914	2819
1914	3393
1914	3297
1914	2998
1914	3150
1914	3036
1914	3007
1914	3085
1914	3487
1914	3363
1914	2992
1914	3077
1914	2975
1914	3006
1914	2958
1914	3097
1914	3328
1914	3333
1914	3306
1914	3304
1914	3231
1914	3221
1914	3037
1914	3110
1914	3275
1914	3396
1914	2912
1914	3105
1914	3506
1914	3179
1914	3142

melhor e media
2443	4589
2426	5757
2393	6090
1990	4234
1990	5731
1990	4738
1956	4887
1949	3912
1930	3756
1930	3215
1930	3397
1930	3159
1921	3047
1921	3017
1921	3019
1921	3541
1921	3257
1921	3540
1921	3224
1921	3558
1921	3689
1914	3235
1914	3538
1914	3101
1914	2982
1914	3104
1914	3521
1914	3398
1914	3410
1914	3071
1913	3594
1913	3081
1913	3681
1913	3543
1913	3671
1913	3509
1913	3867
1913	3161
1913	2938
1913	3123
1913	3109
1913	3154
1913	3179
1913	3374
1913	2948
1913	3108
1913	3372
1913	3623
1913	3408
1913	3379
1913	3573
1913	3180
1913	3223
1913	3249
1913	3303
1913	3804
1913	3878
1913	3264
1913	3079
1913	3392
1913	2751
1913	3568
1913	3853
1913	3823
1913	4391
1913	3721
1912	3881
1912	3698
1912	3465
1912	3305
1912	3651
1912	3371
1912	3295
1912	3912
1912	3862
1912	3050
1912	2674
1912	3217
1912	3110
1912	3256
1912	3420
1912	2784
1912	3319
1912	3473
1912	3641
1912	3277
1912	3490
1912	3603
1912	3692
1912	3299
1912	3550
1912	3387
1912	3282
1912	3081
1912	3853
1912	3203
1912	3152
1912	3217
1912	3610
1912	3089

melhor e media
2407	5118
2286	4325
2275	4506
2197	4543
2197	5472
1989	3417
1940	2832
1936	3470
1921	3244
1921	3199
1921	3163
1921	3454
1921	3158
1921	2895
1921	3123
1921	3347
1921	3223
1921	3725
1921	3447
1921	3041
1921	3352
1921	3142
1921	3320
1921	2974
1921	3043
1921	3066
1921	2998
1921	2965
1921	2975
1921	2895
1921	2991
1921	3432
1921	3223
1921	3002
1921	2886
1921	2893
1921	3002
1914	3044
1914	2918
1914	2966
1914	3002
1914	2970
1914	3181
1914	3682
1914	3594
1914	3110
1914	3106
1914	3186
1914	3277
1914	3313
1914	3600
1914	4067
1913	3635
1913	3208
1913	3067
1913	3467
1913	3495
1913	3201
1913	3531
1913	3093
1913	3033
1913	3356
1913	3268
1913	3212
1913	3260
1913	3414
1913	3258
1913	3393
1913	3147
1913	2900
1913	2875
1913	3493
1913	3510
1913	3320
1913	2931
1913	3101
1913	3280
1913	3154
1913	3224
1913	3399
1913	3174
1913	3359
1913	2991
1913	3174
1913	3241
1913	3021
1913	3186
1913	3589
1913	3160
1913	2828
1913	3239
1913	3384
1913	3306
1913	3596
1913	2975
1913	2899
1913	3101
1913	3187
1913	3234
1913	2992

melhor e media
2309	4061
2309	3533
2190	2978
2170	3094
2147	2987
2112	3155
2092	3262
2092	3476
2092	3334
2092	3291
2092	2984
2080	3120
2070	3123
2070	3484
2070	3336
2070	3232
2070	3241
2070	3273
2070	3484
2070	3259
2070	3197
2070	3629
2070	3272
2070	3335
2070	2958
2070	3434
2070	3090
2070	3371
2070	3395
2070	3469
2070	3605
2070	3789
2070	3370
2070	3378
2070	3294
2070	3202
2070	3281
2070	3517
2070	3431
2011	3241
2011	3357
2011	3420
2011	3379
2011	3369
2011	3440
2011	3114
2011	3423
2011	3252
2011	3436
2011	3667
2011	3411
2011	3377
2011	3529
2011	3246
2011	3835
2011	3658
2011	3241
2011	3103
2011	3412
2011	3478
2011	3313
2011	3787
2011	3471
2011	3655
2011	3660
2011	3404
2011	3286
2011	3302
2011	3336
2011	3588
2011	3804
2011	3559
2011	3525
2011	3624
2011	3535
2011	3566
2011	3576
2011	3349
2011	3022
2011	3287
2011	3539
2011	3212
2011	3212
2011	3265
2011	3701
2011	3462
2011	3399
2011	3516
2011	3341
2011	3150
2011	3709
2011	3200
2011	3441
2011	3910
2011	3493
2011	3777
2011	3186
2011	3334
2011	3130
2011	3583

melhor e media
2609	4398
2117	3667
2081	3567
1912	2950
1912	3167
1912	3058
1912	3668
1912	3680
1912	3267
1912	3267
1912	3253
1912	3670
1912	2949
1912	3393
1912	3757
1912	3139
1912	2745
1912	2990
1912	3327
1912	3096
1912	3677
1912	3873
1912	3531
1912	3472
1912	3306
1912	3057
1912	2961
1912	3301
1912	2909
1912	2893
1912	2708
1912	3433
1912	2925
1912	3416
1912	3176
1912	3063
1912	3013
1912	3491
1912	3502
1912	3330
1912	3322
1912	2857
1912	3541
1912	3032
1912	3135
1912	3240
1912	3160
1912	3512
1912	3360
1912	3286
1912	3215
1912	2905
1912	3142
1912	2853
1912	3021
1912	2836
1912	2875
1912	3087
1912	3508
1912	3400
1912	3793
1912	3208
1912	3562
1912	3477
1912	3130
1912	2997
1912	3445
1912	3368
1912	3250
1912	2793
1912	3464
1912	3536
1912	3699
1912	3871
1912	3574
1912	3018
1912	2620
1912	3329
1912	3416
1912	3741
1912	3376
1912	2883
1912	3105
1912	2614
1912	3055
1912	3183
1912	2900
1912	2847
1912	3379
1912	3627
1912	3109
1912	3184
1912	3120
1912	3495
1912	3198
1912	3242
1912	2955
1912	3271
1912	2757
1912	3647

melhor e media
2224	5017
1987	4788
1987	4339
1930	3417
1930	3032
1930	3245
1930	3004
1930	3101
1930	3014
1930	3150
1930	2950
1930	3180
1930	3209
1930	3357
1930	3104
1930	3211
1930	3560
1930	3539
1930	3228
1930	3340
1930	3291
1930	2943
1930	3013
1930	3194
1930	3187
1930	3219
1930	3602
1930	3249
1930	3243
1930	3125
1930	3404
1930	3111
1930	3153
1930	3106
1930	3154
1930	3292
1930	3452
1930	3236
1930	3189
1930	3098
1912	3345
1912	3465
1912	3222
1912	3010
1912	3100
1912	3493
1912	3087
1912	3000
1912	3168
1912	3203
1912	2983
1912	3094
1912	3002
1912	3163
1912	3192
1912	3094
1912	3339
1912	2986
1912	2881
1912	3079
1912	3380
1912	3295
1912	3016
1912	2822
1912	3633
1912	3220
1912	3305
1912	2977
1912	3313
1912	3260
1912	3090
1912	2998
1912	3298
1912	2914
1912	3064
1912	3148
1912	3452
1912	3276
1912	3205
1912	3271
1912	3205
1912	3230
1912	2835
1912	3112
1912	3083
1912	3168
1912	3254
1912	3038
1912	3062
1912	3333
1912	2950
1912	3019
1912	3238
1912	2969
1912	3886
1912	3276
1912	2963
1912	2970
1912	2938
1912	3117

melhor e media
2230	4239
1944	4701
1944	4002
1932	2972
1932	2839
1932	3166
1932	3579
1932	3239
1932	3335
1932	3134
1932	3304
1932	2857
1924	3038
1924	3106
1924	3024
1924	3144
1924	3131
1924	3212
1918	3095
1918	3502
1918	3084
1918	2797
1918	3221
1918	3219
1918	3162
1918	3367
1918	3102
1918	2911
1918	3457
1918	3449
1918	3545
1918	3030
1918	3174
1918	3122
1918	3046
1918	2741
1918	3029
1918	3260
1918	2991
1915	3074
1915	3485
1915	2810
1915	3305
1915	2882
1915	3234
1915	3259
1915	3464
1915	2977
1915	3162
1915	3293
1915	3417
1915	3050
1915	3401
1915	3400
1915	3387
1915	3164
1914	2968
1914	3008
1914	3250
1914	2955
1914	3465
1914	3337
1914	3290
1914	3581
1914	3536
1914	3307
1914	3325
1914	3367
1914	3150
1914	3233
1914	3387
1914	3586
1914	3428
1914	3135
1914	3064
1914	3372
1914	3120
1914	3299
1914	2968
1914	3452
1914	3072
1914	4085
1914	3404
1914	3473
1914	3189
1914	3166
1914	3594
1914	3480
1914	3147
1914	3238
1914	3236
1914	3392
1914	3423
1914	3030
1914	3196
1914	3324
1914	3514
1914	3427
1914	3230
1914	3145

melhor e media
2470	5021
2284	3947
2225	3105
2225	3607
2191	3454
2098	3808
2098	3632
2098	4051
2098	4170
2098	3370
2098	4263
2098	4287
2098	3734
2098	3867
2098	4853
2098	3440
2098	3969
2098	3801
2098	3932
2098	4168
2098	3851
2098	3736
2098	3545
2098	3423
2098	3962
2098	3156
2098	3561
2098	3745
2098	3389
2098	3799
2098	3145
2098	3240
2098	3092
2098	3740
2098	3362
2098	3570
2098	3534
2098	3770
2098	3774
2098	3077
2098	4185
2098	3779
2098	3861
2098	3590
2098	3603
2098	3451
2098	3342
2098	3765
2098	3704
2098	3991
2098	3746
2098	3792
2098	2998
2098	4277
2098	4005
2098	3264
2098	3447
2098	3404
2098	3880
2098	3793
2098	3917
2098	4262
2098	3779
2098	3318
2098	3524
2098	4320
2098	3867
2098	3908
2098	3552
2098	3034
2098	3605
2098	3784
2098	3932
2098	3137
2098	3229
2098	3590
2098	4299
2098	3707
2098	4037
2098	3536
2098	3752
2098	3203
2098	3955
2098	3777
2098	3177
2098	3340
2098	3533
2098	3326
2098	3642
2098	3971
2098	3917
2098	3845
2098	3520
2098	3427
2098	3653
2098	3428
2098	3341
2098	2972
2098	3566
2098	3208

melhor e media
2609	5784
2404	3379
2219	3199
2219	3152
2219	3639
2219	4102
2219	4030
2139	3966
2139	3754
2139	3920
2139	4012
2139	5265
2130	3770
2130	3449
2130	3759
2130	4504
2130	4021
2130	3820
2130	3497
2130	4225
2130	3581
2130	4122
2130	4102
2130	3585
2130	4239
2130	4114
2130	4079
2130	4307
2130	4169
2130	4102
2130	3759
2130	4293
2130	4985
2130	3721
2130	4127
2060	4179
2060	3607
2060	3611
2060	3242
2060	3464
2060	3280
2060	3058
2060	3185
2060	3813
2060	3615
2060	3279
2060	3113
2060	3177
2060	3347
2060	3857
2060	3394
2060	3028
2060	3187
2060	3260
2060	3386
2060	3136
2060	3422
2060	3381
2060	3191
2060	3281
2060	3299
2060	3430
2060	3099
2060	3447
2060	3464
2060	3461
2060	3113
2060	3435
2060	3691
2060	3497
2060	3522
2060	3428
2060	3252
2060	3377
2060	3047
2060	3030
2060	3499
2060	3655
2060	3425
2060	3153
2060	3568
2060	3408
2060	3551
2060	3299
2060	3393
2060	3370
2060	3163
2060	3106
2060	3375
2060	2964
2060	3399
2060	3112
2060	3311
2060	3060
2060	3594
2060	2850
2060	3362
2060	3167
2060	3728
2060	2946

melhor e media
2293	4880
2171	4774
2113	5204
1928	4163
1928	3390
1928	3167
1928	3110
1928	3417
1928	3239
1928	3085
1928	3269
1928	2787
1928	3145
1928	3379
1928	2867
1928	3113
1928	3396
1928	3176
1928	3001
1928	3234
1928	3019
1928	3159
1928	3003
1928	3752
1928	2956
1928	3133
1928	3461
1928	3165
1928	3369
1928	3467
1928	2871
1928	3127
1928	2836
1928	2954
1928	3545
1928	3182
1928	3635
1928	3176
1928	2889
1928	2961
1928	2976
1928	3285
1928	3117
1928	3161
1928	3277
1928	3113
1928	3230
1928	3182
1928	3293
1928	2991
1926	3145
1926	3102
1926	3044
1926	2964
1926	3453
1926	3275
1926	3469
1926	3077
1926	2874
1926	3097
1926	3131
1926	3452
1926	3246
1926	3173
1926	3288
1926	3335
1926	3687
1926	3699
1926	2982
1926	3033
1926	3128
1926	3027
1926	3115
1926	3387
1926	3262
1926	2888
1926	3317
1926	3192
1926	3090
1926	3228
1926	3040
1926	3025
1926	3181
1926	3261
1926	2978
1926	3575
1926	3139
1926	3151
1926	2885
1926	3331
1926	3157
1924	3259
1924	3435
1924	2862
1924	2965
1924	3026
1924	3221
1924	3209
1924	3480
1924	2954

melhor e media
2366	4274
2366	3203
2314	3230
2294	2886
2084	3039
2084	2900
2084	2778
2084	3343
2084	2941
2084	3644
2084	2978
2051	3078
2051	3314
2051	3348
2051	3296
2051	3679
2051	3273
2051	3590
2051	3369
2012	3813
2012	3245
2012	3566
2012	3228
2012	3352
2012	3403
2012	3324
2012	3379
2012	3263
2012	3082
2012	3292
2012	2791
2012	3416
2012	3122
2012	3064
2012	3139
2012	3648
2012	3744
2012	3748
2012	3562
2012	3165
2012	3115
2012	3270
2012	3247
2012	3241
2012	3076
2012	3117
2012	3234
2012	3542
2012	3619
2012	3276
2012	3047
2012	3055
2012	3556
2012	3064
2012	3061
2012	3300
2012	3605
2012	3397
2012	3184
2012	3464
2012	3561
2012	3804
2012	3614
2012	3510
2012	3309
2012	3421
2012	3022
2012	3096
2012	3318
2012	3396
2012	3188
2012	3296
2012	3313
2012	3769
2012	3715
2012	3297
2012	3582
2012	3128
2012	3755
2012	3299
2012	3301
2012	3033
2012	3510
2012	3428
2012	3236
2012	3306
2012	3022
2012	3068
2012	3523
2012	3227
2012	3348
2012	3524
2012	2977
2012	3376
2012	3187
2012	3236
2012	3528
2012	3967
2012	3170
2012	3444

melhor e media
2279	5503
2279	3863
2274	3922
2181	3107
1925	3178
1925	2916
1925	3620
1925	3986
1925	3293
1925	3243
1914	3153
1914	3319
1914	3032
1914	3292
1914	2952
1914	2780
1914	2683
1914	2892
1914	3929
1914	3366
1914	3694
1914	3546
1913	3211
1912	2995
1912	3204
1912	3158
1912	3109
1912	3110
1912	2939
1912	2949
1912	3137
1912	3244
1912	3201
1912	2916
1912	2999
1912	3099
1912	3588
1912	3178
1912	3400
1912	3213
1912	3163
1912	3086
1912	3076
1912	3197
1912	2896
1912	3161
1912	3015
1912	2920
1912	3192
1912	3112
1912	3055
1912	3177
1912	3156
1912	3135
1912	3208
1912	3022
1912	2936
1912	2918
1912	3166
1912	3358
1912	3430
1912	2919
1912	3392
1912	3166
1912	3285
1912	3595
1912	3348
1912	3470
1912	3172
1912	3422
1912	3188
1912	3303
1912	3259
1912	3114
1912	3491
1912	3444
1912	2990
1912	3248
1912	3355
1912	3201
1912	2899
1912	3372
1912	2827
1912	2914
1912	2737
1912	3058
1912	3343
1912	3398
1912	3062
1912	3077
1912	3025
1912	3578
1912	3167
1912	3129
1912	3030
1912	3872
1912	3052
1912	2804
1912	3191
1912	3025

