melhor e media

1779	2938
1740	2627
1696	2465
1696	2190
1696	2136
1696	2110
1696	2107
1696	2056
1696	2135
1696	2071
1696	2115
1696	2062
1696	1997
1696	2043
1696	2089
1696	2172
1696	2049
1696	2151
1696	2269
1696	2119
1696	2176
1696	2168
1696	2131
1696	2060
1696	2116
1696	2135
1696	2030
1696	2022
1696	2059
1696	2072
1696	2111
1696	2113
1696	2167
1696	2122
1696	2173
1696	2081
1696	2174
1696	2097
1696	2037
1696	2098
1696	2049
1696	2041
1696	2091
1696	2102
1696	2118
1696	2191
1696	2124
1696	2103
1696	2122
1696	2156

melhor e media

1642	2827
1642	2536
1642	3104
1642	3176
1642	3107
1642	3064
1642	3224
1642	3175
1642	3178
1642	3167
1642	3089
1642	3156
1642	3157
1642	3182
1642	3114
1642	3135
1641	3112
1641	3020
1641	3032
1641	3039
1641	2982
1641	3063
1641	3151
1641	3126
1641	3147
1641	3144
1641	3047
1641	3110
1641	3115
1641	3132
1641	3147
1641	3071
1641	3164
1641	3151
1641	3145
1641	3109
1641	3149
1641	3151
1641	3182
1641	3218
1641	3064
1641	3094
1641	3251
1641	3034
1641	3105
1641	3177
1641	3082
1641	3101
1641	3106
1641	3108

melhor e media

1772	2834
1772	2697
1772	2668
1772	2389
1772	2351
1772	2322
1764	2242
1764	2197
1764	2168
1764	2231
1764	2251
1696	2216
1696	2263
1696	2231
1696	2312
1696	2102
1696	2114
1696	2107
1696	2130
1696	2211
1696	2065
1696	2132
1696	2065
1696	2038
1696	2194
1696	2121
1696	2073
1696	2152
1696	2113
1696	2184
1696	2144
1696	2147
1696	2072
1696	2082
1696	2161
1696	2130
1696	2079
1696	2185
1696	2118
1696	2150
1696	2134
1696	2074
1696	2095
1696	2208
1696	2165
1696	2127
1696	2113
1696	2172
1696	2200
1696	2151

melhor e media

1641	2710
1641	2784
1641	2791
1641	2857
1641	2911
1641	3038
1641	3027
1641	3008
1641	2963
1641	3012
1641	2987
1641	2885
1641	2887
1641	2933
1641	3016
1641	2980
1641	2943
1641	2935
1641	2900
1641	2848
1641	2912
1641	3012
1641	2990
1641	2979
1641	2998
1641	2967
1641	2934
1641	2903
1641	2960
1641	2910
1641	2904
1641	2799
1641	3006
1641	3005
1641	3080
1641	3033
1641	3021
1641	3008
1641	2979
1641	2992
1641	2984
1641	3012
1641	3041
1641	3048
1641	2995
1641	3093
1641	3048
1641	3010
1641	3038
1641	3031

melhor e media

1818	2917
1796	2620
1796	2640
1781	2815
1781	2833
1781	2736
1781	2783
1740	2724
1740	2618
1740	2076
1740	2042
1740	2003
1740	2002
1740	2069
1740	2111
1740	2039
1740	2134
1740	2082
1740	2071
1740	2081
1740	2066
1740	2094
1740	2027
1740	2101
1740	2173
1740	2166
1740	2068
1740	2086
1740	2131
1740	2162
1740	2151
1740	2147
1740	2161
1728	2182
1728	2600
1728	3208
1728	2803
1728	2832
1728	2860
1728	2849
1728	2906
1728	2872
1728	2924
1728	2827
1728	3022
1728	2887
1728	2944
1728	2997
1728	2988
1728	2966

melhor e media

1809	2965
1767	2534
1728	2856
1728	2830
1728	2783
1728	2624
1728	2614
1728	2759
1728	2780
1686	2879
1686	2737
1686	2755
1686	2770
1686	2774
1686	2729
1686	2682
1686	2699
1686	2679
1686	2577
1686	2591
1686	2655
1686	2695
1686	2682
1686	2772
1686	2774
1686	2775
1686	2781
1686	2803
1686	2785
1686	2798
1686	2857
1686	2833
1686	2938
1686	2938
1686	2999
1686	2932
1686	2990
1686	2938
1686	2949
1686	2920
1686	2993
1686	3011
1686	3013
1686	2958
1686	2905
1686	2896
1686	2987
1686	2965
1686	2950
1686	3003

melhor e media

1761	2809
1761	2579
1721	2945
1721	2985
1721	2939
1721	2928
1721	3006
1721	3003
1721	2914
1721	2952
1721	2936
1721	2971
1721	2934
1721	2901
1721	2893
1721	2870
1721	2862
1721	2890
1721	2853
1721	2980
1721	2875
1721	2902
1721	2830
1721	2875
1721	2862
1721	2838
1721	2838
1721	2872
1721	2911
1721	2859
1721	2867
1721	2901
1721	2851
1721	2939
1721	2954
1721	2956
1721	2937
1721	2959
1721	2919
1721	3006
1721	2954
1721	3004
1721	2998
1721	2981
1721	3063
1721	3055
1721	3070
1721	3022
1721	3101
1721	2998

melhor e media

1907	2977
1907	2486
1907	2664
1907	2616
1906	2395
1906	2105
1906	2081
1895	2057
1895	2133
1895	2275
1895	2206
1895	2323
1851	2183
1845	3098
1845	2439
1845	3018
1845	2871
1845	2865
1845	2793
1845	2756
1845	2654
1845	2655
1845	2734
1788	2727
1788	2700
1788	2713
1788	2368
1788	2822
1788	2643
1788	2615
1788	2609
1788	2645
1788	2640
1788	2613
1788	2615
1788	2504
1788	2489
1788	2533
1788	2597
1788	2486
1788	2523
1788	2511
1788	2509
1788	2439
1772	2497
1762	2078
1762	2151
1762	2159
1762	2089
1762	2141

melhor e media

1752	2697
1661	2614
1661	2831
1661	3049
1642	3125
1641	2989
1641	2996
1641	3059
1641	3065
1641	3045
1641	2994
1641	3068
1641	3045
1641	3044
1641	3081
1641	2963
1641	2965
1641	2886
1641	2902
1641	2938
1641	2855
1641	2827
1641	2897
1641	2904
1641	2948
1641	3033
1641	2935
1641	2863
1641	2983
1641	2959
1641	2895
1641	2869
1641	2877
1641	2968
1641	2997
1641	3034
1641	3073
1641	3071
1641	3004
1641	3075
1641	3118
1641	3144
1641	3219
1641	3210
1641	3195
1641	3219
1641	3143
1641	3122
1641	3186
1641	3118

melhor e media

1756	2912
1728	2639
1728	2775
1728	2943
1728	2830
1728	2798
1728	2745
1728	2750
1728	2787
1728	2806
1728	2805
1728	2764
1728	2799
1728	2816
1728	2826
1728	2818
1728	2896
1728	2840
1728	2815
1728	2891
1728	2900
1728	2885
1728	2838
1728	2822
1728	2787
1728	2830
1728	2824
1728	2810
1728	2826
1728	2740
1728	2824
1728	2832
1728	2922
1728	2967
1728	2902
1728	2920
1728	2965
1728	2925
1728	2912
1728	2959
1728	3016
1728	2977
1728	2878
1728	3004
1728	2975
1728	3053
1728	3008
1728	3009
1728	3138
1728	3107

melhor e media

1661	2794
1641	2718
1641	2965
1641	3135
1641	3030
1641	3127
1641	3066
1641	3002
1641	3014
1641	3118
1641	3097
1641	3127
1641	3105
1641	3098
1641	3118
1641	3061
1641	3179
1641	3102
1641	3193
1641	3227
1641	3173
1641	3175
1641	3114
1641	3115
1641	3225
1641	3118
1641	3160
1641	3144
1641	3087
1641	3149
1641	3208
1641	3211
1641	3170
1641	3110
1641	2989
1641	3060
1641	3033
1641	2904
1641	2951
1641	2988
1641	2957
1641	2891
1641	2906
1641	2899
1641	2974
1641	2969
1641	2886
1641	2974
1641	2929
1641	2968

melhor e media

1862	2939
1779	2388
1779	2382
1753	2182
1753	2023
1753	2012
1753	2013
1753	2056
1753	2022
1696	2052
1696	2075
1696	2171
1696	2179
1696	2166
1696	2128
1696	2081
1696	2140
1696	2173
1696	2153
1696	2110
1696	2106
1696	2089
1696	2100
1696	2168
1696	2201
1696	2075
1696	2110
1696	2000
1696	2041
1696	2092
1696	2073
1696	2090
1696	2088
1696	2013
1696	2047
1696	2083
1696	2101
1696	2008
1696	2066
1696	2071
1696	2089
1696	2035
1696	2087
1696	2095
1696	2098
1696	2054
1696	2096
1696	2023
1696	2113
1696	2190

melhor e media

1890	2735
1721	2703
1721	2725
1721	2837
1721	2804
1721	2774
1721	2775
1721	2760
1721	2760
1721	2783
1721	2732
1721	2697
1721	2725
1721	2848
1721	2779
1721	2869
1721	2846
1721	2896
1721	2899
1721	2950
1721	2972
1721	2971
1721	2928
1721	2898
1721	2926
1721	2978
1721	3032
1721	2995
1721	2852
1721	2884
1721	2932
1721	2880
1721	2906
1721	2917
1721	2813
1721	2812
1721	2864
1721	2851
1721	2895
1721	2807
1721	2817
1721	2800
1721	2739
1721	2906
1721	2818
1721	2710
1721	2800
1721	2874
1721	2791
1721	2893

melhor e media

1831	2915
1811	2623
1753	2563
1753	2449
1753	2479
1753	2425
1753	2217
1753	2199
1753	2293
1753	2235
1753	2263
1753	2245
1753	2270
1753	2285
1753	2214
1753	2332
1753	2360
1753	2317
1753	2185
1753	2241
1753	2316
1753	2213
1753	2251
1753	2287
1753	2176
1740	2152
1740	2074
1696	2169
1696	2146
1696	2094
1696	2171
1696	2178
1696	2218
1696	2110
1696	2180
1696	2124
1696	2183
1696	2180
1696	2115
1696	2288
1696	2167
1696	2082
1696	2050
1696	2045
1696	2061
1696	2060
1696	2116
1696	2124
1696	2139
1696	2064

melhor e media

1842	2722
1788	2737
1762	2534
1696	2349
1696	2076
1696	2042
1696	2064
1696	2165
1696	2102
1696	2122
1696	2194
1696	2076
1696	2230
1696	2071
1696	2019
1696	2054
1696	2179
1696	2136
1696	2096
1696	2075
1696	2138
1696	2020
1696	2200
1696	2118
1696	2166
1696	2136
1696	2084
1696	2191
1696	2242
1696	2167
1696	2180
1696	2033
1696	2002
1696	2119
1696	2255
1696	2152
1696	2239
1696	2080
1696	2027
1696	2103
1696	2045
1696	1998
1696	2116
1696	2162
1696	2064
1696	2072
1696	2064
1696	2064
1696	2239
1696	2149

melhor e media

1773	2694
1725	2644
1721	2969
1721	2880
1721	2863
1721	3037
1721	3050
1721	2989
1721	3039
1721	3006
1721	3091
1721	2896
1721	2917
1721	2977
1721	2917
1721	2957
1721	2919
1721	2982
1721	2916
1721	2869
1721	2888
1721	2914
1721	2923
1721	2867
1721	2886
1721	2858
1721	2879
1721	2902
1721	2899
1721	3024
1721	2918
1721	2926
1721	2913
1721	2916
1721	2923
1721	2943
1721	2860
1721	2891
1721	2903
1721	2875
1721	2934
1721	2954
1721	2836
1721	2942
1721	2905
1721	2916
1721	2903
1721	2875
1721	2885
1721	2899

melhor e media

1752	2870
1752	2575
1752	2986
1752	2985
1752	3135
1752	3090
1664	3106
1664	2909
1664	2844
1664	2769
1664	2762
1664	2822
1664	2781
1664	2845
1664	2780
1664	2841
1664	2921
1664	2819
1664	2825
1664	2792
1664	2837
1664	2834
1664	2872
1664	2896
1664	2941
1664	2946
1664	2912
1664	2902
1664	2880
1664	2849
1664	2926
1664	3029
1664	2917
1664	2913
1664	2892
1664	3045
1664	2945
1664	2895
1664	2886
1664	2940
1664	2937
1664	2854
1664	2951
1664	2859
1664	2845
1664	2849
1664	2954
1664	2980
1664	2982
1664	3013

melhor e media

1873	2782
1729	2602
1729	2771
1726	2847
1726	2887
1726	2946
1726	2925
1726	2971
1675	2843
1675	2800
1675	2740
1675	2743
1675	2752
1675	2817
1675	2742
1675	2821
1675	2702
1661	2749
1655	2829
1655	2714
1655	2733
1655	2852
1655	2894
1655	2874
1655	2953
1655	2923
1655	2915
1655	2977
1655	3004
1655	3040
1655	3055
1655	3107
1655	3076
1655	3104
1655	3179
1641	3137
1641	2711
1641	2943
1641	2972
1641	3000
1641	3059
1641	2936
1641	2934
1641	2929
1641	2998
1641	2912
1641	2988
1641	3023
1641	2968
1641	2948

melhor e media

1854	2806
1761	2534
1756	2612
1756	2234
1756	2242
1756	2173
1756	2266
1756	2279
1756	2374
1756	2486
1721	2563
1721	2631
1721	2624
1721	2685
1721	2736
1721	2756
1721	2684
1721	2741
1721	2824
1721	2748
1641	2751
1641	2477
1641	2548
1641	2797
1641	2684
1641	2718
1641	2753
1641	2697
1641	2774
1641	2779
1641	2759
1641	2751
1641	2754
1641	2676
1641	2829
1641	2782
1641	2807
1641	2803
1641	2841
1641	2864
1641	2786
1641	2918
1641	2932
1641	2893
1641	2852
1641	2852
1641	2911
1641	2904
1641	2798
1641	2930

melhor e media

1832	2898
1832	2833
1811	2672
1779	2129
1762	2071
1762	2128
1753	2068
1753	2135
1753	2386
1753	2264
1753	2040
1753	2106
1696	2079
1696	2285
1696	2120
1696	2045
1696	2057
1696	2050
1696	2069
1696	2157
1696	2044
1696	2228
1696	2098
1696	2041
1696	2039
1696	2114
1696	2054
1696	2065
1696	2002
1696	2086
1696	2064
1696	2136
1696	2238
1696	2118
1696	2138
1696	2129
1696	2069
1696	2057
1696	2159
1696	2120
1696	2034
1696	2087
1696	2098
1696	2134
1696	2068
1696	2067
1696	2103
1696	2178
1696	2127
1696	2161

melhor e media

1803	2770
1803	2715
1756	2785
1756	3103
1753	3139
1753	2586
1753	2130
1753	1958
1753	2025
1753	1990
1753	2036
1753	1964
1753	2109
1753	2133
1753	2107
1753	2048
1753	2153
1753	2197
1753	2152
1753	2165
1753	2082
1753	2217
1753	2197
1753	2267
1753	2161
1753	2192
1753	2135
1753	2233
1753	2223
1753	2217
1753	2194
1753	2203
1753	2233
1753	2209
1753	2202
1753	2185
1753	2334
1753	2299
1753	2222
1753	2201
1753	2134
1753	2171
1753	2240
1753	2258
1753	2323
1753	2336
1753	2419
1753	2397
1753	2385
1753	2328

melhor e media

1882	2869
1756	2617
1756	2758
1728	2953
1728	3183
1728	3100
1728	3177
1728	2851
1728	2863
1728	2893
1728	2949
1728	3085
1728	3015
1728	2840
1728	2868
1728	2751
1728	2807
1728	2879
1728	2832
1728	2865
1728	2851
1728	2951
1728	2964
1728	3013
1728	3015
1728	2878
1728	2907
1728	2892
1728	2861
1728	2861
1728	2907
1728	2922
1728	2980
1728	2942
1728	2963
1728	2926
1728	2880
1728	2933
1728	2964
1728	2958
1728	2945
1728	3015
1728	3019
1728	3030
1728	3015
1728	2974
1728	2936
1728	2968
1728	2922
1728	2920

melhor e media

1876	2895
1781	2534
1762	2810
1696	2367
1696	2140
1696	2147
1696	2141
1696	2098
1696	2012
1696	2049
1696	2092
1696	2040
1696	2081
1696	2096
1696	2108
1696	2052
1696	2090
1696	2157
1696	2107
1696	2191
1696	2236
1696	2268
1696	2144
1696	2159
1696	2114
1696	2084
1696	2206
1696	2107
1696	2126
1696	2077
1696	2128
1696	2099
1696	2093
1696	2159
1696	2168
1696	2096
1696	2130
1696	2134
1696	2229
1696	2136
1696	2143
1696	2143
1696	2158
1696	2174
1696	2162
1696	2159
1696	2081
1696	2072
1696	2097
1696	2154

melhor e media

1641	2732
1641	2703
1641	2949
1641	3101
1641	3163
1641	3192
1641	3064
1641	3060
1641	3012
1641	3097
1641	3047
1641	3048
1641	3041
1641	3049
1641	3014
1641	2996
1641	3047
1641	3044
1641	3104
1641	3026
1641	3013
1641	3000
1641	2965
1641	3045
1641	3001
1641	2997
1641	3046
1641	3038
1641	3057
1641	3013
1641	3117
1641	3095
1641	3143
1641	3023
1641	3063
1641	3142
1641	3157
1641	3056
1641	3121
1641	3116
1641	3122
1641	3099
1641	3080
1641	3161
1641	3066
1641	3023
1641	3169
1641	3109
1641	3167
1641	3183

melhor e media

1785	2956
1756	2691
1756	2691
1756	2853
1756	2983
1756	3019
1756	2993
1756	3032
1756	2948
1756	2986
1756	2997
1756	3025
1721	2942
1721	3001
1642	2935
1642	2811
1642	3048
1642	2751
1642	3250
1642	3219
1642	3150
1642	3148
1642	3178
1642	3238
1642	3145
1642	3198
1642	3186
1642	3165
1642	3156
1642	3148
1642	3194
1642	3173
1642	3076
1642	3132
1642	3082
1642	3170
1642	3170
1642	3146
1641	3101
1641	3059
1641	3180
1641	3237
1641	3192
1641	3235
1641	3136
1641	3110
1641	3181
1641	3099
1641	3190
1641	3122

melhor e media

1743	2954
1743	2808
1737	2858
1737	3011
1721	3004
1721	2990
1721	3049
1721	3041
1721	3064
1721	3092
1721	3033
1721	3043
1721	2992
1721	2965
1721	2946
1721	2976
1721	2994
1721	2985
1721	2938
1721	2929
1721	2871
1721	2896
1721	3038
1721	2894
1721	2835
1721	2921
1721	2891
1721	2934
1721	2912
1721	2886
1721	2928
1721	2977
1721	2945
1721	2883
1721	2863
1721	2915
1721	2869
1721	2921
1721	2955
1721	2914
1721	2964
1721	2913
1721	2873
1721	2878
1721	2858
1721	2861
1721	2848
1721	2875
1721	2901
1721	2929

melhor e media

1799	2936
1788	2748
1696	2757
1696	2497
1696	2225
1696	2224
1696	2159
1696	2194
1696	2101
1696	2264
1696	2130
1696	2174
1696	2201
1696	2137
1696	2292
1696	2120
1696	2143
1696	2242
1696	2174
1696	2097
1696	2077
1696	2120
1696	2186
1696	2106
1696	2099
1696	2142
1696	2159
1696	2154
1696	2189
1696	2111
1696	2129
1696	2194
1696	2185
1696	2193
1696	2170
1696	2097
1696	2128
1696	2190
1696	2125
1696	2127
1696	2170
1696	2251
1696	2139
1696	2164
1696	2163
1696	2222
1696	2158
1696	2117
1696	2047
1696	2154

melhor e media

1664	2754
1642	2774
1642	2986
1642	2880
1641	2937
1641	3100
1641	3116
1641	3045
1641	3065
1641	3112
1641	3134
1641	3165
1641	3168
1641	3128
1641	3127
1641	3124
1641	3002
1641	3172
1641	3158
1641	3187
1641	3067
1641	3052
1641	3062
1641	3117
1641	3134
1641	3099
1641	3083
1641	3062
1641	2978
1641	3093
1641	3008
1641	3103
1641	3037
1641	3120
1641	3003
1641	3022
1641	3121
1641	3043
1641	3068
1641	3135
1641	3100
1641	2978
1641	3012
1641	3037
1641	3026
1641	3080
1641	3030
1641	3015
1641	3045
1641	3060

melhor e media

1842	2976
1842	2580
1776	2805
1728	2896
1728	2921
1728	2999
1728	2992
1728	2885
1728	2982
1728	2956
1728	2983
1728	3037
1728	2966
1728	2981
1728	3000
1728	3072
1728	2978
1728	2967
1728	3018
1728	3045
1728	3034
1728	2952
1728	3043
1728	2998
1728	2942
1728	2944
1728	2969
1728	3048
1686	2939
1686	2167
1686	2170
1686	2197
1686	2165
1686	2206
1686	2142
1686	2162
1686	2185
1686	2201
1686	2326
1666	2294
1666	2527
1641	2688
1641	2640
1641	2709
1641	2652
1641	2590
1641	2599
1641	2622
1641	2780
1641	2690

melhor e media

1803	2827
1803	2536
1756	2685
1756	2752
1756	2907
1756	2944
1756	2906
1756	2857
1756	2865
1756	2772
1756	2897
1721	2898
1721	2443
1721	2699
1721	2773
1721	2797
1721	2716
1721	2862
1721	2858
1721	2933
1721	2831
1721	2860
1721	2738
1721	2814
1721	2777
1721	2728
1721	2778
1721	2744
1721	2630
1721	2801
1721	2819
1721	2779
1721	2828
1721	2839
1721	2829
1721	2772
1721	2764
1721	2795
1721	2782
1721	2809
1721	2830
1721	2846
1721	2818
1721	2873
1721	2839
1721	2835
1721	2858
1721	2874
1721	2929
1721	2899

