melhor e media
2407	4968
2133	4031
2066	3379
2049	2933
1992	3160
1987	2790
1966	3134
1943	2814
1943	2407
1943	2682
1943	2467
1943	2690
1943	2874
1943	2475
1943	2487
1943	2956
1943	3286
1943	3073
1943	2606
1943	2446
1943	2507
1943	2617
1943	2613
1943	2856
1943	2663
1943	2710
1943	2773
1943	2640
1943	3084
1943	2611
1943	2966
1943	2717
1943	2694
1943	2955
1943	2602
1943	2810
1943	2682
1943	2527
1943	2695
1943	2713
1943	2701
1943	2482
1943	2706
1939	2454
1926	2636
1919	2552
1919	2714
1919	2998
1919	2630
1919	2458
1919	2654
1919	2688
1919	2510
1919	2585
1919	2546
1919	2390
1919	2751
1919	2485
1919	2448
1919	3185
1919	2745
1919	2429
1919	2744
1919	2386
1919	2691
1919	2664
1919	2769
1919	2829
1919	2928
1919	2876
1919	2407
1919	2526
1919	2680
1919	3053
1919	2847
1919	2913
1919	2533
1919	3027
1919	2688
1919	2727
1919	2395
1919	2461
1919	2455
1919	3022
1919	3119
1919	2666
1919	2549
1919	2585
1919	2849
1919	2642
1919	2694
1919	2930
1919	2988
1919	2881
1919	2734
1919	2461
1919	2595
1919	2436
1919	2759
1919	2761

melhor e media
2489	4777
2266	3544
2187	2883
2187	2915
2187	2560
2167	3238
2127	2878
2127	3028
2127	2831
2127	3081
2127	3400
2127	2883
2127	3205
2127	3575
2127	3090
2127	2907
2127	2537
2127	2693
2127	3680
2127	3071
2127	3174
2127	2875
2127	2862
2127	2994
2082	3132
2082	3036
2082	2843
2082	2604
2082	2688
2082	2951
2082	2720
2082	2835
1972	2369
1972	2881
1972	2413
1972	2851
1972	2920
1972	3366
1972	2766
1972	3155
1972	3154
1972	3395
1972	3079
1972	2869
1972	2453
1972	3046
1972	3549
1972	3228
1972	3010
1972	3167
1972	2868
1972	2789
1972	3350
1972	3110
1972	2791
1972	2962
1972	2995
1972	2788
1972	3167
1972	3052
1972	3559
1972	2878
1972	2969
1972	2984
1972	2838
1972	2738
1972	3354
1972	3485
1972	2840
1972	2888
1972	2843
1972	2945
1972	2694
1972	3027
1972	3601
1972	3517
1972	2886
1972	2777
1972	2826
1972	3152
1972	2722
1972	2857
1972	2530
1972	2875
1972	3276
1972	3351
1972	3104
1972	3472
1972	2821
1972	3251
1972	2691
1972	2766
1972	3267
1972	3131
1972	2974
1972	2767
1972	3178
1972	3100
1972	2749
1972	2628

melhor e media
2445	4604
2323	5292
2167	4068
2167	3845
2044	4135
2039	3288
1993	3161
1983	2990
1969	2840
1957	3441
1938	2632
1938	3022
1938	2946
1906	3297
1906	3011
1906	3003
1906	3186
1906	3331
1906	2948
1906	2675
1906	2747
1901	2842
1901	3072
1901	3115
1901	3646
1879	2998
1876	3138
1875	3442
1875	3696
1875	2583
1875	2948
1875	2470
1875	3253
1875	3628
1875	2810
1875	3378
1875	3271
1875	3071
1875	2866
1875	2817
1856	2916
1853	3167
1853	3157
1851	3296
1851	2970
1851	3159
1851	2887
1851	2975
1851	3507
1851	3465
1851	3029
1851	3019
1851	3272
1851	2952
1851	3029
1851	3483
1851	3104
1851	2632
1851	2706
1851	3032
1851	2711
1851	2825
1851	3127
1851	2829
1851	3378
1851	3303
1851	4009
1851	3071
1851	3704
1851	3838
1851	2782
1851	2927
1851	3208
1851	3278
1851	3321
1851	2810
1851	2877
1851	2588
1851	3052
1851	3686
1851	2793
1851	3174
1851	3129
1851	3359
1851	3503
1851	2996
1851	3358
1851	3800
1851	3147
1851	3183
1851	2803
1851	3007
1851	3050
1851	2785
1851	3360
1851	3452
1851	3283
1851	3467
1851	3610
1851	2981

melhor e media
2296	4598
2296	4597
2252	3649
2006	3936
1991	3095
1940	3534
1926	2677
1926	2679
1926	2676
1926	2709
1926	2423
1926	2484
1926	2722
1926	2521
1926	2687
1926	2693
1926	2382
1926	2616
1926	2534
1924	2411
1915	3032
1915	2766
1915	3267
1912	3181
1912	2899
1912	2681
1912	3059
1912	3912
1912	2760
1912	2728
1912	3508
1912	3086
1912	2617
1912	2675
1912	3068
1912	2981
1912	2307
1912	3272
1912	3259
1912	2494
1912	2726
1912	2884
1912	2986
1912	3154
1912	3225
1912	2785
1912	3103
1912	3450
1912	2897
1912	2945
1912	2401
1912	3262
1912	3036
1912	2757
1912	3412
1912	3498
1912	3006
1912	2669
1912	2757
1912	2908
1912	3755
1912	3342
1912	3770
1912	3066
1912	2895
1912	3071
1912	2708
1912	3461
1912	2941
1912	3001
1912	3067
1912	3070
1912	3282
1912	2819
1912	3360
1912	3154
1912	3127
1912	2810
1912	2845
1912	3094
1912	3142
1912	3110
1912	2964
1912	3088
1912	2776
1912	2987
1912	3112
1912	3148
1912	3066
1912	3301
1912	3378
1912	2936
1912	2673
1912	2814
1912	3300
1912	3430
1912	3431
1912	3325
1912	3206
1912	3137

melhor e media
2333	4944
2333	3337
2333	3306
2333	3448
2333	3110
2333	2914
2333	2971
2333	3154
2333	2912
2333	3420
2333	2962
2193	2986
2193	3297
2193	2904
2193	3165
2193	3219
2193	3120
2193	2796
2193	2886
2193	3011
2193	3007
2193	3441
2193	3126
2193	3209
2193	3228
2193	3153
2193	3117
2193	3000
2193	3119
2193	3400
2193	3253
2193	3187
2193	2926
2193	3106
2193	3176
2193	2966
2193	3287
2193	2806
2193	3387
2193	2873
2193	3241
2193	2926
2113	2551
2113	2857
2113	2903
2113	2880
2113	2785
2113	2696
2113	3129
2113	2885
2113	2836
2113	3199
2113	2904
1933	2319
1933	2936
1933	2981
1933	2879
1933	2524
1933	2934
1933	2676
1933	2961
1933	2870
1933	2986
1933	2398
1933	2902
1933	3302
1933	3316
1933	3154
1933	2676
1933	2781
1933	2970
1933	3133
1933	2830
1933	2726
1933	2828
1933	3294
1933	2989
1933	2740
1933	3131
1933	2996
1933	2893
1933	2805
1933	2961
1933	2746
1933	3062
1933	3062
1933	2748
1933	2771
1933	2880
1933	3201
1933	2877
1933	3037
1933	3093
1933	2933
1933	2708
1933	3068
1933	2911
1933	3159
1933	2272
1933	2997

melhor e media
2291	4907
2291	3186
2286	2680
2159	2677
2072	2805
2032	2734
2002	2675
2002	2913
2002	2858
2002	3356
2002	3196
2002	2639
2002	2790
2002	2678
2002	3029
2002	3089
2002	2959
2002	2639
2002	3060
2002	2848
2002	2739
2002	2573
2002	2598
2002	2876
2002	2604
2002	2864
2002	2704
2002	2691
2002	2967
2002	2734
2002	2718
2002	2827
2002	2989
2002	2979
2002	3046
2002	2800
2002	3157
2002	2796
2002	2907
2002	2897
2002	2675
2002	3000
2002	2767
2002	2681
1942	2397
1942	2587
1942	2622
1942	3038
1942	2960
1942	2754
1942	2858
1942	3030
1942	3563
1942	2970
1942	2932
1942	2990
1942	2945
1942	3005
1942	2776
1942	2825
1942	2692
1942	3058
1942	3027
1942	2767
1942	2662
1942	2695
1942	2355
1942	2810
1942	2659
1942	2726
1942	2973
1942	3106
1942	2825
1942	2599
1942	2849
1942	2921
1942	2591
1942	2719
1942	2806
1942	2697
1942	2673
1942	2818
1942	2670
1942	3060
1942	3132
1942	2478
1942	2812
1942	3166
1942	2849
1942	2772
1942	2871
1942	2711
1942	3096
1942	3403
1942	3074
1942	2604
1782	2214
1782	2610
1782	2606
1782	2776

melhor e media
2463	4288
2272	4057
2101	4780
1935	3938
1930	3007
1928	3056
1924	3080
1924	2828
1921	2966
1914	2834
1913	3479
1912	2903
1912	3067
1912	3401
1912	2909
1912	2595
1912	2595
1912	2540
1912	3171
1912	2505
1912	3284
1912	2866
1912	3000
1912	2925
1912	3515
1912	3662
1912	3668
1912	3008
1912	2791
1912	3087
1912	3350
1912	2976
1912	3544
1912	2741
1912	2980
1912	2616
1912	2469
1912	2812
1912	3186
1912	2771
1912	2821
1912	2643
1912	2850
1912	2433
1912	2241
1912	3017
1912	2669
1912	2578
1912	3018
1912	3578
1912	3374
1912	3127
1912	2912
1912	2469
1912	2957
1912	3197
1912	2874
1912	2874
1912	2874
1912	2737
1912	2771
1912	2680
1912	3183
1912	3695
1912	2699
1912	3338
1912	2865
1912	2791
1912	3303
1912	3320
1912	2609
1912	2655
1912	2994
1912	3120
1912	3328
1912	3709
1912	3127
1912	3119
1912	2709
1912	2672
1912	2646
1912	2909
1912	2511
1912	3270
1912	3180
1912	2465
1912	2983
1912	2953
1912	2436
1912	2553
1912	3495
1912	2896
1912	3046
1912	2773
1912	2856
1912	3286
1912	3115
1912	3202
1912	2786
1912	2903

melhor e media
2528	5015
2427	5744
2384	4255
2352	3325
2253	3165
2186	3038
2186	3323
2186	3183
2132	3672
1937	3141
1924	3566
1924	3604
1924	3254
1921	3340
1915	2898
1915	2863
1915	2868
1895	3134
1895	4251
1895	3315
1895	2943
1895	3046
1895	3264
1895	3171
1895	3098
1895	2952
1895	3247
1895	3018
1895	3024
1895	2975
1895	3105
1895	3359
1895	2621
1895	3192
1895	2655
1895	2699
1895	2924
1895	2903
1895	3035
1895	2851
1895	2964
1895	2634
1895	3018
1895	2805
1895	2547
1895	2788
1895	2631
1895	2662
1895	2724
1895	2942
1895	2943
1895	3475
1895	3416
1895	2950
1895	3240
1895	3621
1895	2917
1835	2841
1835	3761
1835	3217
1835	2958
1835	2986
1835	3299
1835	2893
1835	2912
1835	2859
1835	3188
1835	3063
1835	3114
1835	2944
1835	3312
1835	2871
1835	3044
1835	3287
1835	3237
1835	3034
1835	3225
1835	2898
1835	2919
1835	3192
1835	2866
1835	2858
1835	2763
1835	2884
1835	2972
1835	3210
1835	3121
1835	3180
1835	2859
1835	3114
1835	2734
1835	3263
1835	3101
1835	3075
1835	2880
1835	2851
1835	2905
1835	2640
1835	2719
1835	2797

melhor e media
2269	5152
2185	4406
1953	3101
1937	2625
1927	3299
1914	3258
1914	2957
1914	2876
1914	2517
1914	2720
1913	3273
1912	2628
1912	3217
1912	2913
1912	3377
1912	2642
1912	2357
1912	2944
1912	2772
1912	2662
1912	2949
1912	2586
1912	3082
1912	2833
1912	3075
1912	2833
1912	2725
1912	3217
1912	2678
1912	2737
1912	3111
1912	3052
1912	3117
1912	3050
1912	2772
1912	2836
1912	3472
1912	3257
1912	3094
1912	3285
1912	3392
1912	3275
1912	3294
1912	2876
1912	3259
1912	3143
1912	3157
1912	3228
1912	3154
1912	3344
1912	3057
1912	3327
1912	3286
1912	2778
1912	3055
1912	3212
1912	3198
1912	3247
1912	3186
1912	3139
1912	3513
1912	3989
1912	3292
1912	3672
1912	2941
1912	3448
1912	3062
1912	3183
1912	3120
1912	2995
1912	3456
1912	3241
1912	2986
1912	3522
1912	3342
1912	3460
1912	3201
1912	3087
1912	2991
1912	3232
1912	3523
1912	3026
1912	2988
1912	2345
1912	2942
1912	2842
1912	3005
1912	3451
1912	3164
1912	2890
1912	2720
1912	2747
1912	3025
1912	3395
1912	2953
1912	3263
1912	3576
1912	2794
1912	2832
1912	2577

melhor e media
2390	4523
2239	4098
2207	3853
2140	3695
2063	3042
2063	3676
2063	3462
2063	3936
2063	3969
2063	3288
2063	3053
2063	3426
2063	3503
2063	3468
2063	3597
2063	2959
2063	3530
2063	3698
2063	3785
2027	3163
1849	4700
1849	3163
1849	3863
1849	3850
1847	3322
1847	2652
1847	2868
1847	2825
1847	3189
1847	4197
1847	3482
1847	4193
1847	3332
1847	3945
1847	4043
1847	3354
1847	3244
1847	3513
1847	3200
1847	3087
1847	3504
1847	2875
1847	3270
1847	3772
1847	3298
1847	2781
1847	2669
1847	3948
1847	3593
1847	3132
1847	3577
1847	3638
1847	3721
1847	4848
1847	3382
1847	2991
1847	3733
1847	3714
1847	3212
1847	3397
1847	3532
1847	3368
1847	3333
1847	3151
1847	3174
1847	3603
1847	3442
1847	2751
1847	2750
1847	3065
1847	3197
1847	3172
1847	3088
1847	3348
1847	3180
1847	3380
1847	3817
1847	3844
1847	3231
1847	3282
1847	3238
1847	3245
1847	3173
1847	3462
1847	3470
1847	2735
1847	3113
1847	3962
1847	3158
1847	2805
1847	2985
1847	3152
1847	3257
1847	3121
1847	3459
1847	4189
1847	3194
1847	3152
1847	2995
1847	3148

melhor e media
2331	4620
2224	3745
2224	3312
2209	3054
2159	2879
2139	2905
2139	3199
2002	3128
1967	4321
1931	3637
1931	2994
1931	2846
1931	2694
1927	3171
1927	2824
1927	2805
1914	2831
1914	2833
1914	3653
1914	3330
1914	3350
1914	3058
1914	2766
1914	2919
1914	2713
1914	2990
1914	2791
1914	2597
1914	3087
1913	2915
1913	2968
1912	2877
1912	2802
1912	3183
1912	2718
1912	2777
1912	2770
1912	3288
1912	3052
1912	2714
1912	2932
1912	3105
1912	2757
1912	3075
1912	2661
1912	3252
1912	2900
1912	2665
1912	3047
1912	3049
1912	3145
1912	3201
1912	3019
1912	2731
1912	2790
1912	2680
1912	2921
1912	2932
1912	3040
1912	2841
1912	3209
1912	2957
1912	2960
1912	2852
1912	2583
1912	2817
1912	2958
1912	2792
1912	2790
1912	2796
1912	3493
1912	3059
1912	2386
1912	2989
1912	3152
1912	2715
1912	2865
1912	2574
1912	2487
1912	2668
1912	2408
1912	2762
1912	2554
1912	2887
1912	2876
1912	2821
1912	2727
1912	2677
1912	2772
1912	2661
1912	2719
1912	3042
1912	3600
1912	3819
1912	2874
1912	2735
1912	3292
1912	3011
1912	3062
1912	2983

melhor e media
2324	4735
2200	3369
2021	3948
1923	2561
1914	3116
1914	3031
1912	3316
1912	3986
1912	2602
1912	2411
1912	3265
1912	3205
1912	3428
1912	2910
1912	3193
1912	3039
1912	3272
1912	3030
1912	3294
1912	3139
1912	2475
1912	3122
1912	2888
1912	2817
1912	3128
1912	2882
1912	2816
1912	2694
1912	3081
1912	3011
1912	2633
1912	3002
1912	2838
1912	2895
1912	2991
1912	3379
1912	2760
1912	2367
1912	2362
1912	2823
1912	3024
1912	3469
1912	3072
1912	2977
1912	3372
1912	2531
1912	2389
1912	2467
1912	3184
1912	2816
1912	3135
1912	2694
1912	3528
1912	3032
1912	3047
1912	3203
1912	2753
1912	2904
1912	2894
1912	3112
1912	2861
1912	3290
1912	3049
1912	3167
1912	3236
1912	3225
1912	3099
1912	2894
1912	2524
1912	2713
1912	3351
1912	2769
1912	2968
1912	3255
1912	2966
1912	2720
1912	2565
1912	3349
1912	2882
1912	3145
1912	2907
1912	2678
1912	2892
1912	3264
1912	3374
1912	2989
1912	2835
1912	3317
1912	2838
1912	2918
1912	3279
1912	2908
1912	3495
1912	2512
1912	3528
1912	3187
1912	2749
1912	2761
1912	2993
1912	2745

melhor e media
2511	5000
2143	4405
1945	4159
1945	2540
1945	2742
1945	2430
1940	2496
1940	2429
1940	2463
1940	2567
1940	2937
1940	2446
1940	2509
1940	2468
1940	2615
1940	2612
1940	2817
1940	2340
1940	2444
1940	2790
1940	2915
1940	2507
1940	2302
1940	2385
1940	2529
1940	2428
1940	2441
1940	2639
1940	2357
1940	2629
1940	2466
1940	2552
1940	2925
1940	2825
1940	2236
1940	2456
1940	2421
1940	2354
1940	2958
1940	2610
1940	2794
1940	2474
1940	2654
1940	2333
1940	2823
1940	2912
1940	2579
1940	2670
1940	2790
1940	2957
1940	2372
1940	2668
1940	2535
1940	2780
1940	2695
1940	2613
1919	2793
1919	2632
1919	2836
1919	2984
1919	2656
1919	2608
1919	2579
1919	2556
1919	2427
1919	2706
1919	2259
1919	2479
1919	2584
1919	2576
1919	2815
1919	2705
1919	2595
1919	2684
1919	2880
1919	2525
1919	2579
1919	2572
1919	2518
1919	2504
1919	2545
1919	2715
1919	3162
1919	2972
1919	2536
1919	2576
1919	2927
1919	2628
1919	2754
1919	2485
1919	2306
1919	2529
1919	3198
1919	2771
1919	2942
1919	2806
1919	2473
1919	2821
1919	2443
1919	2586

melhor e media
2268	4847
1930	4192
1930	3379
1930	3031
1930	3145
1926	2722
1926	2755
1926	2805
1926	2733
1924	2623
1915	2800
1912	3004
1912	3152
1912	3242
1912	2634
1912	2919
1912	3120
1912	3237
1912	2813
1912	3249
1912	2642
1912	2521
1912	2684
1912	3051
1912	3052
1912	2609
1912	3424
1912	2987
1912	3255
1912	2776
1912	2493
1912	2685
1912	3207
1912	3074
1912	2861
1912	2915
1912	2949
1912	3183
1912	3278
1912	2608
1912	3111
1912	2808
1912	3314
1912	3330
1912	3291
1912	2549
1912	3136
1912	2754
1912	2794
1912	2707
1912	2859
1912	2789
1912	3591
1912	3163
1912	3325
1912	2509
1912	2513
1912	2372
1912	2616
1912	2674
1912	3107
1912	3235
1912	2751
1912	3214
1912	2884
1912	2852
1912	2816
1912	3461
1912	3221
1912	2885
1912	2720
1912	2963
1912	3108
1912	3122
1912	3051
1912	3242
1912	3448
1912	3507
1912	3385
1912	3501
1912	3198
1912	3726
1912	3523
1912	2809
1912	2671
1912	2872
1912	2993
1912	3034
1912	3139
1912	2676
1912	2712
1912	2567
1912	2700
1912	3418
1912	3530
1912	2888
1912	2771
1912	3361
1912	3279
1912	2672

melhor e media
2381	5033
2293	3667
2098	3399
2058	4166
2058	4094
2058	3717
2058	3985
2058	3218
2058	3282
2058	3002
2058	3314
2058	3056
2058	3342
2058	3354
2058	3648
2058	3623
2058	3316
2058	3203
2058	3082
2058	3645
2058	2959
2058	3642
2058	3423
2058	3055
2058	2950
2058	3198
2058	3005
2058	3454
2058	2961
2058	3807
2058	3251
2058	3015
2058	3360
2058	3855
2058	3387
2058	3728
2058	3182
2058	3390
2058	3636
2058	3391
2058	3561
2058	2935
2058	2983
2058	3124
2058	3262
2058	3497
2058	3556
2058	3640
2058	3330
2058	3535
2058	3404
2058	3448
2058	3389
2058	3339
2058	3021
2058	3502
2058	3009
2058	3178
2058	3391
2058	2778
2058	2832
2058	3452
2058	3087
2058	3480
2058	3921
2058	2960
2058	3607
2058	3897
2058	3460
2058	3668
2058	3362
2058	3144
2058	3079
2058	3195
2058	3170
1958	3439
1950	3361
1913	2925
1913	3134
1912	3775
1912	2746
1912	2684
1912	3236
1912	2953
1912	2840
1912	2904
1912	2675
1912	2867
1912	2984
1912	3116
1912	2770
1912	3879
1912	3911
1912	3131
1912	2584
1912	3816
1912	3545
1912	3132
1912	2989
1912	3090

melhor e media
2084	4831
2084	3296
2084	3557
2084	3206
2084	2716
1994	2546
1994	2799
1974	2893
1974	3011
1974	3014
1974	3350
1974	3097
1974	2929
1974	2811
1974	3530
1974	3160
1972	2878
1972	3223
1972	2863
1962	2881
1962	2967
1962	2948
1962	3231
1962	3069
1962	2908
1962	3060
1962	2899
1962	2628
1962	2776
1962	2603
1962	2895
1962	2784
1862	2885
1862	2957
1862	2641
1862	2785
1862	3261
1862	3117
1862	2804
1862	3464
1862	2681
1862	2783
1862	3395
1862	2874
1812	2869
1812	2577
1812	2752
1812	3095
1812	3765
1812	2680
1812	3387
1812	2845
1812	3002
1812	2742
1812	2736
1812	2784
1812	3716
1812	3446
1812	3037
1812	2904
1812	2925
1812	2638
1812	3119
1812	2975
1812	2705
1812	2773
1812	3041
1812	3055
1812	2824
1812	3359
1812	3626
1812	2985
1812	3274
1812	2814
1812	2838
1812	2903
1812	2745
1812	2608
1812	3260
1812	2849
1812	3215
1812	3347
1812	3171
1812	2836
1812	2699
1812	2772
1812	2967
1812	2998
1812	3215
1812	2848
1812	2859
1812	2622
1812	2834
1812	3123
1812	2695
1812	2629
1812	2720
1812	2924
1812	2951
1812	2764

melhor e media
2322	4859
2229	4651
2225	4799
2195	4428
2072	3715
2012	3166
1971	3652
1906	3873
1906	2776
1906	2860
1906	2483
1904	2638
1866	2567
1857	3438
1853	3204
1853	2471
1853	2539
1853	2458
1853	2578
1853	2463
1853	2465
1853	2701
1853	2587
1853	2501
1853	2312
1853	3034
1853	2365
1853	2692
1853	2887
1853	2729
1853	3160
1851	2900
1851	2482
1851	2705
1851	2826
1851	2782
1851	2668
1851	2832
1851	2888
1851	2454
1851	2438
1851	2397
1851	2463
1851	2677
1851	2624
1851	2468
1851	2951
1851	2797
1851	2517
1851	2374
1851	3106
1851	3052
1851	2498
1851	2673
1851	2794
1851	2724
1851	2529
1851	2913
1851	2974
1851	2742
1851	2608
1851	2615
1851	2751
1851	3195
1851	2608
1851	2812
1851	2562
1851	2635
1851	2506
1851	2571
1851	2605
1851	3009
1851	2786
1851	2423
1851	2598
1851	2494
1851	2569
1851	2815
1851	2928
1851	2905
1851	2785
1851	2672
1851	2512
1851	2897
1851	2618
1851	2570
1851	3153
1851	2876
1851	2663
1851	2666
1851	3174
1851	2727
1851	3012
1851	2548
1851	2422
1851	2438
1851	2920
1851	2652
1851	2334
1851	2347

melhor e media
2319	4637
2144	4416
2144	3428
2122	3100
2062	2496
2022	2834
2022	3007
2012	2968
2012	2918
2012	2875
2012	2872
2012	2854
2012	2554
2012	2490
2012	2547
2012	2672
2012	2854
2012	2834
2012	2835
2012	3036
2012	3111
2012	3024
2012	2648
2012	3236
2012	2940
2012	2943
2012	2689
2012	2913
2012	2777
2002	2538
2002	2934
2002	2959
1972	2844
1972	2798
1972	2787
1972	2482
1972	2499
1652	1929
1652	2445
1652	2570
1652	2224
1652	2626
1652	2561
1652	2552
1652	2753
1652	2743
1652	2595
1652	2553
1652	2950
1652	2631
1652	2638
1652	2444
1652	2624
1652	2640
1652	2415
1652	2788
1652	2493
1652	2602
1652	2651
1652	3002
1652	2825
1652	2468
1652	2844
1652	2785
1652	2662
1652	2426
1652	2441
1652	2672
1652	2946
1652	2530
1652	2016
1652	2437
1652	2455
1652	2431
1652	2846
1652	2926
1652	2486
1652	2843
1652	2650
1652	2608
1652	2712
1652	2550
1652	2805
1652	2526
1652	2404
1652	2957
1652	2498
1652	2560
1652	2829
1652	2611
1652	2542
1652	2632
1652	2597
1652	2550
1652	2669
1652	3214
1652	3071
1652	2617
1652	2825
1652	2851

melhor e media
2347	5154
2186	4397
1960	4173
1943	2346
1942	2999
1938	3186
1938	3098
1898	3091
1898	2911
1891	3616
1891	3518
1888	3151
1888	3516
1888	3692
1881	2984
1873	3632
1873	2868
1873	2691
1873	2830
1873	3044
1869	2876
1869	2905
1869	2834
1869	2758
1869	2339
1869	2495
1869	2804
1869	2844
1869	2993
1869	2803
1869	2952
1869	2846
1869	3063
1869	3164
1869	2602
1869	2811
1869	3064
1869	2726
1869	3236
1869	3174
1869	2596
1869	2592
1869	2387
1869	2801
1869	2863
1869	2675
1869	3087
1869	2574
1869	2719
1869	2768
1869	2860
1869	3056
1869	2858
1869	2733
1869	2900
1869	2644
1869	2720
1869	3401
1853	2477
1853	2858
1853	3218
1851	2679
1851	2577
1851	2526
1851	2930
1851	2433
1851	2666
1851	2558
1851	3099
1851	2688
1851	2321
1851	2666
1851	2987
1851	2879
1851	2805
1851	3069
1851	3158
1851	2628
1851	3351
1851	2805
1851	2617
1851	2853
1851	2589
1851	2801
1851	2794
1851	3084
1851	2681
1851	3393
1851	2932
1851	2881
1851	3023
1851	2827
1851	2889
1851	2482
1851	2994
1851	2852
1851	2928
1851	2851
1851	2450
1851	2927

melhor e media
1998	4653
1998	3952
1961	3533
1961	3275
1961	3227
1957	2771
1938	2709
1938	3347
1938	3024
1938	2675
1938	2700
1938	3083
1938	3075
1938	3270
1938	3167
1938	2787
1938	3182
1938	3299
1938	2586
1938	3411
1938	3071
1938	3201
1938	3124
1938	3258
1938	3197
1926	3432
1906	4290
1906	3423
1906	3133
1906	3851
1893	3059
1893	4094
1893	4203
1893	4230
1888	3763
1861	3484
1851	2652
1851	3009
1851	3208
1851	2638
1851	2948
1851	2953
1851	2456
1851	2873
1851	2286
1851	2687
1851	2503
1851	2679
1851	2864
1851	2529
1851	2449
1851	2367
1851	2648
1851	2694
1851	2845
1851	2733
1851	2656
1851	2533
1851	2626
1851	2689
1851	2487
1851	2795
1851	2505
1851	2585
1851	2669
1851	2765
1851	2725
1851	2672
1851	2791
1851	2567
1851	2805
1851	2758
1851	2937
1851	2346
1851	3020
1851	3149
1851	3404
1851	2644
1851	3131
1851	2977
1851	2837
1851	2687
1851	3138
1851	2697
1851	2569
1851	3182
1851	2593
1851	2747
1851	2703
1851	2570
1851	2651
1851	2471
1851	2708
1851	2400
1851	2505
1851	2587
1851	2454
1851	2936
1851	2743
1851	2767

melhor e media
2381	4634
2150	3443
2089	2833
2089	2822
2089	2675
2089	2817
2045	3130
2045	2839
2035	2928
2035	2922
2035	3359
2035	3150
2035	2666
2035	2843
2035	2904
2035	2672
2035	2848
2035	2631
2035	2775
2035	2581
2035	2648
2035	2911
2035	2890
2035	3351
1935	2304
1935	2774
1935	2617
1935	2452
1935	2711
1935	2598
1935	2681
1935	2693
1935	2618
1935	2410
1935	2636
1935	2877
1935	2759
1935	2619
1935	2466
1935	3001
1935	2630
1935	2900
1935	2615
1935	2905
1935	2768
1935	2634
1935	2617
1935	2563
1935	2552
1935	2675
1935	2567
1935	2801
1935	2897
1935	2782
1935	2888
1935	2911
1935	2744
1935	3042
1935	3268
1935	2991
1935	2924
1935	3189
1935	2973
1935	2412
1935	2484
1935	3300
1935	3157
1935	2772
1935	2828
1935	2659
1935	2803
1935	3295
1935	2941
1935	3284
1935	2827
1935	2663
1935	2991
1935	2942
1935	2775
1935	3331
1935	2854
1935	2610
1935	2762
1935	2790
1935	2572
1935	2717
1935	2606
1935	2879
1935	2918
1935	2634
1935	2761
1935	2729
1935	2406
1935	2655
1935	2630
1935	2730
1935	2577
1935	3172
1935	2931
1935	2866

melhor e media
2269	4347
2085	3834
2085	3556
2057	2999
2057	3119
2047	2802
2047	2760
2047	2806
2047	2753
2047	2876
2047	2853
2047	2685
2047	2972
2047	2681
2047	2486
2047	2650
2047	2812
2047	2859
2047	2679
2047	2829
2047	2960
2047	2697
2047	2716
2047	2803
2047	2994
2047	3093
2047	3248
2047	2881
2047	2542
2047	2591
2047	2742
2047	3227
2047	2489
2047	2747
2047	2906
2047	2817
2047	2825
2047	2554
2047	2799
1949	3057
1949	3532
1949	3302
1924	2876
1921	2961
1914	3081
1914	2816
1914	2713
1913	3029
1912	3080
1912	3113
1912	2906
1912	2790
1912	2735
1912	2850
1912	2976
1912	3565
1912	3387
1912	3564
1912	3109
1912	3072
1912	2858
1912	3154
1912	3106
1912	3073
1912	2855
1912	3027
1912	2917
1912	2649
1912	3107
1912	3151
1912	2983
1912	3262
1912	2948
1912	2917
1912	3002
1912	2661
1912	3105
1912	2706
1912	3297
1912	3441
1912	3562
1912	3544
1912	3127
1912	3283
1912	3265
1912	2746
1912	2779
1912	2763
1912	3141
1912	3116
1912	3229
1912	3303
1912	3028
1912	3015
1912	3726
1912	3249
1912	3090
1912	3082
1912	3236
1912	3307

melhor e media
2241	4323
2103	3535
1936	3297
1932	2570
1921	3010
1921	2880
1914	2949
1914	3364
1914	3026
1914	2960
1914	2684
1913	3596
1913	3054
1913	2743
1912	3400
1912	2964
1912	3589
1912	3153
1912	3044
1912	2774
1912	3119
1912	3059
1912	3167
1912	2877
1912	2815
1912	2739
1912	3188
1912	3112
1912	3715
1912	4334
1912	3907
1912	2815
1912	2910
1912	3196
1912	2809
1912	2823
1912	2951
1912	2735
1912	2598
1912	3198
1912	2259
1912	2948
1912	2990
1912	3094
1912	3670
1912	3169
1912	2788
1912	2984
1912	2392
1912	2985
1912	2811
1912	2963
1912	2652
1912	3184
1912	2904
1912	2881
1912	2803
1912	2624
1912	2978
1912	2863
1912	2593
1912	2983
1912	3027
1912	3063
1912	2631
1912	2919
1912	3372
1912	2864
1912	2853
1912	2613
1912	3257
1912	2869
1912	2923
1912	3445
1912	3158
1912	2902
1912	3627
1912	3167
1912	2820
1912	2636
1912	3190
1912	3112
1912	2875
1912	2885
1912	2911
1912	3308
1912	3067
1912	2677
1912	2934
1912	2945
1912	2747
1912	2855
1912	2994
1912	2868
1912	3577
1912	3018
1912	2640
1912	2795
1912	2337
1912	2572

melhor e media
2367	4776
2230	4018
2220	3696
2159	3278
2063	3716
2063	4120
2063	3759
2063	4475
2035	3981
2035	3767
1999	3839
1946	2935
1946	3417
1946	2559
1938	2536
1938	3173
1938	3342
1938	2698
1938	3226
1938	2845
1938	3277
1938	2837
1938	3229
1938	2951
1938	2701
1938	3226
1938	2826
1938	3738
1938	2961
1938	3687
1938	2923
1938	3754
1938	3172
1938	2725
1938	3314
1938	3390
1938	3934
1938	2987
1938	3408
1938	2893
1938	3641
1938	3574
1938	3193
1938	3450
1938	3148
1938	2946
1938	4018
1938	3541
1938	2499
1937	2500
1912	3046
1912	2798
1912	2980
1912	2709
1912	2796
1912	2830
1912	2868
1912	3224
1912	2983
1912	3043
1912	2805
1912	2600
1912	2550
1912	2391
1912	2897
1912	2733
1912	3557
1912	3047
1912	2991
1912	3605
1912	3286
1912	3119
1912	3409
1912	3111
1912	3484
1912	2537
1912	2892
1912	2646
1912	2773
1912	2912
1912	3389
1912	3468
1912	2986
1912	3067
1912	3046
1912	3552
1912	2677
1912	2880
1912	2667
1912	2430
1912	3306
1912	2361
1912	2958
1912	2921
1912	2586
1912	2803
1912	2749
1912	2810
1912	2796
1912	3340

melhor e media
2391	5153
2264	3163
2194	3199
2076	2955
2065	3090
2035	2784
2017	2911
2005	2808
2005	2603
2005	2822
2005	2860
2005	3328
2005	2959
2005	2724
2005	2735
2005	2541
2005	3165
2005	3100
2005	2540
2005	2739
2005	2691
2005	2662
2005	2491
2005	2892
2005	2793
2005	2607
2005	2635
2005	3051
2005	2428
2005	2736
2005	2361
2005	2473
2005	2895
2005	2769
2005	2597
2005	2480
1825	2156
1825	2606
1825	2610
1825	2801
1825	2466
1825	2759
1825	3469
1825	2974
1825	2810
1825	2825
1825	2958
1825	2743
1825	2687
1825	2662
1825	2581
1825	2611
1825	2617
1825	2478
1825	2817
1825	2670
1825	2679
1825	2516
1825	2663
1825	2907
1825	2604
1825	2604
1825	2690
1825	2738
1825	2619
1825	2644
1825	2655
1825	2721
1825	2692
1825	2678
1825	2994
1825	3087
1825	2649
1825	2562
1825	2861
1825	2728
1825	2557
1825	2641
1825	2478
1825	2626
1825	2710
1825	2619
1825	2307
1825	2465
1825	2910
1825	2629
1825	2624
1825	2610
1825	2794
1825	2718
1825	2531
1825	2514
1825	2766
1825	2722
1825	2230
1825	2763
1825	2640
1825	2749
1825	2917
1825	2770

melhor e media
2333	4896
2270	4360
2270	3831
2270	3135
2270	3214
2207	3443
2171	2673
2159	2990
2105	2699
2105	2791
2036	2792
1736	2129
1736	2752
1736	2843
1736	2736
1736	2569
1736	2957
1736	2510
1736	2464
1736	2784
1736	3036
1736	2665
1736	2726
1736	2557
1736	2771
1736	2150
1736	2988
1736	2611
1736	3006
1736	2747
1736	2840
1736	2934
1736	2774
1736	2770
1736	3099
1736	2839
1736	2650
1736	2512
1736	2556
1736	2764
1736	3043
1736	2814
1736	2736
1736	2792
1736	2772
1736	2490
1736	2585
1736	2833
1736	2747
1736	2549
1736	2713
1736	3019
1736	2887
1736	3020
1736	2862
1736	2835
1736	2645
1736	2650
1736	2589
1736	2745
1736	2833
1736	2427
1736	2650
1736	2562
1736	2833
1736	2494
1736	2916
1736	2899
1736	2364
1736	2862
1736	3047
1736	2488
1736	2714
1736	2865
1736	2789
1736	2501
1736	2482
1736	2642
1736	2893
1736	3103
1736	3222
1736	2748
1736	2495
1736	2909
1736	2728
1736	2995
1736	2637
1736	2515
1736	2489
1736	2578
1736	2525
1736	2761
1736	2843
1736	2894
1736	2662
1736	3153
1736	2645
1736	2772
1736	3101
1736	2559

melhor e media
2449	4026
2208	3115
2113	3111
2057	2935
2027	2740
2000	2877
2000	2829
2000	3017
2000	2966
2000	3241
2000	3060
2000	3454
2000	3067
2000	2831
2000	3016
2000	3048
2000	2983
2000	3211
2000	2915
2000	3003
1990	3119
1990	3218
1990	3329
1990	2764
1990	2505
1990	2788
1990	2698
1990	2756
1990	3101
1990	2791
1960	2865
1960	2987
1960	2737
1960	2670
1960	2719
1960	2886
1960	2936
1960	2873
1960	3089
1960	2853
1960	2847
1960	2820
1960	2627
1960	3190
1960	3089
1960	2850
1960	2676
1960	2674
1960	2549
1960	2796
1960	3133
1960	3003
1960	3093
1960	2907
1960	3029
1960	3188
1960	2865
1960	2886
1960	2944
1960	2943
1960	2529
1960	2503
1960	2831
1960	3184
1960	2837
1960	2834
1960	2737
1960	2855
1960	3219
1960	2948
1960	3273
1960	2739
1960	3030
1960	2850
1960	3279
1960	2833
1960	2806
1960	2882
1960	2744
1960	2669
1960	2850
1960	3085
1960	2824
1960	2716
1960	2973
1960	2654
1960	2813
1960	2744
1960	2921
1960	3164
1960	2722
1960	2887
1960	2793
1960	3114
1960	2614
1960	2959
1960	2869
1960	2759
1960	2809
1960	3046

melhor e media
2249	4196
2249	3245
2249	3182
2249	2766
2249	2800
2249	2851
2249	2801
2249	2822
2105	2676
2105	3215
2105	2745
2105	2866
2105	3055
2105	2924
2105	2890
2105	2814
2105	3605
2105	2967
2105	2826
2105	2705
2105	3126
2059	3073
2055	3023
2015	2648
2015	2797
2007	2648
1924	2546
1915	5620
1912	3772
1912	3514
1912	3284
1912	3209
1912	3373
1912	3150
1912	2933
1912	2486
1912	2704
1912	2835
1912	2824
1912	3019
1912	3911
1912	3397
1912	3109
1912	2722
1912	3004
1912	3256
1912	2911
1912	3242
1912	3411
1912	2858
1912	2855
1912	3295
1912	3861
1912	3429
1912	3523
1912	3549
1912	3540
1912	3145
1912	2820
1912	2826
1912	2913
1912	2941
1912	3201
1912	3340
1912	3212
1912	3471
1912	3203
1912	3209
1912	2992
1912	3187
1912	2746
1912	3051
1912	3085
1912	2712
1912	3292
1912	3619
1912	2809
1912	3358
1912	3386
1912	3207
1912	3142
1912	3157
1912	3710
1912	3171
1912	2763
1912	2882
1912	2755
1912	2793
1912	3262
1912	2859
1912	3357
1912	2711
1912	3218
1912	3207
1912	2887
1912	3076
1912	2743
1912	2959
1912	3116
1912	3486

melhor e media
2212	4369
1948	3478
1930	3548
1924	3368
1915	2817
1912	2475
1912	3039
1912	2755
1912	2996
1912	3044
1912	2966
1912	2939
1912	2882
1912	2936
1912	2906
1912	2774
1912	2657
1912	2890
1912	2465
1912	2934
1912	2823
1912	3233
1912	3215
1912	2779
1912	2451
1912	3271
1912	3199
1912	3057
1912	3341
1912	2783
1912	2919
1912	2647
1912	2721
1912	2855
1912	3040
1912	3606
1912	3465
1912	2616
1912	2857
1912	3290
1912	3174
1912	2892
1912	3304
1912	3207
1912	3091
1912	3271
1912	2831
1912	3168
1912	3215
1912	3123
1912	2872
1912	3810
1912	3236
1912	3516
1912	3125
1912	3216
1912	3270
1912	3487
1912	2648
1912	3384
1912	3077
1912	3432
1912	3736
1912	2870
1912	2879
1912	2849
1912	3113
1912	3248
1912	3308
1912	3498
1912	3121
1912	2850
1912	3197
1912	3280
1912	3014
1912	3271
1912	3231
1912	2968
1912	3522
1912	3566
1912	2333
1912	2620
1912	2872
1912	2910
1912	3087
1912	3278
1912	3535
1912	2763
1912	2889
1912	3254
1912	3129
1912	3718
1912	3206
1912	2581
1912	2821
1912	3506
1912	2722
1912	2541
1912	2864
1912	3331

melhor e media
2278	4862
2116	4481
1928	3867
1924	2898
1914	2667
1914	2401
1914	3344
1914	3386
1914	3087
1914	3135
1914	2877
1914	3213
1913	3144
1912	3044
1912	2623
1912	2744
1912	3626
1912	3006
1912	2855
1912	2970
1912	3045
1912	2620
1912	3892
1912	3284
1912	2927
1912	3681
1912	3303
1912	4043
1912	3504
1912	3410
1912	3404
1912	3612
1912	3247
1912	2902
1912	2880
1912	2925
1912	3617
1912	3473
1912	3698
1912	3321
1912	3200
1912	2890
1912	3129
1912	3130
1912	3104
1912	2870
1912	2347
1912	2860
1912	3217
1912	2754
1912	2872
1912	2382
1912	2619
1912	2812
1912	2867
1912	3198
1912	2657
1912	2700
1912	2801
1912	3180
1912	2680
1912	2976
1912	3152
1912	2818
1912	2918
1912	3481
1912	3020
1912	3188
1912	3102
1912	3400
1912	3570
1912	2902
1912	2809
1912	2775
1912	2907
1912	3248
1912	3424
1912	3426
1912	2905
1912	3163
1912	3081
1912	3086
1912	2429
1912	2689
1912	2842
1912	3120
1912	3039
1912	2789
1912	2863
1912	3181
1912	2898
1912	2370
1912	2967
1912	3226
1912	2927
1912	3071
1912	2538
1912	3251
1912	2388
1912	2466

