melhor e media

1551	2421
1551	1921
1551	1920
1551	1743
1551	1752
1551	1721
1551	1779
1543	1793
1543	1715
1543	1874
1543	1822
1543	1732
1543	1944
1543	1784
1543	1842
1543	1795
1543	1801
1543	1680
1543	1810
1543	1728
1543	1861
1543	1934
1543	1764
1543	1681
1543	1725
1543	1745
1543	1684
1543	1847
1543	1716
1543	1774
1543	1914
1543	1829
1543	1925
1543	1874
1543	1982
1543	1778
1543	1765
1543	1809
1543	1860
1543	1754
1543	1831
1543	1807
1543	1733
1543	1704
1543	1686
1543	1787
1543	1858
1543	1836
1543	1856
1543	1871
1543	1843
1543	1751
1543	1821
1543	1779
1543	1804
1543	1778
1543	1817
1543	1683
1543	1747
1543	1810
1543	1742
1543	1777
1543	1751
1543	1739
1543	1712
1543	1807
1543	1735
1543	1923
1543	1786
1543	1808
1543	1925
1543	1853
1543	1769
1543	1676
1543	1717
1543	2030
1543	1926
1543	1911
1543	1767
1543	1742
1543	1774
1543	1816
1543	1847
1543	1972
1543	2027
1543	1780
1543	1723
1543	1780
1543	1734
1543	1796
1543	1874
1543	1813
1543	1861
1543	1776
1543	1797
1543	1821
1543	1821
1543	1786
1543	1769
1543	1704

melhor e media

1555	2432
1543	1876
1543	1935
1543	1789
1543	1728
1543	1754
1543	1831
1543	1877
1543	1811
1543	1798
1543	1936
1543	1811
1543	1768
1543	1889
1543	1898
1543	1858
1543	1861
1543	1756
1543	1882
1543	1846
1543	1712
1543	1653
1543	1789
1543	1807
1543	1979
1543	1780
1543	1758
1543	1845
1543	1971
1543	1804
1543	1738
1543	1817
1543	1924
1543	1811
1543	1824
1543	1939
1543	1692
1543	1805
1543	1751
1543	1755
1543	1798
1543	1741
1543	1706
1543	1773
1543	1752
1543	1704
1543	1715
1543	1757
1543	1833
1543	1971
1543	1914
1543	1776
1543	1639
1543	1746
1543	1818
1543	1741
1543	1803
1543	1757
1543	1928
1543	1731
1543	1903
1543	1956
1543	1894
1543	1805
1543	1823
1543	1892
1543	1830
1543	1891
1543	1851
1543	1880
1543	1844
1543	1860
1543	1781
1543	1712
1543	1787
1543	1694
1543	1702
1543	1734
1543	1762
1543	1858
1543	1883
1543	1767
1543	1813
1543	1715
1543	1705
1543	1775
1543	1948
1543	1776
1543	1741
1543	1762
1543	1728
1543	1778
1543	1821
1543	1835
1543	1841
1543	1852
1543	1783
1543	1809
1543	1901
1543	1726

melhor e media

1551	2547
1551	1945
1551	1769
1551	1777
1551	1771
1551	1680
1551	1654
1551	1643
1551	1719
1551	1744
1551	1825
1543	1750
1543	1798
1543	1752
1543	1767
1543	1692
1543	1790
1543	1693
1543	1763
1543	1736
1543	1715
1543	1719
1543	1806
1543	1854
1543	1763
1543	1954
1543	1861
1543	1938
1543	1719
1543	1811
1543	1728
1543	1676
1543	1711
1543	1759
1543	1692
1543	1743
1543	1741
1543	1814
1543	1762
1543	1800
1543	1868
1543	1701
1543	1811
1543	1785
1543	1757
1543	1775
1543	1721
1543	1908
1543	1912
1543	1889
1543	1719
1543	1777
1543	1826
1543	1701
1543	1785
1543	1834
1543	1842
1543	1857
1543	1868
1543	1947
1543	1863
1543	1864
1543	1881
1543	1726
1543	1877
1543	1748
1543	1690
1543	1844
1543	1828
1543	1838
1543	1821
1543	1740
1543	1909
1543	1940
1543	1694
1543	1697
1543	1781
1543	1714
1543	1790
1543	1806
1543	1796
1543	1871
1543	1891
1543	1795
1543	1746
1543	1761
1543	1683
1543	1686
1543	1845
1543	1815
1543	1725
1543	1781
1543	1735
1543	1752
1543	1855
1543	1841
1543	1799
1543	1911
1543	1852
1543	1684

melhor e media

1674	2439
1594	1962
1594	1813
1555	1775
1555	1820
1555	1755
1543	1754
1543	1734
1543	1714
1543	1838
1543	1768
1543	1831
1543	1798
1543	1741
1543	1777
1543	1785
1543	1817
1543	1758
1543	1783
1543	1746
1543	1752
1543	1792
1543	1761
1543	1760
1543	1844
1543	1736
1543	1706
1543	1751
1543	1770
1543	1882
1543	1850
1543	1740
1543	1651
1543	1743
1543	1710
1543	1831
1543	1669
1543	1734
1543	1735
1543	1732
1543	1803
1543	1738
1543	1760
1543	1757
1543	1709
1543	1767
1543	1733
1543	1759
1543	1794
1543	1829
1543	1769
1543	1869
1543	1804
1543	1743
1543	1760
1543	1800
1543	1731
1543	1776
1543	1838
1543	1789
1543	1862
1543	1730
1543	1661
1543	1762
1543	1772
1543	1802
1543	1749
1543	1741
1543	1846
1543	1777
1543	1742
1543	1848
1543	1809
1543	1760
1543	1941
1543	1818
1543	1804
1543	1710
1543	1693
1543	1664
1543	1675
1543	1708
1543	1693
1543	1745
1543	1764
1543	1811
1543	1767
1543	1871
1543	1809
1543	1842
1543	1862
1543	1774
1543	1887
1543	1829
1543	1815
1543	1710
1543	1749
1543	1799
1543	1851
1543	1798

melhor e media

1640	2410
1551	2053
1543	1950
1543	1865
1543	1810
1543	1806
1543	1836
1543	1839
1543	1746
1543	1910
1543	1813
1543	1821
1543	1818
1543	1692
1543	1710
1543	1664
1543	1700
1543	1878
1543	1788
1543	1739
1543	1795
1543	1832
1543	1634
1543	1776
1543	1757
1543	1771
1543	1773
1543	1824
1543	1761
1543	1780
1543	1813
1543	1732
1543	1844
1543	1837
1543	1804
1543	1813
1543	1867
1543	1765
1543	1855
1543	1774
1543	1756
1543	1811
1543	1707
1543	1804
1543	1702
1543	1772
1543	1681
1543	1857
1543	1747
1543	1849
1543	1904
1543	1765
1543	1716
1543	1786
1543	1806
1543	1736
1543	1713
1543	1727
1543	1778
1543	1882
1543	1833
1543	1780
1543	1832
1543	1720
1543	1688
1543	1813
1543	1762
1543	1758
1543	1788
1543	1953
1543	1865
1543	1950
1543	1905
1543	1768
1543	1738
1543	1678
1543	1848
1543	1784
1543	1910
1543	1883
1543	1860
1543	1927
1543	1849
1543	1733
1543	1779
1543	1797
1543	1789
1543	1776
1543	1748
1543	1794
1543	1859
1543	1952
1543	1952
1543	1772
1543	1766
1543	1742
1543	1732
1543	1740
1543	1761
1543	1911

melhor e media

1625	2424
1551	1960
1551	2009
1551	1859
1551	1888
1551	1663
1551	1743
1551	1732
1543	1737
1543	1780
1543	1759
1543	1727
1543	1810
1543	1728
1543	1834
1543	1757
1543	1826
1543	1807
1543	1844
1543	1699
1543	1784
1543	1687
1543	1772
1543	1758
1543	1732
1543	1757
1543	1739
1543	1825
1543	1777
1543	1855
1543	1815
1543	1843
1543	1791
1543	1780
1543	1837
1543	1754
1543	1760
1543	1733
1543	1791
1543	1843
1543	1864
1543	1743
1543	1755
1543	1876
1543	1804
1543	1813
1543	1922
1543	1835
1543	1810
1543	1780
1543	1802
1543	1733
1543	1830
1543	1771
1543	1703
1543	1736
1543	1795
1543	1727
1543	1802
1543	1657
1543	1744
1543	1697
1543	1740
1543	1743
1543	1750
1543	1700
1543	1763
1543	1727
1543	1774
1543	1821
1543	1837
1543	1708
1543	1770
1543	1776
1543	1743
1543	1766
1543	1782
1543	1744
1543	1730
1543	1695
1543	1803
1543	1716
1543	1802
1543	1811
1543	1846
1543	1852
1543	1816
1543	1744
1543	1928
1543	1851
1543	1807
1543	1756
1543	1822
1543	1869
1543	1719
1543	1686
1543	1780
1543	1885
1543	1687
1543	1711

melhor e media

1614	2478
1614	1942
1551	1862
1551	1816
1551	1778
1551	1740
1543	1681
1543	1801
1543	1736
1543	1709
1543	1781
1543	1771
1543	1728
1543	1730
1543	1853
1543	1834
1543	1717
1543	1704
1543	1673
1543	1721
1543	1771
1543	1717
1543	1678
1543	1754
1543	1718
1543	1765
1543	1842
1543	1843
1543	1861
1543	1691
1543	1739
1543	1728
1543	1753
1543	1655
1543	1765
1543	1846
1543	1802
1543	1804
1543	1705
1543	1742
1543	1752
1543	1700
1543	1712
1543	1905
1543	1814
1543	1724
1543	1737
1543	1805
1543	1805
1543	1810
1543	1853
1543	1768
1543	1953
1543	1873
1543	1768
1543	1909
1543	1776
1543	1883
1543	1789
1543	1823
1543	1804
1543	1778
1543	1789
1543	1854
1543	1857
1543	1880
1543	1842
1543	1802
1543	1767
1543	1709
1543	1793
1543	1753
1543	1715
1543	1698
1543	1737
1543	1925
1543	1816
1543	1710
1543	1720
1543	1766
1543	1816
1543	1795
1543	1759
1543	1839
1543	1827
1543	1887
1543	1739
1543	1784
1543	1800
1543	1774
1543	1807
1543	1720
1543	1705
1543	1862
1543	1730
1543	1805
1543	1924
1543	1890
1543	1760
1543	1896

melhor e media

1551	2369
1551	1979
1551	1771
1551	1747
1551	1737
1551	1717
1551	1737
1551	1878
1551	1674
1551	1758
1551	1756
1551	1750
1551	1777
1551	1751
1551	1713
1551	1747
1551	1795
1551	1777
1551	1745
1551	1712
1551	1664
1551	1719
1551	1723
1551	1755
1551	1742
1551	1716
1551	1640
1551	1691
1551	1752
1551	1777
1551	1744
1551	1805
1551	1859
1551	1736
1551	1830
1551	1715
1551	1782
1551	1869
1551	1827
1551	1718
1551	1746
1551	1813
1551	1677
1543	1705
1543	1823
1543	1841
1543	1725
1543	1756
1543	1843
1543	1984
1543	1863
1543	1696
1543	1752
1543	1840
1543	1739
1543	1711
1543	1692
1543	1734
1543	1910
1543	1906
1543	1832
1543	1818
1543	1777
1543	1834
1543	1755
1543	1844
1543	1797
1543	1882
1543	1823
1543	1745
1543	1867
1543	1868
1543	1874
1543	1743
1543	1721
1543	1803
1543	1823
1543	1771
1543	1768
1543	1767
1543	1802
1543	1908
1543	1726
1543	1814
1543	1817
1543	1889
1543	1917
1543	1868
1543	1782
1543	1867
1543	1805
1543	1814
1543	1881
1543	1747
1543	1678
1543	1768
1543	1762
1543	1819
1543	1842
1543	1790

melhor e media

1601	2400
1601	2149
1601	1942
1601	1871
1601	1769
1601	1746
1601	1753
1601	1849
1601	1803
1601	1759
1601	1900
1601	1882
1601	1830
1601	1823
1596	1792
1589	1830
1589	1837
1589	1814
1589	1848
1589	1777
1569	1711
1569	1777
1569	1933
1569	1828
1569	1815
1569	1838
1569	1836
1569	1779
1569	1785
1569	1828
1569	1761
1569	1750
1569	1808
1569	1749
1569	1759
1569	1802
1569	1775
1569	1793
1569	1888
1569	1800
1569	1777
1569	1781
1569	1780
1569	1706
1569	1717
1569	1729
1569	1742
1569	1767
1569	1772
1569	1784
1569	1772
1569	1797
1569	1780
1569	1772
1569	1721
1569	1752
1569	1741
1569	1768
1569	1762
1569	1752
1569	1859
1569	1800
1569	1821
1569	1856
1569	1804
1569	1736
1569	1811
1569	1784
1569	1772
1569	1822
1569	1802
1569	1730
1569	1832
1569	1778
1569	1739
1569	1877
1569	1813
1569	1873
1569	1840
1569	1780
1569	1799
1569	1812
1569	1734
1569	1749
1569	1777
1569	1822
1569	1870
1569	1782
1569	1820
1569	1726
1569	1719
1569	1777
1569	1785
1569	1771
1569	1753
1569	1853
1569	1785
1569	1784
1569	1787
1569	1754

melhor e media

1603	2427
1551	1932
1551	1888
1551	1887
1551	1776
1551	1782
1551	1719
1551	1654
1551	1686
1543	1795
1543	1791
1543	1746
1543	1722
1543	1668
1543	1704
1543	1862
1543	1832
1543	1827
1543	1824
1543	1907
1543	1877
1543	1845
1543	1786
1543	1762
1543	1832
1543	1783
1543	1947
1543	1792
1543	1930
1543	1842
1543	1824
1543	1819
1543	1688
1543	1666
1543	1865
1543	1785
1543	1719
1543	1750
1543	1753
1543	1816
1543	1890
1543	1863
1543	1809
1543	1731
1543	1761
1543	1808
1543	1691
1543	1728
1543	1848
1543	1755
1543	1753
1543	1848
1543	1809
1543	1867
1543	1867
1543	1737
1543	1791
1543	1756
1543	1705
1543	1726
1543	1865
1543	1890
1543	1787
1543	1681
1543	1787
1543	1786
1543	1856
1543	1835
1543	1772
1543	1703
1543	1728
1543	1695
1543	1879
1543	1872
1543	1798
1543	1803
1543	1872
1543	1858
1543	1727
1543	1714
1543	1744
1543	1901
1543	1844
1543	1848
1543	1887
1543	1894
1543	1763
1543	1765
1543	1842
1543	1794
1543	1775
1543	1826
1543	1819
1543	1761
1543	1741
1543	1643
1543	1715
1543	1740
1543	1813
1543	1771

melhor e media

1635	2421
1589	1946
1589	1902
1589	2061
1589	1935
1589	1828
1589	1721
1589	1831
1589	1861
1589	1892
1589	1877
1589	1738
1589	1830
1589	1776
1589	1850
1551	1857
1551	1848
1551	1903
1551	1858
1551	1735
1551	1733
1551	1769
1551	1827
1551	1650
1551	1744
1551	1675
1551	1666
1551	1682
1551	1725
1551	1748
1551	1732
1551	1682
1551	1838
1551	1820
1551	1750
1543	1727
1543	1686
1543	1863
1543	1819
1543	1859
1543	1824
1543	1814
1543	1854
1543	1851
1543	1730
1543	1815
1543	1922
1543	1759
1543	1763
1543	1823
1543	1785
1543	1937
1543	1833
1543	1786
1543	1845
1543	1800
1543	1776
1543	1682
1543	1705
1543	1693
1543	1861
1543	1743
1543	1756
1543	1807
1543	1754
1543	1720
1543	1842
1543	1916
1543	1841
1543	1827
1543	1794
1543	1820
1543	1801
1543	1837
1543	1808
1543	1878
1543	1789
1543	1798
1543	1792
1543	1697
1543	1780
1543	1996
1543	1802
1543	1938
1543	1883
1543	1799
1543	1746
1543	1899
1543	1846
1543	1956
1543	1934
1543	1771
1543	1778
1543	1740
1543	1927
1543	1878
1543	1807
1543	1838
1543	1929
1543	1827

melhor e media

1601	2491
1589	1971
1551	1775
1551	1848
1551	1750
1551	1765
1551	1742
1551	1753
1551	1683
1551	1735
1551	1761
1551	1744
1551	1669
1551	1644
1551	1756
1551	1694
1543	1642
1543	1793
1543	1701
1543	1699
1543	1852
1543	1772
1543	1832
1543	1847
1543	1865
1543	1842
1543	1759
1543	1753
1543	1652
1543	1671
1543	1707
1543	1785
1543	1877
1543	1772
1543	1769
1543	1764
1543	1758
1543	1818
1543	1791
1543	1802
1543	1806
1543	1805
1543	1734
1543	1798
1543	1707
1543	1777
1543	1746
1543	1766
1543	1767
1543	1738
1543	1735
1543	1752
1543	1775
1543	1848
1543	1900
1543	1773
1543	1861
1543	1702
1543	1745
1543	1822
1543	1971
1543	1838
1543	1869
1543	1771
1543	1725
1543	1789
1543	1852
1543	1796
1543	1782
1543	1821
1543	1795
1543	1860
1543	1831
1543	1822
1543	1856
1543	1797
1543	1736
1543	1794
1543	1696
1543	1692
1543	1639
1543	1753
1543	1697
1543	1751
1543	1820
1543	1801
1543	1807
1543	1769
1543	1747
1543	1701
1543	1753
1543	1744
1543	1750
1543	1828
1543	1787
1543	1788
1543	1700
1543	1787
1543	1771
1543	1798

melhor e media

1551	2471
1551	1963
1551	1860
1551	1922
1551	1769
1551	1766
1551	1792
1551	1673
1551	1709
1551	1808
1551	1821
1551	1751
1551	1767
1551	1736
1551	1705
1551	1717
1551	1844
1551	1691
1551	1794
1551	1734
1551	1666
1551	1730
1551	1813
1551	1834
1551	1848
1551	1754
1551	1742
1551	1740
1551	1816
1551	1728
1551	1815
1551	1729
1551	1728
1551	1759
1551	1770
1551	1776
1551	1645
1551	1650
1551	1653
1551	1653
1551	1681
1551	1742
1551	1718
1543	1736
1543	1753
1543	1868
1543	1856
1543	1756
1543	1774
1543	1801
1543	1647
1543	1801
1543	1725
1543	1730
1543	1675
1543	1746
1543	1754
1543	1763
1543	1807
1543	1673
1543	1741
1543	1804
1543	1805
1543	1786
1543	1836
1543	1844
1543	1852
1543	1809
1543	1697
1543	1832
1543	1758
1543	1697
1543	1805
1543	1778
1543	1723
1543	1727
1543	1749
1543	1913
1543	1758
1543	1860
1543	1772
1543	1791
1543	1640
1543	1840
1543	1857
1543	1703
1543	1701
1543	1856
1543	1892
1543	1835
1543	1786
1543	1789
1543	1898
1543	1835
1543	1719
1543	1764
1543	1852
1543	1834
1543	1861
1543	1715

melhor e media

1551	2377
1543	1922
1543	1789
1543	1737
1543	1889
1543	1814
1543	1900
1543	1808
1543	1837
1543	1815
1543	1773
1543	1817
1543	1745
1543	1774
1543	1742
1543	1729
1543	1795
1543	1695
1543	1753
1543	1743
1543	1756
1543	1682
1543	1807
1543	1994
1543	1823
1543	1751
1543	1787
1543	1849
1543	1793
1543	1767
1543	1884
1543	1799
1543	1863
1543	1839
1543	1917
1543	1761
1543	1841
1543	1804
1543	1754
1543	1775
1543	1853
1543	1755
1543	1734
1543	1645
1543	1719
1543	1727
1543	1752
1543	1688
1543	1786
1543	1761
1543	1642
1543	1755
1543	1834
1543	1837
1543	1688
1543	1879
1543	1790
1543	1805
1543	1715
1543	1724
1543	1846
1543	1752
1543	1778
1543	1851
1543	1724
1543	1770
1543	1779
1543	1937
1543	1875
1543	1835
1543	1723
1543	1726
1543	1807
1543	1807
1543	1738
1543	1863
1543	1824
1543	1772
1543	1760
1543	1857
1543	1753
1543	1737
1543	1832
1543	1828
1543	1752
1543	1625
1543	1647
1543	1790
1543	1812
1543	1834
1543	1766
1543	1760
1543	1754
1543	1900
1543	1795
1543	1832
1543	1902
1543	1949
1543	1832
1543	1776

melhor e media

1579	2562
1579	1971
1579	1926
1579	1840
1579	1775
1569	1738
1569	1788
1569	1764
1569	1746
1569	1706
1569	1719
1569	1749
1569	1658
1569	1668
1569	1697
1569	1736
1569	1763
1569	1734
1569	1731
1569	1709
1555	1743
1551	1757
1543	1801
1543	1779
1543	1809
1543	1711
1543	1824
1543	1841
1543	1944
1543	1762
1543	1659
1543	1749
1543	1754
1543	1891
1543	1748
1543	1754
1543	1787
1543	1890
1543	1983
1543	1781
1543	1736
1543	1740
1543	1661
1543	1901
1543	1755
1543	1839
1543	1720
1543	1737
1543	1809
1543	1824
1543	1835
1543	1708
1543	1786
1543	1772
1543	1709
1543	1777
1543	1771
1543	1860
1543	1737
1543	1863
1543	1770
1543	1753
1543	1729
1543	1647
1543	1850
1543	1810
1543	1879
1543	1865
1543	1850
1543	1844
1543	1779
1543	1733
1543	1740
1543	1791
1543	1781
1543	1730
1543	1749
1543	1743
1543	1690
1543	1662
1543	1727
1543	1852
1543	1874
1543	1726
1543	1860
1543	1739
1543	1774
1543	1865
1543	1815
1543	1793
1543	1760
1543	1755
1543	1706
1543	1860
1543	1718
1543	1844
1543	1871
1543	1831
1543	1825
1543	1873

melhor e media

1594	2369
1589	1912
1589	2070
1589	2133
1589	1911
1589	1911
1589	2064
1589	2013
1589	2018
1589	1749
1551	1721
1551	1686
1551	1661
1551	1712
1551	1792
1543	1781
1543	1711
1543	1814
1543	1794
1543	1849
1543	1752
1543	1847
1543	1696
1543	1777
1543	1767
1543	1723
1543	1778
1543	1793
1543	1695
1543	1705
1543	1678
1543	1861
1543	1724
1543	1712
1543	1816
1543	1751
1543	1848
1543	1766
1543	1714
1543	1658
1543	1729
1543	1690
1543	1702
1543	1803
1543	1739
1543	1739
1543	1743
1543	1927
1543	1734
1543	1885
1543	1791
1543	1820
1543	1716
1543	1810
1543	1869
1543	1903
1543	1886
1543	1971
1543	1735
1543	1784
1543	1908
1543	1717
1543	1680
1543	1822
1543	1849
1543	1799
1543	1692
1543	1738
1543	1761
1543	1855
1543	1776
1543	1756
1543	1725
1543	1800
1543	1708
1543	1772
1543	1795
1543	1735
1543	1769
1543	1873
1543	1691
1543	1686
1543	1669
1543	1733
1543	1772
1543	1753
1543	1839
1543	1753
1543	1725
1543	1663
1543	1782
1543	1790
1543	1776
1543	1852
1543	1703
1543	1739
1543	1792
1543	1843
1543	1755
1543	1989

melhor e media

1596	2381
1551	1990
1551	1801
1551	1834
1551	1726
1551	1825
1551	1773
1543	1735
1543	1756
1543	1633
1543	1741
1543	1681
1543	1705
1543	1702
1543	1765
1543	1782
1543	1826
1543	1851
1543	1813
1543	1796
1543	1818
1543	1770
1543	1838
1543	1803
1543	1803
1543	1711
1543	1644
1543	1683
1543	1741
1543	1746
1543	1735
1543	1695
1543	1807
1543	1757
1543	1691
1543	1765
1543	1783
1543	1829
1543	1717
1543	1748
1543	1878
1543	1791
1543	1809
1543	1794
1543	1797
1543	1875
1543	1745
1543	1734
1543	1717
1543	1639
1543	1761
1543	1828
1543	1686
1543	1754
1543	1763
1543	1711
1543	1688
1543	1689
1543	1656
1543	1706
1543	1752
1543	1737
1543	1811
1543	1845
1543	1882
1543	1881
1543	1823
1543	1799
1543	1770
1543	1774
1543	1770
1543	1852
1543	1772
1543	1710
1543	1766
1543	1869
1543	1910
1543	1766
1543	1801
1543	1912
1543	1683
1543	1880
1543	1812
1543	1781
1543	1717
1543	1792
1543	1749
1543	1837
1543	1754
1543	1839
1543	1711
1543	1757
1543	1704
1543	1651
1543	1874
1543	1770
1543	1847
1543	1797
1543	1729
1543	1711

melhor e media

1551	2502
1551	1964
1543	1787
1543	1840
1543	1907
1543	1789
1543	1780
1543	1749
1543	1873
1543	1808
1543	1773
1543	1836
1543	1823
1543	1736
1543	1837
1543	1796
1543	1732
1543	1724
1543	1675
1543	1859
1543	1725
1543	1754
1543	1823
1543	1766
1543	1785
1543	1773
1543	1756
1543	1786
1543	1676
1543	1750
1543	1776
1543	1754
1543	1724
1543	1727
1543	1714
1543	1852
1543	1797
1543	1809
1543	1760
1543	1826
1543	1845
1543	1736
1543	1737
1543	1952
1543	1867
1543	1784
1543	1767
1543	1756
1543	1734
1543	1744
1543	1758
1543	1709
1543	1782
1543	1749
1543	1742
1543	1823
1543	1751
1543	1861
1543	1795
1543	1704
1543	1919
1543	1761
1543	1685
1543	1673
1543	1655
1543	1708
1543	1763
1543	1738
1543	1818
1543	1784
1543	1703
1543	1746
1543	1829
1543	1837
1543	1750
1543	1770
1543	1753
1543	1749
1543	1750
1543	1736
1543	1704
1543	1724
1543	1799
1543	1770
1543	1794
1543	1858
1543	1838
1543	1867
1543	1874
1543	1840
1543	1826
1543	1799
1543	1975
1543	1828
1543	1753
1543	1725
1543	1779
1543	1821
1543	1752
1543	1786

melhor e media

1553	2435
1551	2004
1551	1801
1551	1777
1551	1707
1551	1667
1551	1700
1551	1662
1551	1716
1551	1696
1551	1615
1551	1701
1543	1654
1543	1747
1543	1781
1543	1778
1543	1737
1543	1729
1543	1651
1543	1716
1543	1708
1543	1771
1543	1694
1543	1829
1543	1725
1543	1798
1543	1806
1543	1754
1543	1752
1543	1737
1543	1772
1543	1827
1543	1762
1543	1702
1543	1788
1543	1713
1543	1749
1543	1753
1543	1771
1543	1742
1543	1760
1543	1692
1543	1787
1543	1746
1543	1772
1543	1675
1543	1752
1543	1670
1543	1703
1543	1702
1543	1842
1543	1716
1543	1740
1543	1768
1543	1695
1543	1848
1543	1761
1543	1911
1543	1855
1543	1830
1543	1929
1543	1751
1543	1804
1543	1787
1543	1831
1543	1690
1543	1785
1543	1702
1543	1869
1543	1794
1543	1772
1543	1873
1543	1783
1543	1713
1543	1827
1543	1801
1543	1829
1543	1829
1543	1783
1543	1822
1543	1796
1543	1832
1543	1884
1543	1800
1543	1657
1543	1689
1543	1888
1543	1699
1543	1675
1543	1768
1543	1721
1543	1712
1543	1891
1543	1796
1543	1751
1543	1731
1543	1636
1543	1667
1543	1785
1543	1688

melhor e media

1602	2338
1563	1861
1563	1803
1563	1852
1551	1727
1551	1758
1551	1782
1551	1658
1551	1681
1551	1711
1551	1773
1551	1834
1543	1676
1543	1871
1543	1870
1543	1818
1543	1835
1543	1747
1543	1784
1543	1788
1543	1790
1543	1690
1543	1810
1543	1704
1543	1796
1543	1859
1543	1708
1543	1808
1543	1771
1543	1831
1543	1759
1543	1774
1543	1724
1543	1672
1543	1774
1543	1784
1543	1770
1543	1707
1543	1794
1543	1705
1543	1779
1543	1854
1543	1712
1543	1708
1543	1664
1543	1724
1543	1748
1543	1923
1543	1860
1543	1914
1543	1918
1543	1873
1543	1852
1543	1887
1543	1807
1543	1781
1543	1736
1543	1809
1543	1723
1543	1920
1543	1825
1543	1775
1543	1746
1543	1777
1543	1852
1543	1879
1543	1807
1543	1836
1543	1700
1543	1737
1543	1931
1543	1883
1543	1789
1543	1805
1543	1736
1543	1711
1543	1723
1543	1819
1543	1849
1543	1859
1543	1836
1543	1772
1543	1730
1543	1750
1543	1798
1543	1807
1543	1721
1543	1741
1543	1853
1543	1805
1543	1867
1543	1788
1543	1809
1543	1719
1543	1821
1543	1721
1543	1691
1543	1720
1543	1798
1543	1732

melhor e media

1616	2506
1611	1893
1602	1830
1589	1727
1589	1936
1589	1804
1589	1799
1589	1828
1589	1827
1589	1805
1589	1676
1589	1743
1589	1770
1551	1833
1551	1805
1551	1840
1551	1880
1551	1730
1551	1622
1551	1660
1551	1680
1551	1744
1551	1671
1551	1778
1551	1766
1551	1790
1551	1643
1551	1678
1551	1705
1543	1779
1543	1796
1543	1833
1543	1878
1543	1859
1543	1707
1543	1820
1543	1865
1543	1765
1543	1824
1543	1739
1543	1861
1543	1804
1543	1824
1543	1788
1543	1769
1543	1803
1543	1837
1543	1755
1543	1765
1543	1776
1543	1753
1543	1819
1543	1846
1543	1957
1543	1758
1543	1897
1543	1832
1543	1791
1543	1672
1543	1656
1543	1765
1543	1692
1543	1815
1543	1752
1543	1888
1543	1747
1543	1838
1543	1719
1543	1697
1543	1778
1543	1736
1543	1844
1543	1725
1543	1815
1543	1833
1543	1968
1543	1701
1543	1646
1543	1783
1543	1680
1543	1742
1543	1826
1543	1819
1543	1764
1543	1687
1543	1684
1543	1848
1543	1752
1543	1805
1543	1672
1543	1821
1543	1722
1543	1804
1543	1914
1543	1764
1543	1779
1543	1867
1543	1808
1543	1719
1543	1786

melhor e media

1601	2441
1551	2014
1551	1872
1551	1859
1551	1823
1551	1796
1551	1736
1551	1706
1543	1680
1543	1717
1543	1739
1543	1769
1543	1722
1543	1863
1543	1791
1543	1859
1543	1777
1543	1841
1543	1724
1543	1718
1543	1797
1543	1874
1543	1770
1543	1819
1543	1751
1543	1750
1543	1812
1543	1792
1543	1759
1543	1727
1543	1745
1543	1840
1543	1822
1543	1834
1543	1882
1543	1744
1543	1798
1543	1816
1543	1768
1543	1822
1543	1781
1543	1779
1543	1724
1543	1864
1543	1760
1543	1804
1543	1846
1543	1951
1543	1916
1543	1833
1543	1721
1543	1817
1543	1829
1543	1733
1543	1730
1543	1744
1543	1714
1543	1751
1543	1935
1543	1851
1543	1794
1543	1872
1543	1816
1543	1809
1543	1768
1543	1804
1543	1886
1543	1855
1543	1748
1543	1845
1543	1831
1543	1937
1543	1793
1543	1701
1543	1661
1543	1778
1543	1723
1543	1794
1543	1798
1543	1782
1543	1824
1543	1963
1543	1903
1543	1791
1543	1804
1543	1740
1543	1882
1543	1819
1543	1710
1543	1700
1543	1746
1543	1832
1543	1797
1543	1822
1543	1806
1543	1766
1543	1904
1543	1875
1543	1819
1543	1709

melhor e media

1635	2302
1551	1924
1551	1793
1551	1685
1551	1719
1551	1736
1543	1754
1543	1699
1543	1734
1543	1709
1543	1713
1543	1707
1543	1756
1543	1756
1543	1747
1543	1679
1543	1698
1543	1902
1543	1740
1543	1690
1543	1746
1543	1849
1543	1645
1543	1649
1543	1846
1543	1918
1543	1934
1543	1814
1543	1836
1543	1804
1543	1760
1543	1826
1543	1815
1543	1873
1543	1748
1543	1760
1543	1635
1543	1637
1543	1784
1543	1856
1543	1748
1543	1666
1543	1745
1543	1727
1543	1759
1543	1809
1543	1840
1543	1736
1543	1645
1543	1722
1543	1794
1543	1864
1543	1807
1543	1841
1543	1857
1543	1752
1543	1821
1543	1759
1543	1834
1543	1856
1543	1793
1543	1771
1543	1790
1543	1717
1543	1893
1543	1772
1543	1644
1543	1725
1543	1752
1543	1768
1543	1792
1543	1837
1543	1686
1543	1722
1543	1736
1543	1817
1543	1790
1543	1900
1543	1791
1543	1691
1543	1770
1543	1859
1543	1775
1543	1721
1543	1681
1543	1717
1543	1719
1543	1716
1543	1755
1543	1829
1543	1734
1543	1911
1543	1725
1543	1831
1543	1719
1543	1665
1543	1785
1543	1757
1543	1811
1543	1852

melhor e media

1551	2446
1551	1910
1551	1840
1551	1859
1551	1756
1543	1767
1543	1781
1543	1758
1543	1742
1543	1795
1543	1972
1543	1870
1543	1763
1543	1759
1543	1770
1543	1731
1543	1771
1543	1810
1543	1778
1543	1730
1543	1657
1543	1672
1543	1698
1543	1636
1543	1742
1543	1649
1543	1677
1543	1749
1543	1768
1543	1773
1543	1808
1543	1840
1543	1843
1543	1849
1543	1795
1543	1636
1543	1762
1543	1736
1543	1699
1543	1859
1543	1817
1543	1945
1543	1865
1543	1757
1543	1738
1543	1806
1543	1780
1543	1879
1543	1818
1543	1968
1543	1868
1543	1786
1543	1776
1543	1900
1543	1737
1543	1825
1543	1799
1543	1782
1543	1807
1543	1869
1543	1695
1543	1712
1543	1710
1543	1682
1543	1690
1543	1857
1543	1830
1543	1814
1543	1779
1543	1757
1543	1942
1543	1728
1543	1770
1543	1839
1543	1964
1543	1786
1543	1683
1543	1709
1543	1757
1543	1783
1543	1902
1543	1799
1543	1715
1543	1726
1543	1788
1543	1774
1543	1726
1543	1827
1543	1833
1543	1844
1543	1815
1543	1689
1543	1723
1543	1654
1543	1715
1543	1747
1543	1802
1543	1783
1543	1809
1543	1763

melhor e media

1583	2300
1551	2023
1551	1876
1551	1724
1551	1592
1551	1651
1551	1674
1551	1728
1551	1752
1551	1661
1551	1689
1551	1722
1551	1708
1551	1720
1551	1693
1551	1804
1551	1763
1551	1707
1551	1691
1543	1724
1543	1787
1543	1812
1543	1707
1543	1770
1543	1709
1543	1753
1543	1760
1543	1825
1543	1781
1543	1925
1543	1833
1543	1777
1543	1853
1543	1854
1543	1773
1543	1768
1543	1787
1543	1892
1543	1761
1543	1746
1543	1770
1543	1821
1543	1832
1543	1747
1543	1746
1543	1779
1543	1781
1543	1745
1543	1679
1543	1741
1543	1697
1543	1761
1543	1697
1543	1672
1543	1728
1543	1702
1543	1815
1543	1780
1543	1666
1543	1754
1543	1785
1543	1755
1543	1678
1543	1848
1543	1725
1543	1681
1543	1832
1543	1772
1543	1824
1543	1957
1543	1782
1543	1768
1543	1733
1543	1820
1543	1762
1543	1876
1543	1820
1543	1806
1543	1820
1543	1798
1543	1680
1543	1789
1543	1740
1543	1795
1543	1836
1543	1817
1543	1704
1543	1757
1543	1807
1543	1915
1543	1837
1543	1833
1543	1752
1543	1842
1543	1798
1543	1771
1543	1806
1543	1797
1543	1845
1543	1662

melhor e media

1640	2341
1569	2061
1569	1854
1569	1789
1569	1777
1569	1855
1569	1760
1569	1764
1569	1791
1569	1726
1569	1750
1569	1653
1569	1694
1569	1789
1563	1819
1563	1797
1551	1740
1543	1677
1543	1710
1543	1764
1543	1717
1543	1766
1543	1833
1543	1858
1543	1878
1543	1971
1543	1889
1543	1839
1543	1805
1543	1819
1543	1846
1543	1785
1543	1695
1543	1680
1543	1802
1543	1846
1543	1871
1543	1881
1543	1770
1543	1758
1543	1753
1543	1772
1543	1880
1543	1818
1543	1763
1543	1804
1543	1922
1543	1775
1543	1811
1543	1809
1543	1731
1543	1657
1543	1681
1543	1660
1543	1793
1543	1973
1543	1853
1543	1743
1543	1786
1543	1784
1543	1825
1543	1777
1543	1880
1543	1934
1543	1804
1543	1915
1543	1837
1543	1803
1543	1783
1543	1864
1543	1826
1543	1787
1543	1835
1543	1918
1543	1830
1543	1806
1543	1830
1543	1783
1543	1670
1543	1683
1543	1733
1543	1825
1543	1807
1543	1799
1543	1831
1543	1741
1543	1818
1543	1813
1543	1786
1543	1747
1543	1788
1543	1863
1543	1958
1543	1799
1543	1774
1543	1786
1543	1722
1543	1700
1543	1737
1543	1801

melhor e media

1551	2328
1551	1925
1551	1751
1551	1668
1551	1724
1551	1826
1551	1852
1543	1827
1543	1797
1543	1821
1543	1803
1543	1832
1543	1880
1543	1835
1543	1799
1543	1818
1543	1856
1543	1759
1543	1762
1543	1685
1543	1727
1543	1764
1543	1781
1543	1815
1543	1757
1543	1710
1543	1728
1543	1722
1543	1927
1543	1881
1543	1878
1543	1747
1543	1706
1543	1759
1543	1761
1543	1794
1543	1746
1543	1744
1543	1844
1543	1803
1543	1796
1543	1836
1543	1852
1543	1760
1543	1780
1543	1808
1543	1819
1543	1775
1543	1723
1543	1651
1543	1751
1543	1732
1543	1805
1543	1822
1543	1808
1543	1855
1543	1765
1543	1901
1543	1784
1543	1815
1543	1815
1543	1861
1543	1806
1543	1851
1543	1803
1543	1895
1543	1775
1543	1787
1543	1845
1543	1889
1543	1853
1543	1846
1543	1906
1543	1761
1543	1669
1543	1672
1543	1706
1543	1710
1543	1775
1543	1729
1543	1764
1543	1699
1543	1778
1543	1781
1543	1683
1543	1721
1543	1676
1543	1780
1543	1764
1543	1741
1543	1726
1543	1688
1543	1805
1543	1826
1543	1956
1543	1776
1543	1847
1543	1821
1543	1782
1543	1806

melhor e media

1607	2546
1607	2006
1607	1827
1569	1816
1569	1960
1569	1824
1569	1797
1569	1806
1569	1829
1569	1799
1569	1738
1569	1790
1569	1789
1569	1755
1569	1744
1569	1725
1569	1761
1569	1755
1569	1886
1569	1792
1569	1699
1569	1779
1569	1825
1569	1768
1569	1790
1569	1795
1569	1761
1569	1700
1569	1856
1569	1773
1569	1775
1569	1767
1569	1727
1569	1739
1569	1808
1569	1869
1569	1808
1569	1725
1569	1781
1569	1710
1569	1738
1569	1808
1569	1776
1569	1761
1569	1742
1569	1749
1569	1768
1569	1777
1566	1860
1566	1946
1559	1850
1559	1858
1559	1743
1559	1815
1559	1780
1559	1803
1559	1733
1559	1692
1559	1759
1559	1743
1559	1720
1559	1715
1559	1828
1559	1758
1559	1761
1559	1763
1559	1749
1559	1794
1559	1780
1559	1755
1559	1786
1559	1807
1559	1713
1559	1681
1559	1816
1559	1765
1559	1751
1559	1854
1559	1731
1559	1706
1559	1704
1559	1729
1559	1766
1559	1684
1559	1788
1559	1700
1559	1728
1559	1677
1559	1743
1559	1689
1559	1803
1559	1756
1559	1659
1559	1717
1559	1708
1559	1804
1559	1784
1559	1827
1559	1737
1559	1823

melhor e media

1589	2275
1589	1969
1551	1854
1551	1757
1551	1700
1551	1648
1551	1765
1551	1604
1551	1742
1551	1716
1551	1747
1543	1694
1543	1835
1543	1842
1543	1704
1543	1749
1543	1770
1543	1844
1543	1855
1543	1816
1543	1767
1543	1753
1543	1969
1543	1739
1543	1732
1543	1771
1543	1743
1543	1769
1543	1726
1543	1896
1543	1777
1543	1917
1543	1750
1543	1708
1543	1979
1543	1890
1543	1833
1543	1750
1543	1741
1543	1863
1543	2015
1543	1712
1543	1868
1543	1913
1543	1855
1543	1704
1543	1718
1543	1773
1543	1720
1543	1755
1543	1741
1543	1786
1543	1759
1543	1873
1543	1805
1543	1734
1543	1816
1543	1853
1543	1780
1543	1929
1543	1763
1543	1828
1543	1852
1543	1697
1543	1695
1543	1757
1543	1883
1543	1711
1543	1782
1543	1701
1543	1775
1543	1722
1543	1714
1543	1745
1543	1784
1543	1772
1543	1760
1543	1664
1543	1851
1543	1700
1543	1790
1543	1724
1543	1772
1543	1868
1543	1853
1543	1659
1543	1745
1543	1738
1543	1796
1543	1767
1543	1829
1543	1787
1543	1805
1543	1810
1543	1796
1543	1688
1543	1749
1543	1840
1543	1807
1543	1829

melhor e media

1640	2480
1589	1940
1569	1826
1569	1977
1569	1810
1569	1742
1569	1813
1569	1790
1569	1825
1569	1954
1569	1859
1569	1826
1569	1801
1569	1802
1569	1696
1566	1758
1566	1920
1559	1850
1559	1805
1559	1870
1559	1841
1559	1803
1559	1712
1559	1750
1559	1822
1559	1850
1559	1830
1559	1796
1559	1682
1559	1735
1559	1748
1559	1791
1559	1745
1559	1830
1559	1822
1559	1826
1559	1771
1559	1730
1559	1757
1559	1788
1559	1764
1559	1756
1559	1726
1559	1757
1559	1786
1559	1859
1559	1798
1559	1797
1559	1810
1559	1776
1559	1764
1559	1733
1559	1767
1559	1761
1559	1718
1559	1732
1559	1846
1559	1722
1559	1744
1559	1758
1559	1834
1559	1767
1559	1788
1559	1733
1559	1866
1559	1729
1559	1744
1559	1745
1559	1748
1559	1813
1559	1711
1559	1793
1559	1853
1559	1743
1559	1718
1559	1760
1559	1751
1559	1814
1559	1751
1559	1817
1559	1708
1559	1701
1559	1731
1559	1736
1559	1749
1559	1683
1559	1704
1559	1749
1559	1776
1559	1705
1559	1672
1559	1861
1559	1751
1559	1912
1559	1704
1559	1894
1559	1757
1559	1670
1559	1788
1559	1754

