melhor e media
1275	2028
1275	1668
1243	1516
1201	1480
1201	1446
1201	1577
1201	1368
1201	1356
1201	1404
1120	1409
1120	1331
1120	1397
1120	1331
1120	1310
1120	1354
1120	1366
1120	1387
1120	1322
1120	1317
1120	1347
1120	1423
1120	1350
1120	1410
1120	1397
1120	1316
1120	1311
1120	1304
1120	1432
1120	1460
1120	1330
1120	1328
1120	1316
1120	1383
1120	1454
1120	1320
1120	1471
1120	1477
1120	1295
1120	1453
1120	1385
1120	1340
1120	1319
1120	1318
1120	1317
1120	1316
1120	1313
1120	1295
1120	1371
1120	1464
1120	1403
1120	1468
1120	1439
1120	1306
1120	1303
1120	1312
1120	1404
1120	1303
1120	1292
1120	1289
1120	1335
1120	1413
1120	1302
1120	1318
1120	1312
1120	1319
1120	1345
1120	1291
1120	1304
1120	1375
1120	1374
1120	1368
1120	1375
1120	1451
1120	1311
1120	1383
1120	1333
1120	1365
1120	1420
1120	1409
1120	1411
1120	1385
1120	1326
1120	1335
1120	1356
1120	1404
1120	1320
1120	1372
1120	1306
1120	1311
1120	1311
1120	1492
1120	1408
1120	1372
1120	1403
1120	1320
1120	1408
1120	1378
1120	1334
1120	1404
1120	1418

melhor e media
1251	2117
1158	1630
1158	1481
1158	1357
1158	1254
1158	1389
1158	1373
1158	1437
1158	1274
1158	1336
1158	1300
1158	1430
1158	1441
1158	1367
1158	1355
1158	1276
1158	1273
1158	1280
1158	1304
1158	1407
1158	1434
1158	1440
1158	1423
1158	1523
1158	1395
1158	1364
1158	1303
1158	1348
1158	1287
1158	1400
1158	1373
1158	1475
1158	1308
1158	1520
1158	1436
1158	1373
1158	1364
1158	1404
1158	1441
1158	1407
1158	1356
1158	1376
1158	1449
1158	1469
1158	1359
1158	1272
1158	1417
1158	1272
1158	1455
1158	1412
1158	1421
1158	1379
1158	1283
1158	1309
1158	1358
1158	1361
1158	1379
1158	1368
1158	1389
1120	1498
1120	1372
1120	1319
1120	1311
1120	1416
1120	1347
1120	1404
1120	1433
1120	1364
1120	1319
1120	1327
1120	1355
1120	1447
1120	1436
1120	1330
1120	1312
1120	1343
1120	1349
1120	1396
1120	1329
1120	1320
1120	1308
1120	1304
1120	1394
1120	1297
1120	1331
1120	1319
1120	1330
1120	1373
1120	1423
1120	1356
1120	1353
1120	1391
1120	1341
1120	1309
1120	1288
1120	1333
1120	1345
1120	1414
1120	1306
1120	1422

melhor e media
1238	2249
1191	1866
1191	1356
1189	1377
1120	1306
1120	1358
1120	1336
1120	1411
1120	1403
1120	1422
1120	1316
1120	1362
1120	1293
1120	1359
1120	1320
1120	1371
1120	1305
1120	1371
1120	1307
1120	1449
1120	1442
1120	1329
1120	1299
1120	1321
1120	1290
1120	1347
1120	1423
1120	1305
1120	1328
1120	1372
1120	1368
1120	1336
1120	1357
1120	1313
1120	1379
1120	1457
1120	1300
1120	1319
1120	1352
1120	1316
1120	1338
1120	1500
1120	1427
1120	1309
1120	1304
1120	1379
1120	1412
1120	1407
1120	1331
1120	1301
1120	1375
1120	1389
1120	1385
1120	1372
1120	1310
1120	1308
1120	1298
1120	1419
1120	1352
1120	1478
1120	1501
1120	1392
1120	1421
1120	1409
1120	1341
1120	1495
1120	1418
1120	1401
1120	1374
1120	1352
1120	1401
1120	1407
1120	1358
1120	1319
1120	1315
1120	1534
1120	1317
1120	1315
1120	1359
1120	1376
1120	1417
1120	1420
1120	1308
1120	1325
1120	1459
1120	1352
1120	1309
1120	1309
1120	1305
1120	1373
1120	1334
1120	1319
1120	1346
1120	1429
1120	1494
1120	1355
1120	1317
1120	1336
1120	1352
1120	1435

melhor e media
1295	2080
1244	1830
1158	1366
1158	1495
1158	1378
1158	1356
1158	1283
1158	1465
1158	1458
1158	1351
1158	1273
1158	1262
1158	1339
1158	1336
1158	1258
1158	1334
1158	1299
1158	1283
1158	1298
1158	1306
1158	1341
1158	1277
1158	1291
1158	1301
1158	1375
1158	1359
1158	1367
1158	1386
1158	1457
1158	1428
1158	1348
1158	1321
1158	1289
1158	1358
1158	1311
1158	1374
1158	1327
1158	1345
1158	1455
1158	1458
1158	1444
1158	1473
1158	1798
1158	1315
1158	1338
1158	1266
1158	1252
1158	1385
1158	1555
1158	1454
1158	1432
1158	1271
1158	1268
1158	1247
1158	1473
1158	1471
1158	1423
1158	1308
1158	1302
1158	1349
1158	1332
1158	1288
1158	1327
1158	1419
1158	1405
1158	1309
1158	1332
1158	1277
1158	1273
1158	1322
1158	1501
1158	1345
1158	1311
1158	1322
1158	1346
1158	1329
1158	1349
1158	1330
1158	1400
1158	1449
1158	1350
1158	1353
1158	1281
1158	1338
1158	1299
1158	1418
1158	1465
1158	1340
1158	1252
1158	1294
1158	1351
1158	1281
1158	1314
1158	1444
1158	1352
1158	1285
1158	1350
1158	1278
1158	1286
1158	1268

melhor e media
1242	1880
1175	1418
1175	1561
1175	1474
1175	1279
1172	1305
1172	1277
1158	1318
1158	1375
1158	1265
1158	1362
1158	1290
1158	1237
1158	1238
1158	1239
1158	1217
1158	1261
1158	1308
1158	1256
1158	1293
1158	1260
1158	1278
1158	1341
1158	1334
1158	1375
1158	1343
1158	1284
1158	1262
1158	1263
1158	1345
1158	1305
1158	1328
1158	1333
1158	1240
1158	1320
1158	1315
1158	1231
1158	1315
1158	1247
1158	1246
1158	1283
1158	1318
1158	1324
1158	1306
1158	1357
1158	1298
1158	1397
1158	1306
1158	1411
1158	1369
1158	1297
1158	1276
1158	1510
1158	1385
1158	1476
1158	1317
1158	1303
1158	1437
1158	1504
1158	1333
1158	1403
1158	1521
1158	1381
1158	1323
1158	1426
1158	1435
1158	1381
1158	1383
1158	1449
1158	1421
1158	1502
1158	1311
1158	1289
1158	1364
1158	1312
1158	1436
1158	1392
1158	1433
1158	1365
1158	1306
1158	1299
1158	1279
1158	1356
1158	1328
1158	1295
1158	1286
1158	1363
1158	1363
1158	1293
1158	1272
1158	1307
1158	1353
1158	1304
1158	1356
1158	1284
1158	1268
1158	1331
1158	1349
1158	1286
1158	1314

melhor e media
1223	1889
1213	1788
1175	1332
1158	1350
1158	1273
1158	1326
1158	1326
1158	1220
1158	1198
1158	1330
1158	1376
1158	1297
1158	1235
1158	1406
1158	1328
1158	1379
1158	1329
1158	1400
1158	1322
1158	1248
1158	1341
1158	1380
1158	1399
1158	1448
1158	1366
1158	1354
1158	1333
1158	1493
1158	1296
1158	1413
1158	1343
1158	1361
1158	1334
1158	1482
1158	1408
1158	1349
1158	1375
1158	1302
1158	1342
1158	1269
1158	1291
1158	1404
1158	1349
1158	1273
1158	1436
1158	1486
1158	1429
1158	1288
1158	1346
1158	1315
1158	1361
1158	1279
1158	1267
1158	1280
1158	1304
1158	1469
1158	1379
1158	1381
1158	1291
1158	1280
1158	1351
1158	1315
1158	1472
1158	1475
1158	1309
1158	1372
1158	1444
1158	1587
1158	1416
1158	1396
1158	1467
1158	1535
1158	1375
1158	1398
1158	1332
1158	1354
1158	1447
1158	1358
1158	1629
1158	1409
1158	1330
1158	1294
1158	1360
1158	1285
1158	1356
1158	1282
1158	1373
1158	1440
1158	1342
1158	1290
1158	1283
1158	1347
1158	1396
1158	1352
1158	1619
1158	1634
1158	1404
1158	1388
1158	1356
1158	1272

melhor e media
1257	2221
1158	1793
1158	1673
1158	1396
1158	1267
1158	1272
1158	1313
1158	1333
1158	1344
1158	1424
1158	1324
1158	1401
1158	1336
1158	1452
1158	1402
1158	1382
1158	1296
1158	1275
1158	1329
1158	1343
1158	1280
1158	1387
1158	1403
1158	1281
1158	1446
1158	1443
1158	1388
1158	1417
1158	1337
1158	1399
1158	1364
1158	1477
1158	1260
1158	1302
1158	1324
1158	1331
1158	1335
1158	1262
1158	1347
1158	1289
1158	1333
1158	1278
1158	1259
1158	1459
1158	1389
1158	1374
1158	1529
1158	1505
1158	1672
1158	1504
1158	1495
1158	1323
1158	1566
1158	1552
1158	1584
1158	1586
1158	1414
1158	1490
1158	1294
1158	1387
1158	1369
1158	1348
1158	1359
1158	1266
1158	1269
1158	1263
1158	1260
1158	1258
1158	1337
1158	1283
1158	1331
1158	1327
1158	1558
1158	1282
1158	1418
1158	1433
1158	1427
1158	1310
1158	1334
1158	1426
1158	1338
1158	1350
1158	1346
1158	1334
1158	1254
1158	1282
1158	1413
1158	1343
1158	1281
1158	1407
1158	1264
1158	1442
1158	1562
1158	1368
1158	1443
1158	1388
1158	1443
1158	1389
1158	1415
1158	1408

melhor e media
1243	2221
1174	1909
1158	1493
1158	1372
1158	1323
1158	1417
1158	1338
1158	1266
1158	1261
1158	1336
1158	1298
1158	1291
1158	1352
1158	1262
1158	1287
1158	1348
1158	1257
1158	1260
1158	1300
1158	1354
1158	1341
1158	1350
1158	1272
1158	1258
1158	1423
1158	1354
1158	1452
1158	1471
1158	1377
1158	1345
1158	1381
1158	1420
1158	1355
1158	1345
1158	1345
1158	1268
1158	1359
1158	1301
1158	1281
1158	1340
1158	1295
1158	1359
1158	1318
1158	1356
1158	1269
1158	1331
1158	1271
1158	1279
1158	1300
1158	1424
1158	1346
1158	1386
1158	1520
1158	1468
1158	1355
1158	1498
1158	1354
1158	1515
1158	1293
1158	1279
1158	1341
1158	1317
1158	1427
1158	1288
1158	1280
1158	1383
1158	1374
1158	1496
1158	1331
1158	1434
1158	1276
1158	1356
1158	1488
1158	1534
1158	1362
1158	1457
1158	1399
1158	1462
1158	1351
1158	1366
1158	1285
1158	1392
1158	1353
1158	1286
1158	1277
1158	1272
1158	1298
1158	1272
1158	1537
1158	1591
1158	1530
1158	1407
1158	1544
1158	1441
1158	1351
1158	1387
1158	1354
1158	1365
1158	1299
1158	1296

melhor e media
1158	2011
1158	1795
1158	1774
1158	1304
1158	1295
1158	1379
1158	1282
1158	1429
1158	1379
1158	1379
1158	1517
1158	1388
1158	1427
1158	1365
1158	1343
1158	1293
1158	1347
1158	1294
1158	1302
1158	1366
1158	1354
1158	1526
1158	1422
1158	1499
1158	1467
1158	1527
1158	1432
1158	1682
1158	1324
1158	1382
1158	1350
1158	1519
1158	1461
1158	1432
1158	1442
1158	1328
1158	1395
1158	1484
1158	1467
1158	1536
1158	1399
1158	1369
1158	1286
1158	1363
1158	1342
1158	1426
1158	1320
1158	1378
1158	1477
1158	1364
1158	1428
1158	1378
1158	1428
1158	1342
1158	1330
1158	1274
1158	1386
1158	1499
1158	1317
1158	1426
1158	1503
1158	1502
1158	1514
1158	1352
1158	1268
1158	1327
1158	1367
1158	1344
1158	1364
1158	1341
1158	1482
1158	1498
1158	1527
1158	1512
1158	1499
1158	1535
1158	1387
1158	1369
1158	1319
1158	1415
1158	1434
1158	1309
1158	1357
1158	1425
1158	1372
1158	1437
1158	1595
1158	1297
1158	1364
1158	1333
1158	1375
1158	1286
1158	1316
1158	1505
1158	1460
1158	1433
1158	1286
1158	1343
1158	1268
1158	1337

melhor e media
1230	1954
1158	1658
1158	1452
1158	1431
1158	1256
1158	1248
1158	1250
1158	1290
1158	1408
1158	1252
1158	1342
1158	1475
1158	1596
1158	1421
1158	1421
1158	1275
1158	1360
1158	1369
1158	1349
1158	1373
1158	1284
1158	1481
1158	1483
1158	1427
1158	1348
1158	1352
1158	1433
1158	1447
1158	1372
1158	1362
1158	1311
1158	1343
1158	1372
1158	1398
1158	1438
1158	1286
1158	1283
1158	1312
1158	1385
1158	1539
1158	1497
1158	1463
1158	1325
1158	1440
1158	1386
1158	1363
1158	1499
1158	1613
1158	1584
1158	1387
1158	1435
1158	1376
1158	1396
1158	1564
1158	1479
1158	1385
1158	1365
1158	1364
1158	1290
1158	1310
1158	1390
1158	1373
1158	1447
1158	1460
1158	1399
1158	1476
1158	1379
1158	1366
1158	1289
1158	1318
1158	1383
1158	1288
1158	1381
1158	1403
1158	1399
1158	1373
1158	1293
1158	1303
1158	1365
1158	1294
1158	1289
1158	1350
1158	1383
1158	1298
1158	1294
1158	1356
1158	1425
1158	1474
1158	1443
1158	1397
1158	1380
1158	1303
1158	1292
1158	1443
1158	1291
1158	1273
1158	1374
1158	1288
1158	1353
1158	1369

melhor e media
1311	2325
1288	1687
1242	1446
1223	1431
1223	1468
1223	1389
1190	1421
1190	1306
1190	1284
1190	1259
1190	1333
1190	1290
1190	1336
1190	1371
1190	1361
1190	1372
1158	1372
1158	1329
1158	1329
1158	1361
1158	1238
1158	1319
1158	1284
1158	1310
1158	1231
1158	1309
1158	1316
1158	1351
1158	1457
1158	1455
1158	1344
1158	1342
1158	1456
1158	1452
1158	1356
1158	1350
1158	1291
1158	1337
1158	1306
1158	1369
1158	1357
1158	1278
1158	1349
1158	1349
1158	1490
1158	1459
1158	1431
1158	1301
1158	1356
1158	1293
1158	1385
1158	1386
1158	1335
1158	1429
1158	1267
1158	1267
1158	1261
1158	1325
1158	1360
1158	1277
1158	1308
1158	1377
1158	1356
1158	1357
1158	1379
1158	1289
1158	1325
1158	1587
1158	1432
1158	1411
1158	1637
1158	1537
1158	1295
1158	1289
1158	1330
1158	1436
1158	1298
1158	1368
1158	1417
1158	1408
1158	1448
1158	1523
1158	1357
1158	1521
1158	1475
1158	1383
1158	1327
1158	1458
1158	1408
1158	1590
1158	1594
1158	1320
1158	1352
1158	1447
1158	1362
1158	1287
1158	1281
1158	1278
1158	1295
1158	1288

melhor e media
1261	2231
1247	1754
1158	1397
1158	1424
1158	1284
1158	1342
1158	1380
1158	1494
1158	1401
1158	1566
1158	1278
1158	1262
1158	1340
1158	1349
1158	1358
1158	1433
1158	1445
1158	1345
1158	1346
1158	1372
1158	1484
1158	1393
1158	1392
1158	1363
1158	1270
1158	1279
1158	1293
1158	1382
1158	1432
1158	1329
1158	1435
1158	1416
1158	1426
1158	1808
1158	1438
1158	1407
1158	1330
1158	1423
1158	1353
1158	1447
1158	1371
1158	1322
1158	1386
1158	1347
1158	1297
1158	1303
1158	1332
1158	1440
1158	1307
1158	1287
1158	1282
1158	1343
1158	1365
1158	1285
1158	1362
1158	1434
1158	1341
1158	1309
1158	1425
1158	1277
1158	1269
1158	1411
1158	1296
1158	1342
1158	1266
1158	1329
1158	1378
1158	1492
1158	1425
1158	1587
1158	1396
1158	1501
1158	1278
1158	1260
1158	1261
1158	1345
1158	1274
1158	1320
1158	1337
1158	1352
1158	1260
1158	1445
1158	1375
1158	1440
1158	1333
1158	1375
1158	1287
1158	1320
1158	1418
1158	1298
1158	1368
1158	1367
1158	1429
1158	1306
1158	1440
1158	1384
1158	1287
1158	1351
1158	1307
1158	1376

melhor e media
1214	2229
1175	1792
1169	1401
1169	1521
1169	1283
1169	1262
1169	1372
1169	1332
1169	1272
1169	1387
1169	1339
1169	1264
1169	1363
1169	1385
1169	1368
1169	1348
1169	1275
1169	1358
1169	1458
1169	1392
1169	1304
1169	1329
1169	1338
1169	1477
1169	1465
1169	1366
1169	1292
1169	1274
1158	1350
1158	1210
1158	1276
1158	1248
1158	1306
1158	1235
1158	1257
1158	1264
1158	1280
1158	1249
1158	1384
1158	1336
1158	1288
1158	1312
1158	1346
1158	1289
1158	1294
1158	1274
1158	1276
1158	1317
1158	1270
1158	1274
1158	1280
1158	1319
1158	1356
1158	1348
1158	1516
1158	1457
1158	1290
1158	1387
1158	1614
1158	1305
1158	1304
1158	1288
1158	1274
1158	1329
1158	1374
1158	1306
1158	1353
1158	1291
1158	1356
1158	1338
1158	1367
1158	1480
1158	1440
1158	1372
1158	1469
1158	1559
1158	1347
1158	1383
1158	1411
1158	1483
1158	1400
1158	1396
1158	1354
1158	1393
1158	1313
1158	1353
1158	1387
1158	1322
1158	1305
1158	1319
1158	1356
1158	1504
1158	1436
1158	1326
1158	1306
1158	1323
1158	1486
1158	1409
1158	1323
1158	1318

melhor e media
1179	2104
1174	1619
1158	1311
1158	1480
1158	1453
1158	1370
1158	1351
1158	1410
1158	1268
1158	1328
1158	1288
1158	1494
1158	1364
1158	1297
1158	1422
1158	1326
1158	1449
1158	1353
1158	1440
1158	1377
1158	1417
1158	1264
1158	1322
1158	1343
1158	1275
1158	1345
1158	1359
1158	1365
1158	1501
1158	1462
1158	1358
1158	1436
1158	1402
1158	1439
1158	1364
1158	1354
1158	1363
1158	1357
1158	1388
1158	1403
1158	1375
1158	1364
1158	1358
1158	1509
1158	1391
1158	1311
1158	1357
1158	1419
1158	1311
1158	1447
1158	1326
1158	1356
1158	1308
1158	1425
1158	1385
1158	1389
1158	1296
1158	1402
1158	1380
1158	1353
1158	1360
1158	1459
1158	1469
1158	1391
1158	1506
1158	1374
1158	1593
1158	1388
1158	1394
1158	1300
1158	1355
1158	1594
1158	1371
1158	1518
1158	1420
1158	1453
1158	1475
1158	1370
1158	1321
1158	1415
1158	1394
1158	1355
1158	1280
1158	1316
1158	1345
1158	1345
1158	1273
1158	1279
1158	1277
1158	1285
1158	1294
1158	1327
1158	1405
1158	1357
1158	1310
1158	1367
1158	1458
1158	1301
1158	1360
1158	1445

melhor e media
1316	2252
1169	1514
1158	1378
1158	1344
1158	1418
1158	1293
1158	1392
1158	1382
1158	1407
1158	1385
1158	1369
1158	1339
1158	1328
1158	1438
1158	1405
1158	1310
1158	1404
1158	1466
1158	1382
1158	1341
1158	1267
1158	1290
1158	1415
1158	1383
1158	1432
1158	1434
1158	1335
1158	1363
1158	1296
1158	1321
1158	1292
1158	1376
1158	1422
1158	1301
1158	1437
1158	1297
1158	1343
1158	1315
1158	1481
1158	1371
1158	1350
1158	1375
1158	1445
1158	1315
1158	1430
1158	1294
1158	1308
1158	1424
1158	1294
1158	1265
1158	1273
1158	1306
1158	1450
1158	1515
1158	1367
1158	1274
1158	1288
1158	1286
1158	1396
1158	1514
1158	1295
1158	1272
1158	1274
1158	1419
1158	1307
1158	1392
1158	1389
1158	1357
1158	1355
1158	1394
1158	1346
1158	1419
1158	1555
1158	1454
1158	1357
1158	1299
1158	1397
1158	1397
1158	1475
1158	1358
1158	1319
1158	1388
1158	1304
1158	1314
1158	1346
1158	1397
1158	1298
1158	1322
1158	1501
1158	1352
1158	1424
1158	1306
1158	1284
1158	1343
1158	1402
1158	1466
1158	1364
1158	1285
1158	1347
1158	1530

melhor e media
1190	1940
1190	1729
1176	1504
1158	1435
1158	1413
1158	1492
1158	1313
1158	1364
1158	1524
1158	1372
1158	1427
1158	1480
1158	1451
1158	1452
1158	1363
1158	1344
1158	1426
1158	1346
1158	1356
1158	1281
1158	1370
1158	1307
1158	1281
1158	1307
1158	1413
1158	1572
1158	1481
1158	1348
1158	1377
1158	1303
1158	1312
1158	1323
1158	1373
1158	1413
1158	1594
1158	1441
1158	1391
1158	1360
1158	1374
1158	1293
1158	1340
1158	1453
1158	1381
1158	1291
1158	1366
1158	1425
1158	1330
1158	1391
1158	1319
1158	1436
1158	1316
1158	1456
1158	1429
1158	1325
1158	1375
1158	1362
1158	1344
1158	1356
1158	1283
1158	1281
1158	1309
1158	1299
1158	1355
1158	1448
1158	1398
1158	1413
1158	1411
1158	1308
1158	1379
1158	1424
1158	1462
1158	1319
1158	1319
1158	1345
1158	1459
1158	1553
1158	1381
1158	1423
1158	1378
1158	1383
1158	1443
1158	1463
1158	1342
1158	1372
1158	1322
1158	1387
1158	1340
1158	1345
1158	1370
1158	1306
1158	1469
1158	1415
1158	1376
1158	1294
1158	1370
1158	1579
1158	1524
1158	1432
1158	1387
1158	1433

melhor e media
1158	2142
1158	1900
1158	1590
1158	1497
1158	1466
1158	1401
1158	1385
1158	1298
1158	1433
1158	1416
1158	1524
1158	1303
1158	1280
1158	1279
1158	1284
1158	1299
1158	1294
1158	1560
1158	1416
1158	1394
1158	1370
1158	1469
1158	1423
1158	1408
1158	1330
1158	1369
1158	1296
1158	1369
1158	1367
1158	1296
1158	1296
1158	1295
1158	1296
1158	1360
1158	1305
1158	1355
1158	1540
1158	1318
1158	1503
1158	1396
1158	1470
1158	1420
1158	1391
1158	1310
1158	1333
1158	1467
1158	1524
1158	1385
1158	1289
1158	1318
1158	1356
1158	1357
1158	1420
1158	1442
1158	1359
1158	1438
1158	1463
1158	1309
1158	1374
1158	1328
1158	1438
1158	1357
1158	1453
1158	1374
1158	1322
1158	1299
1158	1291
1158	1294
1158	1297
1158	1325
1158	1371
1158	1304
1158	1334
1158	1502
1158	1437
1158	1408
1158	1371
1158	1338
1158	1378
1158	1362
1158	1283
1158	1282
1158	1396
1158	1424
1158	1284
1158	1280
1158	1273
1158	1279
1158	1434
1158	1386
1158	1419
1158	1297
1158	1496
1158	1381
1158	1351
1158	1269
1158	1333
1158	1411
1158	1278
1158	1445

melhor e media
1223	2273
1158	1733
1158	1344
1158	1334
1158	1356
1158	1267
1158	1325
1158	1356
1158	1470
1158	1403
1158	1284
1158	1285
1158	1294
1158	1302
1158	1262
1158	1343
1158	1384
1158	1426
1158	1293
1158	1275
1158	1358
1158	1384
1158	1396
1158	1416
1158	1378
1158	1546
1158	1394
1158	1446
1158	1369
1158	1285
1158	1359
1158	1300
1158	1381
1158	1330
1158	1250
1158	1320
1158	1437
1158	1459
1158	1433
1158	1417
1158	1436
1158	1354
1158	1266
1158	1312
1158	1368
1158	1284
1158	1279
1158	1283
1158	1263
1158	1422
1158	1379
1158	1352
1158	1410
1158	1315
1158	1535
1158	1316
1158	1370
1158	1360
1158	1332
1158	1296
1158	1290
1158	1321
1158	1357
1158	1354
1158	1274
1158	1320
1158	1350
1158	1384
1158	1370
1158	1405
1158	1346
1158	1245
1158	1257
1158	1274
1158	1250
1158	1248
1158	1283
1158	1352
1158	1314
1158	1311
1158	1350
1158	1312
1158	1337
1158	1297
1158	1259
1158	1336
1158	1340
1158	1451
1158	1380
1158	1329
1158	1452
1158	1372
1158	1288
1158	1301
1158	1290
1158	1334
1158	1394
1158	1315
1158	1291
1158	1279

melhor e media
1158	2087
1158	1882
1158	1481
1158	1443
1158	1474
1158	1412
1158	1440
1158	1389
1158	1564
1158	1314
1158	1340
1158	1288
1158	1332
1158	1261
1158	1253
1158	1302
1158	1377
1158	1414
1158	1411
1158	1369
1158	1368
1158	1339
1158	1252
1158	1302
1158	1409
1158	1578
1158	1359
1158	1504
1158	1346
1158	1429
1158	1423
1158	1289
1158	1358
1158	1544
1158	1540
1158	1340
1158	1457
1158	1363
1158	1282
1158	1276
1158	1336
1158	1473
1158	1349
1158	1262
1158	1341
1158	1261
1158	1487
1158	1349
1158	1519
1158	1368
1158	1271
1158	1268
1158	1288
1158	1347
1158	1306
1158	1493
1158	1448
1158	1399
1158	1365
1158	1364
1158	1309
1158	1439
1158	1319
1158	1424
1158	1380
1158	1377
1158	1443
1158	1467
1158	1421
1158	1518
1158	1327
1158	1366
1158	1383
1158	1453
1158	1369
1158	1458
1158	1408
1158	1521
1158	1452
1158	1444
1158	1365
1158	1450
1158	1431
1158	1298
1158	1448
1158	1440
1158	1380
1158	1364
1158	1276
1158	1349
1158	1311
1158	1526
1158	1461
1158	1382
1158	1363
1158	1414
1158	1447
1158	1425
1158	1303
1158	1341

melhor e media
1231	2096
1220	1577
1180	1352
1120	1272
1120	1390
1120	1356
1120	1377
1120	1306
1120	1307
1120	1364
1120	1393
1120	1322
1120	1379
1120	1335
1120	1322
1120	1301
1120	1351
1120	1468
1120	1483
1120	1358
1120	1304
1120	1324
1120	1317
1120	1380
1120	1345
1120	1379
1120	1341
1120	1319
1120	1317
1120	1308
1120	1388
1120	1400
1120	1379
1120	1484
1120	1396
1120	1379
1120	1334
1120	1356
1120	1332
1120	1396
1120	1406
1120	1470
1120	1488
1120	1374
1120	1395
1120	1391
1120	1406
1120	1422
1120	1468
1120	1394
1120	1328
1120	1392
1120	1375
1120	1356
1120	1308
1120	1376
1120	1459
1120	1329
1120	1322
1120	1343
1120	1352
1120	1352
1120	1360
1120	1354
1120	1320
1120	1431
1120	1383
1120	1289
1120	1418
1120	1405
1120	1398
1120	1359
1120	1491
1120	1348
1120	1309
1120	1380
1120	1415
1120	1342
1120	1370
1120	1461
1120	1327
1120	1331
1120	1306
1120	1385
1120	1339
1120	1342
1120	1348
1120	1379
1120	1396
1120	1541
1120	1364
1120	1311
1120	1330
1120	1334
1120	1345
1120	1385
1120	1408
1120	1324
1120	1360
1120	1334

melhor e media
1232	2439
1158	2100
1158	1450
1158	1468
1158	1338
1158	1387
1158	1427
1158	1269
1158	1344
1158	1373
1158	1408
1158	1379
1158	1387
1158	1371
1158	1352
1158	1354
1158	1373
1158	1355
1158	1259
1158	1261
1158	1255
1158	1247
1158	1248
1158	1260
1158	1328
1158	1293
1158	1486
1158	1414
1158	1299
1158	1325
1158	1348
1158	1259
1158	1250
1158	1252
1158	1239
1158	1270
1158	1348
1158	1308
1158	1280
1158	1257
1158	1287
1158	1505
1158	1284
1158	1290
1158	1351
1158	1277
1158	1379
1158	1354
1158	1380
1158	1345
1158	1295
1158	1410
1158	1282
1158	1349
1158	1286
1158	1365
1158	1431
1158	1305
1158	1387
1158	1319
1158	1360
1158	1315
1158	1451
1158	1354
1158	1476
1158	1507
1158	1388
1158	1365
1158	1310
1158	1362
1158	1333
1158	1354
1158	1306
1158	1463
1158	1373
1158	1298
1158	1368
1158	1335
1158	1367
1158	1361
1158	1449
1158	1450
1158	1390
1158	1624
1158	1467
1158	1398
1158	1366
1158	1354
1158	1303
1158	1356
1158	1301
1158	1277
1158	1353
1158	1282
1158	1351
1158	1434
1158	1507
1158	1307
1158	1289
1158	1278

melhor e media
1288	2021
1247	1633
1243	1445
1201	1463
1201	1386
1201	1483
1201	1556
1201	1539
1201	1459
1201	1477
1201	1396
1201	1385
1120	1402
1120	1416
1120	1335
1120	1323
1120	1459
1120	1353
1120	1339
1120	1378
1120	1384
1120	1398
1120	1452
1120	1379
1120	1388
1120	1374
1120	1359
1120	1418
1120	1347
1120	1355
1120	1318
1120	1322
1120	1331
1120	1302
1120	1311
1120	1317
1120	1352
1120	1530
1120	1394
1120	1396
1120	1296
1120	1334
1120	1390
1120	1337
1120	1290
1120	1382
1120	1413
1120	1467
1120	1302
1120	1310
1120	1395
1120	1301
1120	1323
1120	1303
1120	1438
1120	1499
1120	1364
1120	1353
1120	1313
1120	1314
1120	1292
1120	1311
1120	1282
1120	1366
1120	1359
1120	1409
1120	1359
1120	1371
1120	1411
1120	1371
1120	1337
1120	1441
1120	1365
1120	1496
1120	1352
1120	1310
1120	1305
1120	1308
1120	1425
1120	1350
1120	1304
1120	1372
1120	1329
1120	1399
1120	1317
1120	1332
1120	1378
1120	1295
1120	1509
1120	1401
1120	1442
1120	1414
1120	1308
1120	1284
1120	1366
1120	1350
1120	1423
1120	1439
1120	1335
1120	1297

melhor e media
1237	2117
1172	1721
1158	1312
1158	1497
1158	1397
1158	1309
1158	1344
1158	1293
1158	1414
1158	1285
1158	1332
1158	1316
1158	1340
1158	1495
1158	1348
1158	1361
1158	1348
1158	1348
1158	1427
1158	1314
1158	1295
1158	1334
1158	1357
1158	1311
1158	1356
1158	1285
1158	1364
1158	1293
1158	1259
1158	1251
1158	1252
1158	1344
1158	1351
1158	1267
1158	1274
1158	1388
1158	1368
1158	1288
1158	1292
1158	1339
1158	1423
1158	1346
1158	1363
1158	1292
1158	1312
1158	1372
1158	1343
1158	1384
1158	1295
1158	1325
1158	1314
1158	1338
1158	1349
1158	1368
1158	1351
1158	1298
1158	1282
1158	1275
1158	1349
1158	1414
1158	1404
1158	1408
1158	1352
1158	1289
1158	1440
1158	1507
1158	1369
1158	1262
1158	1366
1158	1345
1158	1341
1158	1340
1158	1257
1158	1275
1158	1393
1158	1525
1158	1447
1158	1305
1158	1368
1158	1285
1158	1278
1158	1335
1158	1285
1158	1271
1158	1357
1158	1304
1158	1338
1158	1263
1158	1296
1158	1334
1158	1266
1158	1274
1158	1361
1158	1348
1158	1289
1158	1437
1158	1286
1158	1272
1158	1273
1158	1288

melhor e media
1158	2320
1158	1852
1158	1819
1158	1476
1158	1340
1158	1438
1158	1357
1158	1452
1158	1348
1158	1521
1158	1410
1158	1373
1158	1383
1158	1419
1158	1442
1158	1273
1158	1264
1158	1258
1158	1260
1158	1460
1158	1395
1158	1376
1158	1363
1158	1300
1158	1389
1158	1381
1158	1325
1158	1346
1158	1285
1158	1290
1158	1419
1158	1339
1158	1275
1158	1297
1158	1398
1158	1355
1158	1272
1158	1273
1158	1279
1158	1297
1158	1332
1158	1343
1158	1439
1158	1419
1158	1271
1158	1415
1158	1366
1158	1362
1158	1434
1158	1355
1158	1364
1158	1455
1158	1484
1158	1278
1158	1261
1158	1323
1158	1402
1158	1417
1158	1276
1158	1347
1158	1287
1158	1339
1158	1368
1158	1290
1158	1262
1158	1255
1158	1407
1158	1443
1158	1377
1158	1427
1158	1335
1158	1350
1158	1306
1158	1419
1158	1451
1158	1447
1158	1365
1158	1323
1158	1272
1158	1252
1158	1413
1158	1260
1158	1277
1158	1311
1158	1324
1158	1350
1158	1380
1158	1261
1158	1325
1158	1382
1158	1432
1158	1327
1158	1332
1158	1257
1158	1254
1158	1322
1158	1238
1158	1411
1158	1310
1158	1550

melhor e media
1186	2155
1186	1590
1186	1352
1120	1350
1120	1380
1120	1280
1120	1335
1120	1280
1120	1276
1120	1308
1120	1570
1120	1526
1120	1364
1120	1387
1120	1340
1120	1370
1120	1498
1120	1395
1120	1298
1120	1286
1120	1285
1120	1355
1120	1326
1120	1317
1120	1300
1120	1388
1120	1331
1120	1387
1120	1319
1120	1374
1120	1305
1120	1350
1120	1379
1120	1407
1120	1462
1120	1310
1120	1386
1120	1394
1120	1349
1120	1434
1120	1343
1120	1347
1120	1403
1120	1329
1120	1391
1120	1384
1120	1315
1120	1315
1120	1359
1120	1396
1120	1355
1120	1374
1120	1334
1120	1314
1120	1317
1120	1345
1120	1387
1120	1349
1120	1296
1120	1373
1120	1394
1120	1307
1120	1313
1120	1295
1120	1344
1120	1400
1120	1527
1120	1402
1120	1323
1120	1363
1120	1376
1120	1560
1120	1415
1120	1326
1120	1304
1120	1343
1120	1458
1120	1350
1120	1377
1120	1317
1120	1333
1120	1366
1120	1298
1120	1297
1120	1302
1120	1445
1120	1474
1120	1391
1120	1301
1120	1335
1120	1324
1120	1377
1120	1303
1120	1276
1120	1378
1120	1472
1120	1335
1120	1361
1120	1333
1120	1470

melhor e media
1217	1880
1179	1587
1158	1392
1158	1290
1158	1337
1158	1288
1158	1325
1158	1251
1158	1246
1158	1348
1158	1276
1158	1278
1158	1296
1158	1363
1158	1371
1158	1384
1158	1355
1158	1269
1158	1291
1158	1347
1158	1273
1158	1268
1158	1364
1158	1305
1158	1346
1158	1443
1158	1274
1158	1273
1158	1414
1158	1478
1158	1384
1158	1388
1158	1504
1158	1395
1158	1385
1158	1385
1158	1387
1158	1431
1158	1417
1158	1375
1158	1418
1158	1305
1158	1395
1158	1491
1158	1460
1158	1377
1158	1476
1158	1351
1158	1279
1158	1259
1158	1270
1158	1274
1158	1352
1158	1364
1158	1324
1158	1291
1158	1348
1158	1354
1158	1339
1158	1266
1158	1269
1158	1311
1158	1368
1158	1307
1158	1346
1158	1312
1158	1340
1158	1384
1158	1424
1158	1622
1158	1393
1158	1358
1158	1273
1158	1339
1158	1308
1158	1432
1158	1308
1158	1326
1158	1391
1158	1519
1158	1482
1158	1482
1158	1375
1158	1275
1158	1299
1158	1438
1158	1326
1158	1404
1158	1405
1158	1315
1158	1370
1158	1292
1158	1425
1158	1288
1158	1301
1158	1433
1158	1397
1158	1359
1158	1344
1158	1479

melhor e media
1158	2200
1158	1806
1158	1641
1158	1469
1158	1304
1158	1293
1158	1287
1158	1295
1158	1414
1158	1364
1158	1295
1158	1402
1158	1376
1158	1378
1158	1539
1158	1321
1158	1383
1158	1414
1158	1394
1158	1306
1158	1300
1158	1298
1158	1335
1158	1481
1158	1436
1158	1466
1158	1359
1158	1305
1158	1369
1158	1318
1158	1305
1158	1299
1158	1372
1158	1402
1158	1373
1158	1350
1158	1369
1158	1298
1158	1282
1158	1287
1158	1285
1158	1279
1158	1282
1158	1287
1158	1482
1158	1400
1158	1414
1158	1448
1158	1310
1158	1433
1158	1477
1158	1433
1158	1372
1158	1256
1158	1268
1158	1278
1158	1264
1158	1265
1158	1387
1158	1426
1158	1394
1158	1344
1158	1276
1158	1266
1158	1306
1158	1319
1158	1365
1158	1283
1158	1407
1158	1450
1158	1413
1158	1384
1158	1404
1158	1367
1158	1490
1158	1371
1158	1293
1158	1370
1158	1428
1158	1336
1158	1490
1158	1290
1158	1306
1158	1266
1158	1348
1158	1312
1158	1328
1158	1267
1158	1251
1158	1271
1158	1419
1158	1277
1158	1330
1158	1255
1158	1249
1158	1263
1158	1278
1158	1412
1158	1421
1158	1610

melhor e media
1253	1966
1158	1599
1158	1335
1158	1339
1158	1371
1158	1432
1158	1320
1158	1424
1158	1286
1158	1353
1158	1394
1158	1367
1158	1307
1158	1352
1158	1262
1158	1413
1158	1442
1158	1455
1158	1354
1158	1309
1158	1387
1158	1298
1158	1285
1158	1362
1158	1285
1158	1293
1158	1344
1158	1317
1158	1291
1158	1282
1158	1436
1158	1362
1158	1382
1158	1426
1158	1428
1158	1280
1158	1345
1158	1266
1158	1345
1158	1413
1158	1396
1158	1426
1158	1310
1158	1340
1158	1266
1158	1363
1158	1320
1158	1430
1158	1274
1158	1263
1158	1273
1158	1274
1158	1371
1158	1284
1158	1440
1158	1493
1158	1548
1158	1462
1158	1359
1158	1279
1158	1274
1158	1289
1158	1272
1158	1279
1158	1284
1158	1302
1158	1347
1158	1310
1158	1357
1158	1281
1158	1349
1158	1384
1158	1417
1158	1575
1158	1427
1158	1371
1158	1382
1158	1283
1158	1396
1158	1503
1158	1368
1158	1289
1158	1284
1158	1366
1158	1440
1158	1367
1158	1386
1158	1386
1158	1428
1158	1353
1158	1290
1158	1364
1158	1306
1158	1346
1158	1365
1158	1509
1158	1288
1158	1382
1158	1475
1158	1440

melhor e media
1269	2270
1195	1653
1195	1398
1195	1313
1195	1284
1195	1283
1195	1321
1195	1436
1195	1362
1195	1312
1170	1358
1170	1387
1170	1259
1170	1257
1120	1405
1120	1191
1120	1193
1120	1202
1120	1229
1120	1280
1120	1310
1120	1296
1120	1314
1120	1305
1120	1349
1120	1440
1120	1342
1120	1280
1120	1271
1120	1453
1120	1298
1120	1289
1120	1440
1120	1427
1120	1357
1120	1435
1120	1293
1120	1317
1120	1287
1120	1353
1120	1453
1120	1464
1120	1287
1120	1370
1120	1280
1120	1372
1120	1298
1120	1305
1120	1435
1120	1482
1120	1354
1120	1322
1120	1280
1120	1321
1120	1298
1120	1303
1120	1314
1120	1330
1120	1294
1120	1304
1120	1295
1120	1363
1120	1406
1120	1313
1120	1343
1120	1444
1120	1325
1120	1348
1120	1365
1120	1449
1120	1397
1120	1360
1120	1412
1120	1332
1120	1317
1120	1312
1120	1407
1120	1532
1120	1470
1120	1324
1120	1300
1120	1297
1120	1399
1120	1325
1120	1341
1120	1457
1120	1284
1120	1389
1120	1341
1120	1303
1120	1298
1120	1391
1120	1291
1120	1300
1120	1353
1120	1301
1120	1368
1120	1308
1120	1376
1120	1392

melhor e media
1189	2347
1189	1836
1169	1375
1169	1402
1169	1451
1169	1502
1169	1289
1169	1278
1169	1438
1169	1531
1169	1359
1169	1347
1169	1275
1169	1397
1158	1418
1158	1282
1158	1520
1158	1391
1158	1493
1158	1373
1158	1462
1158	1340
1158	1384
1158	1366
1158	1310
1158	1407
1158	1349
1158	1348
1158	1323
1158	1278
1158	1276
1158	1336
1158	1495
1158	1286
1158	1285
1158	1290
1158	1284
1158	1271
1158	1294
1158	1293
1158	1352
1158	1256
1158	1412
1158	1402
1158	1393
1158	1397
1158	1342
1158	1348
1158	1269
1158	1347
1158	1361
1158	1328
1158	1388
1158	1357
1158	1275
1158	1255
1158	1346
1158	1299
1158	1379
1158	1362
1158	1339
1158	1300
1158	1334
1158	1518
1158	1477
1158	1298
1158	1314
1158	1368
1158	1330
1158	1453
1158	1446
1158	1375
1158	1390
1158	1300
1158	1295
1158	1329
1158	1409
1158	1460
1158	1379
1158	1373
1158	1415
1158	1452
1158	1305
1158	1300
1158	1303
1158	1301
1158	1310
1158	1301
1158	1389
1158	1385
1158	1334
1158	1397
1158	1350
1158	1540
1158	1415
1158	1400
1158	1385
1158	1430
1158	1404
1158	1395

