melhor e media
1134	2764
1134	1921
1110	1755
1110	1721
1110	1712
1079	1568
1079	1851
1079	2000
1079	1904
1079	1802
1079	1912
1079	2053
1079	2170
1079	1948
1079	1920
1079	2005
1079	1829
1079	2015
1079	1880
1079	1982
1079	1977
1079	1756
1079	1915
1079	1893
1079	1841
1079	1924
1079	1936
1079	1892
1079	2023
1079	2107
1079	1964
1079	2130
1079	2072
1079	1899
1079	2083
1079	2038
1079	2029
1079	1953
1079	1943
1079	1997
1079	1760
1079	2033
1079	1874
1079	2025
1079	2050
1079	1931
1079	1813
1079	1840
1079	2047
1079	1830
1079	1990
1079	2041
1079	2026
1079	1848
1079	1983
1079	1845
1079	1737
1079	1872
1079	1878
1079	2069
1079	1968
1079	2046
1079	1910
1079	2003
1079	1871
1079	1835
1079	1800
1079	1878
1079	1736
1079	1816
1079	1857
1079	1958
1079	2015
1079	1899
1079	1865
1079	2024
1079	2105
1079	1863
1079	1891
1079	1910
1079	1845
1079	1857
1079	2081
1079	1825
1079	1954
1079	1932
1079	2020
1079	2049
1079	1906
1079	2095
1079	1909
1079	2036
1079	1677
1079	1851
1079	1953
1079	2010
1079	2021
1079	1968
1079	1883
1079	2080

melhor e media
1240	2730
1240	2199
1196	2080
1177	1890
1149	1862
1149	1695
1149	1722
1146	1802
1146	1783
1146	1867
1146	1769
1146	1670
1146	1725
1146	1712
1146	1885
1146	1731
1135	1663
1079	1507
1079	1572
1079	1641
1079	1805
1079	1732
1079	1825
1079	1801
1079	1655
1079	1706
1079	1697
1079	1810
1079	1866
1079	1919
1079	1709
1079	1902
1079	1762
1079	1713
1079	1800
1079	1641
1079	1703
1079	1796
1079	1796
1079	1828
1079	1643
1079	1691
1079	1886
1079	1845
1079	1827
1079	1649
1079	1863
1079	1827
1079	1724
1079	1840
1079	1848
1079	2030
1079	1862
1079	1857
1079	1906
1079	1806
1079	1849
1079	1695
1079	1726
1079	1874
1079	1941
1079	1847
1079	1828
1079	1645
1079	1667
1079	1643
1079	1991
1079	1789
1079	1667
1079	1789
1079	1779
1079	1931
1079	1874
1079	1858
1079	1813
1079	2015
1079	1854
1079	1768
1079	1915
1079	1834
1079	2049
1079	1726
1079	2004
1079	1813
1079	1838
1079	1921
1079	1965
1079	1916
1079	1970
1079	1722
1079	1825
1079	1699
1079	1867
1079	1791
1079	1674
1079	1697
1079	1871
1079	1811
1076	1897
1076	1751

melhor e media
1225	2501
1177	1976
1125	1704
1125	1641
1125	1814
1125	1896
1063	1849
1063	1703
1063	1656
1063	1500
1059	1437
1059	1457
1059	1553
1059	1620
1059	1689
1059	1601
1059	1469
1059	1650
1059	1702
1059	1626
1059	1593
1059	1786
1059	1730
1059	1717
1059	1593
1059	1603
1059	1565
1059	1643
1059	1663
1059	1612
1059	1585
1059	1535
1059	1575
1059	1606
1059	1657
1059	1636
1059	1601
1059	1795
1059	1605
1059	1569
1059	1878
1059	1748
1059	1628
1059	1613
1059	1530
1059	1452
1059	1468
1059	1642
1059	1761
1059	1685
1059	1638
1059	1705
1059	1561
1059	1675
1059	1765
1059	1696
1059	1616
1059	1710
1059	1660
1059	1526
1059	1572
1059	1621
1059	1547
1059	1666
1059	1597
1059	1645
1059	1540
1059	1600
1059	1544
1059	1684
1059	1773
1059	1625
1059	1695
1059	1636
1059	1481
1059	1536
1059	1560
1059	1480
1059	1617
1059	1613
1059	1553
1059	1753
1059	1694
1059	1851
1059	1692
1059	1562
1059	1559
1059	1510
1059	1729
1059	1625
1059	1740
1059	1559
1059	1497
1059	1506
1059	1564
1059	1697
1059	1552
1059	1644
1059	1663
1059	1719

melhor e media
1165	2737
1162	1873
1160	1825
1160	1775
1154	1872
1154	1790
1141	1843
1141	2070
1104	2059
1104	1779
1089	1820
1074	1719
1074	1645
1074	1635
1074	1552
1074	1530
1074	1728
1074	1644
1074	1698
1074	1533
1074	1555
1074	1598
1074	1671
1074	1537
1074	1617
1074	1537
1074	1738
1074	1647
1074	1608
1074	1539
1074	1629
1074	1606
1074	1595
1074	1636
1074	1718
1074	1562
1074	1685
1074	1709
1074	1628
1074	1704
1074	1531
1074	1712
1074	1561
1074	1693
1074	1599
1074	1739
1074	1643
1063	1630
1063	1618
1063	1649
1057	1667
1057	1731
1057	1665
1057	1605
1057	1510
1057	1563
1057	1582
1057	1572
1057	1778
1057	1678
1057	1539
1057	1642
1057	1758
1057	1667
1057	1560
1057	1592
1057	1591
1057	1651
1057	1723
1057	1668
1057	1529
1057	1610
1057	1583
1057	1408
1057	1599
1057	1581
1057	1615
1057	1607
1057	1546
1057	1592
1057	1639
1057	1620
1057	1653
1057	1773
1057	1647
1057	1495
1057	1682
1057	1572
1057	1474
1057	1706
1057	1580
1057	1548
1057	1631
1057	1510
1057	1623
1057	1538
1057	1565
1057	1605
1057	1633
1057	1726

melhor e media
1201	2529
1186	2197
1156	1759
1156	1727
1156	1781
1156	1836
1156	1889
1156	1845
1156	1836
1156	1801
1156	1903
1156	1974
1156	1833
1156	1895
1156	1896
1156	1789
1156	1834
1156	1745
1156	1774
1156	2013
1156	1824
1156	1809
1156	1985
1156	1934
1156	2010
1156	2077
1156	1810
1156	1864
1156	1881
1101	1802
1101	1626
1101	1616
1101	1560
1089	1603
1086	1592
1086	1590
1086	1660
1086	1694
1086	1570
1079	1633
1079	1732
1065	1807
1065	1615
1065	1591
1065	1695
1065	1569
1065	1608
1065	1717
1065	1785
1065	1754
1065	1553
1065	1618
1065	1568
1065	1610
1065	1727
1065	1524
1065	1667
1065	1643
1065	1539
1065	1609
1065	1725
1065	1623
1065	1537
1065	1720
1065	1748
1065	1564
1065	1681
1065	1695
1065	1708
1065	1601
1065	1512
1065	1628
1065	1698
1065	1709
1065	1552
1065	1619
1065	1637
1065	1706
1065	1648
1065	1567
1065	1584
1065	1778
1065	1674
1065	1640
1065	1613
1065	1728
1065	1510
1065	1621
1065	1601
1065	1779
1065	1678
1059	1633
1059	1559
1059	1616
1059	1626
1059	1475
1059	1646
1059	1462
1059	1605
1059	1759

melhor e media
1242	2641
1147	2125
1147	1745
1079	1702
1079	1726
1079	1696
1079	1676
1079	1686
1079	1681
1079	1787
1079	1595
1079	1686
1079	1643
1079	1541
1079	1658
1079	1688
1079	1776
1079	1682
1079	1675
1079	1686
1079	1770
1079	1681
1079	1855
1079	1592
1079	1806
1079	1731
1079	1587
1079	1547
1079	1787
1079	1680
1079	1962
1079	1818
1079	1838
1079	1649
1079	1691
1079	1589
1079	1687
1079	1607
1079	1822
1079	1614
1079	1617
1079	1676
1079	1564
1079	1818
1079	1689
1079	1739
1079	1626
1079	1800
1079	1502
1079	1741
1079	1618
1079	1576
1079	1706
1079	1588
1079	1556
1079	1582
1079	1730
1079	1710
1079	1653
1079	1809
1079	1562
1079	1609
1079	1755
1079	1577
1079	1576
1079	1747
1079	1673
1079	1684
1079	1760
1079	1866
1079	1656
1079	1700
1079	1642
1079	1638
1079	1608
1079	1603
1079	1721
1079	1542
1079	1629
1079	1735
1079	1577
1079	1761
1079	1665
1079	1699
1079	1787
1079	1581
1079	1625
1076	1713
1076	1683
1074	1613
1074	1640
1074	1629
1074	1661
1074	1794
1074	1628
1074	1761
1074	1860
1074	1718
1074	1804
1074	1690

melhor e media
1175	2768
1158	1977
1120	1771
1120	1635
1120	1547
1120	1514
1120	1582
1120	1552
1079	1480
1079	1759
1079	1689
1079	1709
1079	1787
1079	1792
1079	1834
1079	1804
1079	1695
1079	1822
1079	1671
1079	1719
1079	1777
1079	1657
1079	1695
1079	1751
1079	1787
1079	1795
1079	1660
1079	1788
1079	1561
1079	1740
1079	1802
1079	1719
1079	1770
1079	1704
1079	1843
1079	1599
1079	1738
1079	1857
1079	1717
1079	1826
1079	1827
1079	1873
1079	1837
1079	1781
1079	1857
1079	1798
1079	1700
1079	1828
1079	1807
1079	1738
1079	1772
1079	1966
1079	1700
1079	1799
1079	1777
1079	1822
1079	1860
1079	1863
1079	1777
1079	1904
1079	1847
1079	1794
1079	1900
1079	1936
1079	1965
1079	1786
1079	1822
1079	1893
1079	1768
1079	1793
1079	1877
1079	1810
1079	1895
1079	1845
1079	1802
1079	1675
1079	1763
1079	1966
1079	1888
1079	1990
1079	1868
1079	1783
1079	1847
1079	1905
1079	1920
1079	1749
1079	1796
1079	1838
1079	1846
1079	1872
1079	1771
1079	1770
1079	1721
1079	2076
1079	1959
1079	1839
1079	1905
1079	1821
1079	1789
1079	1845

melhor e media
1326	2550
1250	2063
1200	2096
1200	1900
1175	1858
1175	1849
1175	1921
1172	1885
1155	1802
1155	1910
1155	2059
1155	2261
1155	2173
1155	2312
1155	2236
1155	2133
1155	2348
1152	2418
1152	2091
1152	1987
1152	2110
1152	2226
1152	2102
1152	2062
1152	2177
1152	2065
1152	2100
1152	2404
1152	2231
1152	2131
1152	2119
1152	2466
1152	2179
1152	2305
1152	2187
1152	2312
1152	2372
1152	2287
1152	2587
1152	2469
1152	2359
1152	2212
1152	2126
1152	2157
1152	2109
1152	2170
1152	2064
1147	2039
1147	2354
1147	2101
1147	2063
1147	2094
1147	2063
1147	2180
1147	1999
1147	2073
1147	1990
1147	1888
1147	2091
1147	2084
1112	2425
1112	1576
1112	1627
1112	1750
1112	1571
1112	1483
1112	1682
1112	1746
1112	1724
1112	1608
1076	1634
1076	1622
1076	1742
1076	1724
1076	1618
1076	1665
1076	1593
1076	1743
1076	1719
1076	1750
1076	1729
1076	1687
1076	1717
1076	1796
1076	1823
1076	1735
1076	1623
1076	1584
1076	1730
1076	1870
1076	1868
1076	1586
1076	1707
1076	1637
1076	1591
1076	1740
1076	1864
1076	1811
1076	1593
1076	1997

melhor e media
1213	2595
1141	1929
1141	1776
1141	1828
1141	1801
1141	1772
1141	1849
1133	1848
1079	1723
1079	1647
1079	1682
1079	1701
1069	1651
1069	1667
1069	1809
1069	1612
1069	1589
1069	1730
1069	1619
1069	1720
1069	1792
1069	1904
1069	1718
1069	1692
1069	1747
1069	1766
1069	1645
1069	1613
1069	1639
1069	1643
1069	1842
1069	1650
1069	1594
1069	1651
1069	1959
1069	1561
1069	1662
1069	1606
1069	1637
1069	1675
1069	1570
1069	1697
1069	1730
1069	1705
1069	1545
1069	1561
1069	1779
1069	1586
1069	1712
1069	1784
1069	1732
1069	1639
1069	1770
1069	1734
1069	1564
1069	1734
1069	1705
1069	1649
1069	1726
1069	1625
1069	1641
1069	1682
1069	1600
1069	1624
1069	1645
1069	1718
1069	1689
1069	1531
1069	1557
1069	1564
1069	1507
1069	1578
1069	1565
1069	1694
1069	1581
1069	1773
1069	1718
1069	1738
1069	1753
1069	1770
1069	1604
1069	1700
1069	1682
1069	1635
1069	1722
1069	1724
1069	1611
1069	1564
1069	1561
1069	1612
1069	1683
1069	1592
1069	1715
1069	1659
1069	1760
1069	1768
1069	1662
1069	1694
1069	1582
1069	1623

melhor e media
1179	2413
1127	1876
1127	1824
1127	1870
1110	1825
1110	1846
1110	1779
1110	1795
1110	1754
1110	1783
1110	1763
1110	1868
1110	1700
1110	1653
1110	1739
1110	1710
1110	1733
1110	1868
1110	1782
1110	1900
1110	1858
1110	1777
1110	1690
1110	1782
1110	1807
1110	1724
1110	1843
1110	1700
1110	1695
1110	1758
1110	1740
1110	1679
1110	1609
1110	1667
1110	1841
1110	1719
1110	1715
1110	1807
1096	1808
1096	1711
1077	1746
1077	1614
1077	1586
1077	1533
1074	1594
1074	1577
1074	1674
1074	1794
1074	1778
1074	1652
1074	1719
1074	1822
1074	1833
1074	1783
1074	1614
1074	1779
1074	1708
1074	1643
1074	1879
1074	1717
1074	1550
1074	1552
1074	1601
1074	1677
1074	1685
1074	1558
1074	1600
1074	1655
1074	1761
1074	1838
1074	1652
1074	1727
1074	1658
1074	1639
1074	1794
1074	1760
1074	1650
1074	1746
1074	1642
1074	1780
1074	1755
1074	1751
1074	1761
1074	1730
1074	1710
1074	1820
1074	1820
1074	1777
1074	1997
1074	1898
1074	1798
1074	1820
1074	1742
1074	1919
1074	1822
1074	1804
1074	1872
1074	1963
1074	1883
1074	1789

melhor e media
1160	2697
1160	2173
1120	1868
1120	1824
1120	1907
1120	1791
1120	1807
1120	1719
1120	1867
1120	1871
1120	1847
1120	1820
1120	1802
1120	1762
1120	1866
1120	1741
1120	1805
1120	1801
1120	1815
1120	1782
1120	1869
1120	1813
1120	1781
1120	1748
1120	1811
1113	1758
1113	1654
1113	1724
1098	1760
1098	1612
1098	1823
1098	1765
1098	1778
1098	1780
1098	1750
1098	1872
1079	1727
1079	1736
1079	1635
1074	1816
1074	1612
1074	1569
1067	1684
1067	1694
1067	1765
1067	1611
1067	1623
1067	1787
1067	1560
1067	1797
1067	1851
1067	1846
1067	1759
1067	1825
1067	1670
1067	1797
1067	1761
1067	1888
1067	1768
1067	1786
1067	1799
1067	1742
1067	1699
1067	1837
1067	1769
1067	1658
1067	1699
1067	1616
1067	1714
1067	1643
1067	1888
1067	1591
1067	1854
1067	1732
1067	1791
1067	1770
1067	1709
1067	1572
1067	1595
1067	1880
1067	1901
1067	1697
1067	1871
1067	1780
1067	1778
1067	1679
1067	1686
1067	1652
1067	1881
1067	1782
1067	1762
1067	1764
1067	1759
1067	1771
1067	1695
1067	1606
1067	1759
1067	1684
1067	1713
1067	1675

melhor e media
1310	2733
1169	1872
1169	1762
1149	1689
1149	1690
1114	1806
1114	1624
1114	1534
1114	1579
1114	1715
1114	1660
1114	1614
1114	1709
1114	1703
1114	1666
1114	1550
1114	1697
1114	1752
1114	1640
1114	1697
1114	1738
1114	1656
1114	1722
1114	1618
1114	1606
1114	1627
1114	1841
1114	1762
1114	1803
1114	1708
1114	1721
1114	1744
1114	1848
1114	1786
1114	1738
1114	1646
1114	1666
1114	1561
1114	1553
1114	1681
1114	1747
1114	1649
1114	1587
1114	1734
1114	1668
1114	1657
1114	1720
1114	1800
1114	1704
1114	1868
1114	1744
1114	1636
1114	1748
1114	1758
1114	1750
1114	1605
1114	1733
1114	1664
1114	1779
1114	1631
1114	1732
1114	1855
1114	1757
1114	1821
1114	1776
1114	1633
1114	1697
1114	1720
1114	1601
1114	1774
1114	1742
1114	1651
1114	1619
1114	1715
1079	1685
1079	1747
1079	1773
1079	1655
1079	1656
1079	1674
1079	1631
1079	1727
1079	1662
1079	1559
1079	1562
1079	1663
1079	1718
1079	1804
1079	1747
1079	1819
1079	1603
1079	1590
1079	1642
1079	1608
1079	1581
1079	1633
1079	1863
1079	1736
1079	1764
1079	1726

melhor e media
1179	2628
1179	1925
1175	1718
1140	1807
1140	1613
1140	1681
1140	1723
1140	1613
1140	1663
1140	1639
1140	1614
1133	1631
1132	1517
1121	1548
1121	1559
1121	1557
1121	1576
1121	1684
1121	1519
1121	1564
1108	1625
1108	1587
1108	1643
1106	1575
1106	1652
1079	1649
1079	1731
1079	1668
1079	1819
1079	1873
1079	1879
1079	1681
1079	1628
1079	1718
1079	1591
1079	1587
1079	1847
1079	1726
1079	1607
1079	1813
1079	1818
1079	1900
1079	1747
1076	1730
1076	1630
1076	1800
1076	1687
1076	1672
1076	1677
1074	1810
1074	1663
1074	1697
1074	1620
1074	1703
1074	1636
1074	1757
1074	1718
1074	1718
1074	1684
1074	1955
1074	1921
1074	1796
1074	1927
1074	1961
1074	1813
1074	1808
1074	1779
1074	1852
1074	1820
1074	1740
1074	1835
1074	1688
1074	1802
1074	1789
1074	2078
1074	1777
1074	1929
1074	1807
1074	1828
1074	1880
1074	1928
1074	1690
1074	1829
1074	1805
1074	1766
1074	1745
1074	1774
1074	1842
1074	1831
1074	1675
1074	1809
1074	1808
1074	1952
1074	1848
1074	1798
1074	1835
1074	1782
1074	1745
1074	1688
1074	1845

melhor e media
1165	2474
1165	1797
1096	1704
1096	1770
1096	1748
1096	1743
1096	1627
1096	1797
1096	1699
1096	1885
1095	1857
1095	1599
1095	1849
1095	1785
1095	1819
1095	1741
1095	1943
1095	1767
1093	1757
1093	1805
1093	1788
1093	1758
1093	1877
1093	1906
1093	1918
1093	1770
1093	1802
1093	1910
1093	1850
1093	2004
1093	1874
1093	1759
1093	1808
1093	1897
1093	1924
1093	1690
1093	1995
1093	1940
1093	1913
1093	1844
1093	1693
1093	1656
1093	1811
1086	1790
1086	1825
1086	1745
1086	1427
1086	1714
1086	1741
1086	1778
1086	1932
1086	1830
1086	1724
1086	1834
1086	1795
1086	1621
1086	1733
1086	1825
1086	1856
1086	1928
1047	1646
1047	1679
1047	1731
1047	1773
1047	1791
1047	1810
1047	1851
1047	1774
1047	1695
1047	1872
1047	1940
1047	1752
1045	1750
1045	1696
1045	1725
1045	1740
1045	1716
1045	1885
1045	1757
1045	1870
1045	1959
1045	1861
1045	1704
1045	1596
1045	1578
1045	1674
1045	1850
1045	1925
1045	1739
1045	1833
1045	1851
1045	1644
1045	1925
1045	1861
1045	1830
1045	1752
1045	1606
1045	1705
1045	1848
1045	1723

melhor e media
1295	2757
1139	2023
1139	1626
1111	1629
1111	1545
1111	1564
1089	1597
1089	1706
1089	1742
1089	1641
1089	1560
1089	1535
1089	1646
1089	1560
1074	1532
1074	1559
1074	1587
1074	1537
1074	1580
1074	1580
1074	1664
1074	1692
1074	1710
1074	1609
1074	1595
1074	1607
1074	1649
1074	1610
1074	1697
1074	1611
1074	1554
1074	1578
1074	1551
1074	1616
1074	1625
1074	1658
1074	1666
1074	1596
1074	1680
1074	1523
1074	1616
1074	1711
1074	1699
1074	1702
1074	1622
1074	1617
1074	1655
1074	1507
1074	1582
1074	1748
1074	1769
1074	1755
1074	1621
1074	1731
1074	1656
1074	1659
1074	1631
1074	1526
1074	1698
1074	1720
1074	1608
1074	1630
1074	1692
1074	1692
1074	1654
1074	1603
1074	1468
1074	1586
1074	1650
1074	1525
1074	1675
1074	1851
1074	1705
1074	1672
1074	1614
1074	1636
1074	1582
1074	1667
1074	1605
1074	1656
1074	1704
1074	1685
1074	1765
1074	1675
1074	1746
1074	1669
1074	1687
1074	1561
1074	1656
1074	1597
1074	1694
1074	1654
1074	1569
1074	1658
1074	1569
1074	1692
1074	1649
1074	1756
1074	1730
1074	1733

melhor e media
1237	2778
1156	1946
1156	1912
1156	1974
1156	1822
1156	1920
1156	1919
1156	1971
1156	1901
1153	1852
1153	1801
1153	1854
1126	1829
1126	1728
1125	1662
1125	1832
1079	1900
1079	1914
1079	1975
1079	1749
1079	1698
1079	1832
1079	1678
1079	1643
1079	1711
1079	1684
1079	1612
1079	1707
1079	1761
1079	1781
1079	1797
1079	1965
1079	1737
1079	1679
1079	1656
1079	1830
1079	1813
1079	1850
1079	1776
1079	1712
1079	1886
1079	1898
1079	1818
1079	1706
1079	1713
1079	1836
1079	1866
1079	1821
1079	1832
1079	1863
1079	1750
1079	1769
1079	1817
1079	1887
1079	1734
1079	1860
1079	1801
1079	1739
1079	1903
1079	1663
1079	1811
1079	1895
1079	1862
1079	1818
1079	1839
1079	1869
1079	1850
1079	1938
1079	1814
1079	1750
1079	1906
1079	1854
1079	1867
1079	1874
1079	1751
1079	1595
1079	1612
1079	1858
1079	1747
1079	1759
1079	1835
1079	1773
1079	1804
1079	1672
1079	1835
1079	1779
1079	1926
1079	1738
1079	1793
1079	1898
1079	1882
1079	1700
1079	1892
1079	1946
1079	1780
1079	1770
1079	1856
1079	1783
1079	1859
1079	1795

melhor e media
1352	2535
1279	1992
1279	1945
1217	1997
1213	1903
1175	1664
1175	2027
1175	1979
1174	1959
1174	2069
1174	2252
1174	2296
1174	2191
1121	2306
1121	2290
1121	2124
1121	2253
1121	2251
1121	2342
1121	2305
1121	2030
1121	2199
1121	2139
1081	2322
1081	2067
1081	1849
1081	1850
1081	1905
1081	1685
1081	1957
1081	1848
1081	1845
1079	1679
1079	1934
1079	1951
1079	1978
1079	1906
1079	2015
1079	2044
1079	2217
1079	2018
1079	1986
1079	1752
1079	2033
1079	1885
1079	1846
1079	1908
1079	1759
1079	1922
1079	1907
1079	1793
1079	1875
1079	1823
1079	1871
1079	2123
1079	2136
1079	1964
1079	2158
1079	2090
1079	1979
1079	2080
1079	1969
1079	2053
1079	2231
1079	2392
1079	2009
1079	2308
1079	2036
1079	2111
1079	2209
1079	2216
1079	2083
1079	2178
1079	2122
1079	2171
1079	2271
1079	2150
1079	2076
1079	2189
1079	2175
1079	2053
1079	2185
1079	2144
1079	2198
1079	1973
1079	2252
1063	2032
1063	2194
1063	1901
1063	2013
1063	1966
1063	2071
1063	1977
1045	1798
1045	2132
1045	1877
1045	1879
1045	1916
1045	2009
1045	2068

melhor e media
1220	2713
1165	1948
1135	1653
1129	1681
1129	1624
1129	1684
1129	1611
1129	1691
1129	1544
1129	1573
1129	1577
1129	1523
1129	1480
1129	1561
1124	1745
1124	1643
1124	1751
1124	1739
1124	1751
1124	1689
1110	1699
1110	1632
1079	1740
1079	1643
1079	1773
1079	1657
1079	1791
1079	1792
1079	1719
1079	1820
1079	1763
1079	1745
1079	1754
1079	1754
1079	1970
1079	1920
1079	1879
1079	1807
1079	1718
1079	1742
1079	1780
1079	1692
1079	1939
1079	1908
1079	1850
1079	1942
1079	1875
1079	1946
1079	2184
1079	1949
1079	2063
1079	2167
1079	2091
1079	1769
1079	2028
1074	1811
1074	2072
1074	1851
1074	1996
1074	2023
1074	1895
1074	1904
1074	1921
1074	1823
1074	1822
1074	1935
1074	1819
1074	1829
1074	1962
1074	2100
1074	1956
1074	1941
1074	1929
1074	1843
1060	1728
1060	1907
1060	1589
1060	1732
1060	1951
1060	1907
1060	1877
1060	1844
1060	1893
1060	1676
1060	1685
1060	1852
1060	1631
1060	1784
1060	1932
1060	1850
1060	1863
1060	1804
1060	1788
1060	2045
1060	1895
1060	1995
1060	1780
1060	1617
1060	1873
1060	1803

melhor e media
1266	2484
1255	2038
1255	1722
1205	1669
1180	1699
1180	1731
1180	1922
1180	1928
1180	1854
1180	1799
1180	1944
1180	1890
1180	1797
1180	1989
1180	1920
1180	1934
1180	1989
1180	1938
1180	1834
1180	1865
1180	2099
1180	2015
1180	1897
1180	1911
1180	2142
1180	1984
1180	2023
1180	1900
1180	1947
1180	1891
1180	1779
1180	1822
1180	1838
1180	1962
1159	1955
1159	1642
1134	1555
1134	1751
1134	1689
1134	1734
1134	1737
1134	1896
1134	1888
1134	1845
1125	1786
1125	1755
1125	1757
1125	1760
1125	1600
1125	1810
1125	1753
1125	1732
1114	1849
1114	1733
1091	1704
1091	1536
1079	1551
1079	1648
1079	1621
1079	1754
1079	1857
1074	1803
1074	1742
1074	1772
1074	1732
1074	1631
1074	1827
1074	1713
1074	1902
1074	1807
1074	1609
1074	1707
1074	1884
1074	1867
1074	1901
1074	1750
1074	1767
1074	1695
1074	1744
1074	1762
1074	1803
1074	1678
1074	1700
1074	1915
1074	1762
1074	1728
1074	1758
1074	1670
1074	1638
1074	1751
1074	1728
1074	1654
1074	1659
1074	1740
1074	1826
1074	1712
1074	1652
1074	1671
1074	1733
1074	1737

melhor e media
1207	2539
1194	2089
1160	1771
1160	1528
1160	1486
1160	1561
1160	1613
1160	1611
1160	1528
1160	1475
1143	1432
1143	1661
1143	1493
1143	1601
1143	1565
1143	1609
1143	1540
1140	1521
1140	1467
1101	1474
1101	1620
1101	1637
1085	1602
1085	1646
1085	1690
1085	1628
1085	1716
1085	1694
1085	1684
1083	1735
1083	1594
1073	1640
1073	1670
1073	1640
1073	1560
1073	1758
1073	1615
1073	1698
1073	1668
1073	1586
1073	1583
1073	1672
1073	1553
1073	1613
1073	1645
1073	1554
1073	1528
1073	1716
1067	1521
1067	1638
1067	1675
1067	1626
1067	1670
1067	1590
1067	1686
1067	1640
1067	1645
1067	1776
1067	1644
1067	1663
1067	1678
1067	1649
1067	1623
1067	1591
1067	1692
1067	1749
1067	1737
1067	1689
1067	1531
1067	1718
1067	1769
1067	1806
1067	1831
1067	1746
1067	1745
1067	1677
1067	1803
1067	1610
1067	1815
1067	1686
1067	1857
1067	1874
1067	1765
1067	1676
1067	1638
1067	1714
1067	1901
1067	1842
1067	1732
1067	1663
1067	1748
1067	1791
1067	1797
1067	1808
1067	1739
1067	1876
1067	1779
1067	1916
1067	1819
1067	1720

melhor e media
1235	2580
1114	2016
1114	1735
1114	1790
1114	1919
1114	1634
1114	1829
1114	1814
1114	1709
1114	1749
1114	1777
1114	1895
1114	1878
1079	1831
1079	1878
1079	1904
1079	1714
1079	1910
1079	1818
1079	1867
1079	1907
1079	2004
1079	1959
1079	1781
1079	1851
1079	1755
1079	1911
1079	1906
1079	1827
1079	2013
1079	1760
1079	1934
1079	1769
1079	1762
1079	1819
1079	1819
1079	1846
1079	1992
1079	1889
1079	1766
1079	1687
1079	1757
1079	1858
1079	1793
1079	1852
1079	1747
1079	1889
1079	1788
1079	1791
1079	1646
1079	1639
1079	1978
1079	1722
1079	1760
1079	1733
1079	1818
1079	1642
1079	1978
1079	1850
1079	1938
1079	1560
1079	1708
1079	1461
1079	1608
1079	1679
1079	1609
1079	1716
1079	1532
1079	1618
1079	1645
1079	1612
1079	1614
1079	1628
1079	1650
1079	1622
1079	1509
1079	1651
1079	1610
1079	1691
1079	1610
1079	1622
1079	1550
1079	1560
1079	1629
1079	1648
1079	1589
1079	1681
1079	1717
1079	1635
1079	1599
1079	1594
1079	1586
1057	1738
1057	1614
1057	1553
1057	1479
1057	1671
1057	1440
1057	1546
1057	1621

melhor e media
1276	2745
1243	2071
1150	1704
1150	1490
1150	1585
1125	1493
1079	1427
1079	1479
1079	1517
1079	1626
1079	1608
1079	1670
1079	1529
1079	1695
1079	1675
1079	1784
1079	1739
1079	1596
1079	1679
1079	1580
1079	1657
1079	1796
1079	1859
1079	1736
1079	1776
1079	1655
1079	1707
1079	1891
1079	1750
1079	1743
1079	1590
1079	1745
1079	1707
1079	1861
1079	1899
1079	1789
1079	1767
1079	1712
1079	1853
1079	1753
1079	1826
1079	1808
1079	1833
1079	1765
1079	1676
1079	1738
1079	1853
1079	1674
1079	1622
1079	1860
1079	1572
1079	1882
1079	1873
1079	1803
1079	1806
1079	1845
1079	1761
1079	1943
1079	1849
1079	1963
1079	1963
1079	2005
1079	2015
1079	1938
1079	2022
1079	1824
1079	1955
1079	2009
1079	1956
1079	1950
1079	2118
1079	1912
1079	1965
1079	1997
1079	2233
1079	1937
1079	2166
1079	1986
1079	1940
1079	1925
1079	1850
1079	2040
1079	1913
1079	2064
1079	2162
1079	1879
1079	2046
1079	1994
1079	2105
1079	2153
1079	2119
1079	1814
1079	2082
1079	2042
1079	1904
1079	2049
1079	1765
1079	1997
1079	1943
1079	1920

melhor e media
1212	2612
1200	2065
1197	1835
1178	1729
1159	1712
1114	1735
1114	1684
1101	1661
1101	1530
1101	1443
1074	1664
1074	1622
1074	1638
1067	1688
1067	1721
1067	1640
1067	1644
1067	1779
1067	1870
1067	1757
1067	1759
1067	1771
1067	1717
1067	1768
1067	1694
1067	1737
1067	1858
1067	1748
1067	1773
1067	1832
1067	1741
1067	1709
1067	1627
1067	1736
1067	1699
1067	1724
1067	1658
1067	1886
1067	1788
1067	1722
1067	1519
1067	1708
1067	1712
1067	1802
1067	1779
1067	1673
1067	1681
1067	1838
1067	1622
1067	1719
1067	1786
1067	1707
1067	1718
1067	1605
1067	1634
1067	1549
1067	1751
1067	1869
1067	1866
1067	1763
1067	1757
1067	1586
1067	1570
1067	1898
1067	1635
1067	1745
1067	1653
1067	1678
1067	1696
1067	1784
1067	1704
1067	1755
1067	1689
1067	1763
1067	1856
1067	1765
1067	1703
1067	1700
1067	1587
1067	1926
1067	1695
1067	1679
1067	1629
1067	1801
1067	1779
1067	1653
1067	1729
1067	1902
1067	1719
1067	1721
1067	1649
1067	1590
1067	1710
1067	1688
1067	1484
1067	1696
1067	1604
1067	1661
1067	1605
1067	1627

melhor e media
1238	2529
1189	1850
1183	1650
1172	1608
1153	1633
1153	1522
1153	1528
1153	1603
1098	1732
1098	1682
1098	1509
1098	1503
1098	1603
1098	1418
1098	1771
1098	1601
1079	1636
1079	1681
1079	1703
1079	1688
1079	1712
1079	1703
1079	1818
1079	1820
1079	2083
1079	2016
1079	2076
1079	1811
1079	1836
1079	1752
1079	2028
1079	1945
1079	1853
1079	1867
1079	1791
1079	1908
1079	1988
1079	1919
1079	1863
1079	2037
1079	1965
1079	1787
1079	1879
1079	1979
1079	1915
1079	1841
1079	1938
1079	1773
1079	1854
1079	1711
1079	1605
1079	1649
1079	2021
1079	1885
1079	2039
1079	1741
1079	1764
1079	1684
1079	1781
1079	1712
1079	1771
1079	1767
1079	1912
1079	1865
1079	1806
1079	1824
1079	1898
1079	1882
1079	1755
1079	1736
1079	1912
1079	1796
1079	1977
1079	1974
1079	1886
1079	1832
1079	1931
1079	1624
1079	1825
1079	1793
1079	1751
1079	1862
1079	1785
1079	1825
1079	1967
1079	1959
1079	1817
1079	1751
1079	1855
1079	2022
1079	1974
1079	1948
1079	1790
1079	1955
1079	1700
1079	1790
1079	1977
1079	1710
1079	1917
1079	1921

melhor e media
1271	2410
1221	1830
1184	1763
1079	1634
1079	1748
1079	1666
1079	1694
1079	1678
1079	1710
1079	1745
1079	1815
1079	1925
1079	1705
1079	1711
1079	1692
1079	1738
1079	1828
1079	1833
1079	1736
1079	1652
1079	1765
1079	1718
1079	1683
1079	1774
1079	1731
1079	1630
1079	1653
1079	1775
1079	1726
1079	1828
1079	1755
1079	1661
1079	1697
1079	1666
1079	1643
1079	1785
1079	1641
1079	1793
1079	1751
1079	1854
1079	1819
1079	1616
1079	1644
1079	1693
1079	1723
1079	1649
1079	1710
1079	1924
1079	1781
1079	1742
1079	1718
1079	1678
1079	1841
1079	1697
1079	1758
1079	1769
1079	1694
1079	1638
1079	1622
1079	1767
1079	1751
1079	1835
1079	1846
1079	1757
1079	1807
1079	1733
1079	1761
1079	1670
1079	1754
1079	1749
1079	1812
1079	1982
1079	1909
1079	1760
1079	1650
1079	1820
1079	1669
1079	1754
1079	1909
1079	1910
1079	1783
1079	1805
1079	1719
1079	1695
1079	1717
1079	1650
1079	1681
1079	1744
1079	1876
1079	1600
1079	1763
1079	1656
1079	1653
1079	1599
1079	1663
1079	1764
1079	1699
1079	1673
1079	1572
1079	1552

melhor e media
1254	2634
1217	2417
1217	1940
1200	2137
1200	1857
1187	2006
1186	1665
1182	1801
1182	1788
1145	1766
1145	1620
1145	1669
1145	1669
1145	1678
1145	1696
1079	1614
1079	1659
1079	1769
1079	1667
1079	1762
1079	1870
1079	1792
1079	1768
1079	1595
1079	1640
1079	1676
1079	1937
1079	1968
1047	1983
1047	1785
1047	1878
1047	1851
1047	1729
1047	1977
1047	1942
1047	1770
1047	1894
1047	1771
1047	1768
1047	1821
1047	1845
1047	1900
1047	1777
1047	1949
1047	1928
1047	1810
1047	2123
1047	1758
1047	1734
1047	1863
1047	1869
1047	1869
1047	1734
1047	1793
1047	1851
1047	1729
1047	1814
1047	1753
1047	2061
1047	1814
1047	1796
1047	1904
1047	1816
1047	1767
1047	1953
1047	1909
1047	1938
1047	1806
1047	1773
1047	1730
1047	1796
1047	1827
1047	1766
1047	1864
1047	1890
1047	1967
1047	1959
1047	1999
1047	1895
1047	2016
1047	1968
1047	1935
1047	1716
1047	1867
1047	1782
1047	1876
1047	1964
1047	1733
1047	1791
1047	1767
1047	1896
1047	1763
1047	1877
1047	1746
1047	1743
1047	1699
1045	1815
1045	1832
1045	1728
1045	1719

melhor e media
1185	2610
1127	1944
1110	1616
1110	1519
1079	1611
1079	1654
1079	1619
1079	1755
1079	1725
1079	1636
1079	1652
1079	1596
1079	1693
1079	1625
1079	1638
1079	1720
1079	1772
1079	1776
1079	1671
1079	1657
1079	1635
1079	1760
1079	1778
1079	1814
1079	1688
1079	1738
1079	1765
1079	1665
1079	1638
1079	1699
1079	1627
1079	1637
1079	1701
1079	1789
1074	1601
1074	1612
1074	1613
1074	1693
1074	1724
1074	1550
1074	1731
1074	1796
1074	1822
1074	1546
1074	1625
1074	1701
1074	1659
1074	1597
1074	1700
1074	1547
1074	1525
1074	1600
1074	1533
1074	1632
1074	1681
1074	1736
1074	1685
1074	1607
1074	1627
1074	1581
1074	1684
1074	1640
1074	1625
1074	1611
1074	1675
1074	1571
1074	1506
1074	1537
1074	1601
1074	1562
1074	1615
1074	1680
1074	1688
1074	1704
1074	1613
1074	1630
1074	1713
1074	1755
1074	1697
1074	1702
1074	1668
1074	1541
1074	1701
1074	1652
1074	1618
1074	1657
1074	1754
1074	1508
1074	1614
1074	1553
1074	1684
1074	1634
1074	1670
1074	1608
1074	1544
1074	1532
1074	1575
1074	1787
1074	1612
1074	1541

melhor e media
1173	2512
1131	1906
1102	1516
1096	1513
1096	1439
1096	1526
1086	1472
1086	1577
1086	1564
1086	1555
1086	1750
1086	1565
1086	1714
1086	1613
1086	1633
1086	1608
1086	1770
1086	1625
1086	1606
1086	1725
1086	1693
1071	1665
1071	1694
1071	1775
1071	1833
1071	1783
1071	1694
1071	1647
1071	1656
1071	1622
1071	1917
1071	1628
1071	1698
1071	1764
1071	1791
1071	1650
1071	1650
1071	1696
1071	1847
1071	1708
1071	1653
1071	1841
1071	1632
1071	1701
1071	1685
1071	1677
1071	1709
1071	1637
1071	1729
1071	1593
1071	1655
1071	1663
1071	1685
1071	1890
1071	1694
1071	1740
1071	1700
1071	1765
1071	1753
1071	1566
1071	1743
1071	1677
1071	1781
1071	1710
1071	1694
1071	1784
1071	1686
1071	1648
1069	1660
1069	1602
1069	1766
1069	1818
1069	1735
1069	1717
1069	1751
1069	1727
1069	1721
1069	1661
1069	1536
1069	1632
1069	1732
1069	1821
1069	1669
1069	1701
1069	1581
1069	1556
1069	1599
1069	1543
1069	1618
1069	1656
1069	1594
1069	1577
1069	1648
1069	1661
1069	1720
1069	1757
1069	1714
1069	1606
1069	1672
1069	1557

melhor e media
1165	2577
1158	1933
1101	1642
1086	1577
1086	1631
1079	1650
1079	1676
1079	1704
1079	1757
1079	1729
1079	1670
1079	1857
1079	1646
1079	1729
1076	1727
1076	1679
1076	1611
1076	1562
1076	1700
1076	1576
1076	1673
1076	1579
1076	1599
1076	1904
1076	1601
1076	1729
1076	1661
1076	1612
1076	1624
1076	1620
1076	1820
1076	1812
1076	1670
1076	1800
1076	1775
1076	1571
1076	1777
1076	1689
1076	1553
1076	1777
1076	1641
1076	1609
1076	1704
1076	1737
1076	1697
1076	1763
1076	1720
1076	1825
1076	1681
1076	1695
1076	1643
1076	1820
1076	1713
1076	1757
1076	1739
1076	1704
1076	1688
1076	1592
1076	1680
1076	1745
1076	1867
1076	1789
1076	1822
1076	1782
1076	1790
1076	1688
1076	1634
1076	1574
1076	1706
1076	1612
1076	1810
1076	1749
1076	1622
1076	1791
1076	1797
1076	1792
1074	1675
1074	1613
1074	1593
1074	1721
1074	1598
1074	1662
1074	1783
1074	1716
1074	1647
1074	1675
1074	1729
1074	1710
1074	1670
1074	1863
1074	1844
1074	1734
1074	1664
1074	1727
1074	1688
1074	1716
1074	1732
1074	1487
1074	1527
1074	1698

melhor e media
1248	2501
1079	1935
1078	1731
1078	1517
1078	1485
1078	1524
1078	1407
1078	1508
1078	1469
1078	1395
1078	1499
1078	1599
1078	1582
1078	1492
1078	1476
1078	1572
1078	1571
1078	1602
1078	1460
1078	1524
1078	1411
1078	1444
1077	1466
1077	1367
1077	1427
1077	1453
1063	1524
1063	1410
1063	1441
1063	1549
1063	1701
1063	1568
1063	1489
1063	1578
1063	1512
1063	1505
1063	1522
1063	1507
1063	1480
1063	1652
1059	1562
1059	1560
1059	1620
1059	1747
1059	1699
1059	1557
1059	1556
1059	1561
1059	1651
1059	1564
1059	1588
1059	1592
1059	1550
1059	1504
1059	1529
1059	1513
1059	1598
1059	1659
1059	1747
1059	1585
1059	1611
1045	1478
1045	1527
1045	1509
1045	1575
1045	1507
1045	1550
1045	1588
1045	1609
1045	1629
1045	1636
1045	1634
1045	1576
1045	1551
1045	1597
1045	1524
1045	1646
1045	1556
1045	1868
1045	1651
1045	1717
1045	1719
1045	1658
1045	1605
1045	1564
1045	1560
1045	1538
1045	1566
1045	1448
1045	1696
1045	1678
1045	1579
1045	1631
1045	1508
1045	1496
1045	1564
1045	1575
1045	1593
1045	1559
1045	1742

