melhor e media

1804	2653
1804	2863
1804	2570
1804	2517
1804	2497
1804	2658
1804	2589
1804	2520
1804	2382
1804	2271
1804	2337
1781	2422
1781	2816
1781	2638
1781	2581
1781	2544
1781	2408
1766	2443
1766	2273
1766	2307
1766	2226
1766	2198
1766	2209
1766	2099
1766	2189
1766	2053
1766	2325
1766	2197
1766	2289
1766	2392
1766	2458
1766	2332
1766	2280
1766	2311
1766	2457
1766	2240
1766	2200
1766	2132
1766	2358
1766	2425
1766	2102
1766	2251
1766	1986
1766	2257
1766	2279
1766	2464
1766	2303
1766	2117
1766	2239
1766	2075

melhor e media

2031	3047
1756	2814
1756	2523
1756	2616
1756	2326
1756	2262
1756	2291
1756	2134
1756	2079
1756	2048
1728	2079
1728	2165
1728	2139
1728	2212
1728	2139
1728	2122
1728	1999
1728	2025
1728	2127
1728	2361
1728	2118
1728	2011
1728	1974
1728	2001
1728	2152
1728	1965
1728	2304
1728	2216
1728	2328
1728	2149
1728	2253
1728	2369
1728	2318
1728	2149
1728	2318
1728	2372
1728	2338
1728	2274
1728	2191
1728	2157
1728	2132
1728	2188
1728	2126
1728	2101
1728	1980
1728	2027
1728	2286
1728	2449
1728	2276
1728	2086

melhor e media

1737	2977
1737	2283
1648	2217
1648	2259
1648	2302
1648	2136
1648	2202
1648	2117
1648	2185
1648	2030
1648	2132
1648	1993
1648	1983
1648	1863
1648	2076
1648	1986
1648	2079
1648	1850
1648	2009
1648	1891
1648	2128
1648	1877
1648	2095
1648	2005
1648	2029
1648	1846
1648	1896
1648	1933
1648	1822
1648	1898
1648	1824
1648	1900
1648	2076
1648	2292
1648	2060
1648	1968
1648	1924
1648	1897
1648	2002
1648	1998
1648	2014
1648	2047
1648	2259
1648	2327
1642	1955
1641	2189
1641	2221
1641	2081
1641	2125
1641	2324

melhor e media

1842	2730
1666	2659
1641	2358
1641	2314
1641	2069
1641	2065
1641	2004
1641	1962
1641	2111
1641	2111
1641	2145
1641	2189
1641	2122
1641	2111
1641	2173
1641	2032
1641	1967
1641	2172
1641	2141
1641	2224
1641	2090
1641	2253
1641	2184
1641	2019
1641	2151
1641	2240
1641	2250
1641	2318
1641	2358
1641	2402
1641	2347
1641	2179
1641	1947
1641	2140
1641	2164
1641	2344
1641	2092
1641	1953
1641	2177
1641	2034
1641	2102
1641	2224
1641	2133
1641	2102
1641	2057
1641	2058
1641	1981
1641	2160
1641	2159
1641	1964

melhor e media

1728	2712
1728	2636
1728	2819
1728	2642
1728	2418
1728	2622
1728	2611
1728	2441
1728	2475
1728	2451
1728	2744
1728	2343
1725	2111
1725	2188
1677	2311
1677	2143
1655	2144
1655	2225
1641	2055
1641	2195
1641	2163
1641	2144
1641	2084
1641	1965
1641	2123
1641	2104
1641	2132
1641	2378
1641	2293
1641	2080
1641	2068
1641	2236
1641	2257
1641	2369
1641	2151
1641	2286
1641	2127
1641	2167
1641	2000
1641	2029
1641	2021
1641	1954
1641	1942
1641	1985
1641	2088
1641	2212
1641	2080
1641	2085
1641	2375
1641	2028

melhor e media

1818	2953
1816	2516
1781	2168
1781	2698
1781	2537
1781	2593
1781	2626
1781	2537
1781	2584
1781	2556
1781	2399
1781	2647
1781	2343
1781	2411
1781	2470
1781	2278
1781	2319
1781	2417
1781	2368
1781	2416
1781	2238
1781	2479
1781	2441
1781	2601
1781	2371
1781	2508
1781	2562
1781	2462
1766	2524
1766	2437
1766	2263
1766	2230
1766	2221
1766	2148
1766	2150
1766	2123
1766	2305
1766	2225
1766	2375
1766	2564
1766	2477
1766	2306
1766	2252
1766	2169
1766	2462
1766	2462
1766	2320
1766	2302
1766	2180
1766	2295

melhor e media

1737	2780
1737	2712
1737	2631
1737	2358
1737	2396
1721	2291
1721	2505
1721	2235
1721	2089
1721	1979
1721	2089
1721	2222
1721	2352
1721	2236
1721	2254
1721	2107
1721	2331
1721	2214
1721	2166
1721	2025
1721	2199
1721	2115
1721	2222
1721	2216
1721	2326
1721	2197
1721	2204
1721	2144
1721	2278
1721	2227
1721	2229
1721	2370
1721	2206
1721	2193
1721	2236
1721	2234
1721	2351
1721	2474
1721	2254
1721	2304
1721	2476
1721	2516
1721	2414
1721	2230
1721	2274
1721	2324
1721	2326
1721	2192
1721	2042
1721	2056

melhor e media

1950	2970
1776	2547
1711	2787
1677	2361
1677	2192
1655	2211
1641	2351
1641	2480
1641	2411
1641	2485
1641	2489
1641	2219
1641	2283
1641	1959
1641	2009
1641	2108
1641	2183
1641	2126
1641	2069
1641	2011
1641	1943
1641	2140
1641	2005
1641	2111
1641	2113
1641	2362
1641	2185
1641	2176
1641	2045
1641	2134
1641	1987
1641	2039
1641	2015
1641	2095
1641	2080
1641	2261
1641	2239
1641	2107
1641	2091
1641	2107
1641	2157
1641	2273
1641	2114
1641	2148
1641	2068
1641	2001
1641	2071
1641	2038
1641	2199
1641	1963

melhor e media

1837	2961
1737	2581
1721	2551
1721	2501
1721	2341
1721	2232
1721	2159
1721	2061
1721	2408
1721	2417
1721	2465
1721	2243
1721	2138
1721	2031
1721	2049
1721	2052
1721	2048
1721	2223
1717	2129
1641	2501
1641	2100
1641	2336
1641	2217
1641	2276
1641	2210
1641	2121
1641	2189
1641	2034
1641	2005
1641	2011
1641	2038
1641	1792
1641	2189
1641	2257
1641	2069
1641	2161
1641	2145
1641	2278
1641	2327
1641	2094
1641	2074
1641	1994
1641	2269
1641	2074
1641	2065
1641	2316
1641	2490
1641	2146
1641	2204
1641	2075

melhor e media

1856	2884
1856	2871
1856	2851
1856	2615
1805	2656
1805	2271
1805	2300
1805	2267
1805	2290
1805	2319
1805	2169
1805	2359
1805	2088
1805	2273
1805	2236
1805	2163
1805	2047
1805	2075
1805	2154
1805	2144
1766	2253
1751	2708
1751	2837
1711	2537
1677	2422
1675	2160
1642	2326
1642	2136
1642	2212
1642	2155
1642	2356
1642	1998
1641	2275
1641	2161
1641	2257
1641	2390
1641	2237
1641	2180
1641	2055
1641	2078
1641	2098
1641	2189
1641	2163
1641	2045
1641	2176
1641	1988
1641	2084
1641	2038
1641	2022
1641	2367

melhor e media

2003	2896
1756	2278
1737	2460
1721	2555
1721	2203
1721	2330
1721	2228
1721	2200
1711	2240
1711	2331
1711	2245
1664	2226
1641	2242
1641	2235
1641	2145
1641	2241
1641	2080
1641	2026
1641	1812
1641	1902
1641	2013
1641	2154
1641	2012
1641	2257
1641	2190
1641	2172
1641	2137
1641	1998
1641	2071
1641	2028
1641	2016
1641	2132
1641	2226
1641	2182
1641	2117
1641	2138
1641	2140
1641	2100
1641	2032
1641	2175
1641	2292
1641	2274
1641	2243
1641	2145
1641	2202
1641	2328
1641	2165
1641	2110
1641	1940
1641	2033

melhor e media

1776	2951
1776	2600
1737	2470
1737	2366
1737	2299
1737	2153
1737	2271
1737	2228
1737	2134
1737	2081
1737	2245
1737	2091
1737	2024
1737	2128
1737	1990
1737	2162
1737	2320
1737	2193
1737	2124
1737	2071
1721	2260
1721	2322
1721	2302
1721	2253
1721	2109
1721	2174
1721	2280
1721	2432
1721	2338
1721	2315
1721	2189
1721	2020
1721	2306
1721	2182
1721	2204
1721	2171
1721	2153
1721	2316
1721	2278
1721	2341
1721	2232
1721	2254
1721	2331
1721	2043
1721	2346
1721	2090
1721	2264
1721	2126
1721	2020
1721	2104

melhor e media

1761	2518
1761	2583
1761	2320
1751	2151
1751	2359
1751	2459
1726	2248
1726	2171
1726	2298
1721	2302
1721	2303
1721	2358
1721	2452
1721	2314
1721	2212
1721	2324
1721	2378
1721	2315
1721	2313
1721	2339
1721	2433
1721	2418
1721	2409
1721	2412
1721	2242
1721	2190
1721	2072
1721	2102
1721	2306
1721	2172
1721	2402
1721	2289
1717	2179
1655	2279
1642	1988
1641	2194
1641	2257
1641	2261
1641	2165
1641	2116
1641	2176
1641	2063
1641	1997
1641	2376
1641	2396
1641	2126
1641	2301
1641	2443
1641	2104
1641	2138

melhor e media

1862	2781
1842	2603
1825	2628
1825	2315
1825	2219
1825	2329
1825	2193
1825	2371
1825	2240
1825	2272
1825	2236
1825	2216
1825	2128
1825	2153
1825	2097
1825	2035
1825	2143
1781	2285
1760	2630
1728	2427
1728	2594
1728	2286
1728	2522
1728	2086
1728	2040
1728	2014
1728	2100
1728	2192
1728	2032
1728	2121
1696	2131
1696	2462
1696	2041
1696	1956
1696	1960
1696	1976
1696	2078
1696	2179
1696	2098
1696	2007
1696	1934
1696	1998
1696	1987
1696	1923
1696	2117
1696	1995
1696	2084
1696	1846
1696	2103
1696	2089

melhor e media

1781	2964
1753	2606
1753	2256
1726	2301
1726	2377
1726	2218
1675	2088
1675	2140
1641	2286
1641	2169
1641	2162
1641	2081
1641	2166
1641	2242
1641	2121
1641	2114
1641	2145
1641	2060
1641	2168
1641	2304
1641	2228
1641	1994
1641	2104
1641	2124
1641	2177
1641	2262
1641	2236
1641	2266
1641	2029
1641	2063
1641	1991
1641	2096
1641	2249
1641	2415
1641	2163
1641	2263
1641	2383
1641	2250
1641	2223
1641	2322
1641	2070
1641	1964
1641	2195
1641	2366
1641	2136
1641	2232
1641	2297
1641	2484
1641	2057
1641	2171

melhor e media

1781	2871
1721	2402
1721	2574
1721	2452
1721	2308
1721	2418
1721	2344
1721	2372
1721	2295
1721	2466
1721	2260
1721	2229
1721	2261
1721	2183
1721	2174
1721	2230
1721	2096
1721	2161
1721	2241
1721	2104
1721	2144
1721	2051
1721	2090
1721	2019
1721	2024
1721	1946
1721	2090
1721	2215
1721	2102
1721	2302
1721	2152
1721	2202
1721	2136
1721	2096
1721	2226
1721	2382
1721	2598
1721	2311
1721	2321
1721	2188
1721	2306
1721	2363
1721	2189
1721	2284
1721	2161
1721	2355
1721	2402
1721	2175
1721	2426
1721	2228

melhor e media

1857	2776
1772	2619
1648	2499
1648	2187
1648	2029
1648	2020
1648	1911
1648	1974
1648	1859
1648	1891
1648	2064
1648	2002
1648	2157
1648	2032
1648	2068
1648	2053
1648	2028
1648	1927
1648	2079
1648	2065
1648	2149
1648	1970
1648	2015
1648	1886
1648	1935
1648	1935
1648	2144
1648	2012
1648	2217
1648	1975
1648	2157
1648	2136
1648	1985
1648	2180
1648	2060
1648	1787
1648	2047
1648	2127
1648	1817
1648	1939
1648	1943
1648	2093
1648	2158
1648	2211
1648	2035
1648	2037
1648	1887
1648	2219
1648	2263
1648	2159

melhor e media

1737	2776
1655	2396
1655	2384
1655	1983
1655	1973
1641	1825
1641	2157
1641	2109
1641	2069
1641	2313
1641	2294
1641	2132
1641	2224
1641	2412
1641	2333
1641	2349
1641	2166
1641	2207
1641	2226
1641	2282
1641	2166
1641	2081
1641	2120
1641	2041
1641	2122
1641	2323
1641	1954
1641	2210
1641	2179
1641	2163
1641	2241
1641	2285
1641	2213
1641	2284
1641	2236
1641	2378
1641	2459
1641	2239
1641	2089
1641	2285
1641	2400
1641	2296
1641	2170
1641	2287
1641	2342
1641	2131
1641	1937
1641	2103
1641	2024
1641	2103

melhor e media

1796	2920
1752	2400
1733	2543
1729	2808
1726	2386
1726	2476
1726	2250
1726	2130
1726	1976
1726	2170
1726	2271
1726	2118
1726	2327
1726	2338
1726	2166
1675	2203
1675	2112
1675	2002
1661	1961
1641	2185
1641	2426
1641	2361
1641	2286
1641	2157
1641	2063
1641	2089
1641	2124
1641	2126
1641	2077
1641	2049
1641	2253
1641	2199
1641	2258
1641	2185
1641	2076
1641	2225
1641	2386
1641	2377
1641	2150
1641	2396
1641	2270
1641	2160
1641	2305
1641	2243
1641	2168
1641	2235
1641	2040
1641	2152
1641	2077
1641	2186

melhor e media

1937	2959
1930	2613
1902	2307
1892	2419
1812	2579
1799	2484
1696	2160
1696	2070
1696	2024
1696	2050
1696	2046
1696	2088
1696	2146
1696	2063
1696	2107
1696	2084
1696	2241
1696	2184
1696	2050
1696	1940
1696	1980
1696	2102
1696	2237
1696	2160
1696	1897
1696	2066
1696	2041
1696	1979
1696	2179
1696	2054
1696	1890
1696	1990
1696	1961
1696	1918
1696	2006
1696	1943
1696	2017
1696	2063
1696	2219
1696	2181
1696	1993
1696	2215
1696	1829
1696	1987
1696	1867
1696	1882
1696	2072
1696	2019
1696	2020
1696	2259

melhor e media

1920	2848
1920	2859
1917	2382
1917	2481
1917	2453
1917	2478
1917	2438
1917	2211
1917	2098
1917	2377
1917	2486
1917	2271
1917	2285
1906	2209
1886	2412
1816	2608
1796	2202
1781	2594
1781	2587
1781	2409
1766	2282
1766	2611
1766	2185
1766	2310
1766	2394
1766	2242
1766	2268
1766	2306
1766	2416
1766	2156
1766	2046
1766	2234
1766	2276
1766	2219
1766	2325
1766	2249
1766	2150
1766	2384
1766	2216
1766	2344
1766	2377
1766	2462
1766	2383
1766	2222
1766	2200
1766	2384
1766	2412
1766	2285
1766	2345
1766	2337

melhor e media

1889	2932
1740	2489
1740	2268
1696	2152
1696	2028
1696	1937
1696	2113
1696	1983
1696	2120
1696	1988
1696	2301
1696	2117
1696	2123
1696	2109
1696	1995
1696	2383
1696	2102
1696	2049
1696	2263
1696	2133
1696	2096
1696	1905
1696	2035
1696	2185
1696	2070
1696	2171
1696	2112
1696	2167
1696	2118
1696	2142
1696	2042
1696	2151
1696	2239
1696	2068
1696	1989
1696	2002
1696	2040
1696	2129
1696	1949
1696	2180
1696	2074
1696	2181
1696	2037
1696	2068
1696	1931
1696	2056
1696	1988
1696	1907
1696	2011
1696	2168

melhor e media

1897	2912
1772	2454
1740	2489
1740	2359
1740	2393
1740	2209
1740	2017
1740	2111
1740	2055
1740	1989
1696	2169
1696	2208
1696	2070
1696	2186
1696	2110
1696	2030
1696	1952
1696	1986
1696	1949
1696	2046
1696	1997
1696	2104
1696	1989
1696	1903
1696	1900
1696	1898
1696	2220
1696	2195
1696	2044
1696	2034
1696	2039
1696	2012
1696	1991
1696	2145
1696	2334
1696	2176
1696	2151
1696	2248
1696	1931
1696	2190
1696	2006
1696	1993
1696	1961
1696	1946
1696	1989
1696	1969
1696	2074
1696	2086
1696	2086
1696	2142

melhor e media

1885	3022
1666	2649
1666	2681
1641	2687
1641	2230
1641	2244
1641	2124
1641	2235
1641	2287
1641	2367
1641	2368
1641	2194
1641	2009
1641	2064
1641	2213
1641	2192
1641	2154
1641	2119
1641	2450
1641	2321
1641	2355
1641	2372
1641	2068
1641	2024
1641	2046
1641	2294
1641	2254
1641	2204
1641	1997
1641	2075
1641	2112
1641	2165
1641	2022
1641	2308
1641	2120
1641	2148
1641	2316
1641	2147
1641	2293
1641	2136
1641	2149
1641	2164
1641	2310
1641	2198
1641	2221
1641	2234
1641	2092
1641	2195
1641	2187
1641	2402

melhor e media

1979	2928
1890	2542
1811	2519
1728	2572
1728	2428
1728	2222
1728	2157
1728	2231
1728	2149
1728	2339
1728	2360
1728	2326
1728	2231
1728	2210
1728	2271
1728	2264
1728	2027
1728	2156
1728	2106
1728	2202
1728	2264
1728	2307
1728	2132
1728	2431
1728	2335
1655	2429
1641	2248
1641	2290
1641	2253
1641	2478
1641	2327
1641	2192
1641	2264
1641	2406
1641	2216
1641	2226
1641	2280
1641	2124
1641	2145
1641	2058
1641	2116
1641	2053
1641	2221
1641	2077
1641	1945
1641	2090
1641	2219
1641	2426
1641	2274
1641	2046

melhor e media

1811	2882
1811	2471
1762	2482
1696	2235
1696	2014
1696	2012
1696	2212
1696	1936
1696	2028
1696	2015
1696	2058
1696	2022
1696	2182
1696	2013
1696	2052
1696	2100
1696	2083
1696	1920
1696	1915
1696	2183
1696	1951
1696	1934
1696	1849
1696	2082
1696	1882
1696	2048
1696	1976
1696	2024
1696	2029
1696	1868
1696	2212
1696	2208
1696	1978
1696	2042
1696	2080
1696	1944
1696	2215
1696	2036
1696	2096
1696	2026
1696	1994
1696	2070
1696	2116
1696	2207
1696	2025
1696	2010
1696	1923
1696	1948
1696	2041
1696	2138

melhor e media

1958	2895
1825	2492
1825	2393
1825	2390
1825	2421
1825	2137
1825	2103
1825	2349
1825	2301
1825	2164
1825	2194
1825	2137
1825	2092
1825	2097
1825	2145
1825	2349
1825	2270
1825	2188
1825	2147
1825	2162
1825	2174
1825	2198
1825	2357
1825	2411
1825	2450
1825	2273
1825	2351
1825	2164
1825	2060
1825	2231
1825	2252
1825	2143
1825	2298
1825	2372
1825	2216
1825	2017
1825	2077
1825	2194
1825	2360
1825	2285
1825	2355
1825	2288
1778	2160
1756	2874
1756	2757
1756	2696
1756	2694
1756	2553
1756	2512
1721	2460

melhor e media

1873	2778
1795	2611
1795	2361
1795	2246
1795	2082
1795	2107
1795	2122
1795	2317
1795	2173
1795	2234
1795	2246
1795	2030
1795	2175
1795	2192
1795	2202
1766	2175
1766	2450
1766	2396
1766	2331
1766	2248
1766	2158
1766	2229
1766	2359
1766	2337
1766	2146
1766	2180
1766	2291
1766	2142
1766	2085
1766	2155
1766	2461
1766	2290
1766	2108
1766	2233
1766	2369
1766	2361
1766	2218
1766	2281
1766	2217
1766	2162
1766	2323
1766	2502
1766	2291
1766	2142
1766	2179
1766	2242
1766	2059
1766	2201
1766	2241
1766	2519

melhor e media

1717	2760
1675	2518
1655	2622
1655	2568
1655	2325
1655	2252
1655	2336
1655	2358
1655	2328
1655	2218
1641	2116
1641	2247
1641	2165
1641	2365
1641	2157
1641	2124
1641	2066
1641	2025
1641	2123
1641	2115
1641	2355
1641	2269
1641	2157
1641	2182
1641	2031
1641	2228
1641	2254
1641	2118
1641	1939
1641	1947
1641	2069
1641	2049
1641	1893
1641	1968
1641	2049
1641	2038
1641	2237
1641	2139
1641	2119
1641	1948
1641	2179
1641	2033
1641	2264
1641	2124
1641	1979
1641	2235
1641	2258
1641	2385
1641	2365
1641	2046

melhor e media

1904	2658
1696	2553
1696	2350
1696	2120
1696	2078
1696	2025
1696	1946
1696	2151
1696	2168
1696	2111
1696	1921
1696	2075
1696	2109
1696	1978
1696	2463
1696	2148
1696	2094
1696	1926
1696	2185
1696	2151
1696	2036
1696	1957
1696	2060
1696	1970
1696	2076
1696	2126
1696	1967
1696	2035
1696	1935
1696	1868
1696	2030
1696	1815
1696	1828
1696	2172
1696	1964
1696	1992
1696	2050
1696	1968
1696	1900
1696	1922
1696	2116
1696	2055
1696	2182
1696	2245
1696	2044
1696	1977
1696	1891
1696	2040
1696	2040
1696	2117

