melhor e media

1048	1663
1048	1707
1012	1728
998	1261
932	1016
932	1149
932	1164
932	1155
932	1044
928	1030
928	1026
928	1045
928	1263
928	1028
928	1025
928	1044
928	1291
928	1325
928	1158
928	1115
928	1215
928	1201
928	1091
928	1252
928	1057
928	1054
928	1071
928	1259
928	1057
928	1121
928	1214
928	1073
928	1044
928	1049
928	1059
928	1240
928	1054
928	1185
928	1171
928	1072
928	1053
928	1057
928	1247
928	1222
928	1072
928	1319
928	1248
928	1180
928	1056
928	1059


melhor e media

1083	1722
933	1298
933	1313
895	1114
895	1317
895	1359
895	1302
895	1365
895	1115
895	1112
895	1111
895	1203
895	1241
895	1178
895	1183
895	1224
895	1180
895	1079
895	1249
895	1269
895	1203
895	1115
895	1163
895	1081
895	1292
895	1143
895	1222
895	1213
895	1195
895	1212
895	1084
895	1048
895	1162
895	1212
895	1135
895	1137
895	1176
895	1077
895	1031
895	1034
895	1031
895	1037
895	1029
895	1100
895	1117
895	1007
895	1170
895	1078
895	994
895	1001


melhor e media

987	1537
987	1740
987	2034
987	1815
987	1971
987	1771
987	1734
987	1885
977	1858
977	1978
977	1772
970	1680
970	1808
970	1961
970	1949
970	1914
970	1916
970	1939
970	1748
970	1874
970	1803
970	1844
970	1720
970	1731
970	1823
958	1595
958	1919
958	1909
958	1852
958	1763
958	1728
958	1802
958	1686
958	1715
958	1949
958	1801
958	1717
958	1998
958	1779
958	1831
958	1650
958	1819
958	1883
958	1861
958	1651
958	1707
958	1727
958	1819
958	1763
958	1874


melhor e media

1078	1738
1053	1672
1024	1629
1012	1187
933	965
933	1069
933	1241
933	1064
933	1033
930	1008
928	1003
928	1050
928	1029
928	1148
928	1043
928	1049
928	1044
928	1034
928	1250
928	1200
928	1301
928	1079
928	1116
928	1062
928	1114
928	1177
928	1111
928	1073
928	1096
928	1081
928	1130
928	1203
928	1105
928	1221
928	1079
928	1286
928	1150
928	1029
928	1036
928	1176
928	1161
928	1033
928	1030
928	1036
928	1026
928	1117
928	1071
928	1028
928	1023
928	1072


melhor e media

1018	1667
1018	1432
1006	2089
1006	2013
1006	1784
1006	1865
1006	1896
1006	1817
983	1726
983	1724
983	1798
983	1764
983	1699
983	1754
983	1827
944	1547
944	1632
944	1917
944	1701
944	1629
944	1690
944	1683
944	1735
944	1675
944	1557
944	1392
944	1642
944	1772
944	1751
944	1603
944	1576
944	1571
944	1675
944	1670
944	1677
944	1715
944	1648
944	1539
944	1493
944	1588
944	1520
940	1356
940	1467
940	1889
940	1678
940	1558
940	1578
940	1427
940	1826
940	1823


melhor e media

1127	1827
1019	1645
1019	1476
988	1166
939	1038
933	1020
930	1011
930	1173
930	1242
930	1005
930	1094
930	998
930	1168
930	1101
930	1004
930	1066
930	1071
930	1065
930	1001
930	1191
930	1103
930	999
930	1053
930	1122
930	1017
930	1099
930	1114
930	1028
930	1236
930	1015
930	1025
930	1065
930	1026
930	1029
930	1028
930	1018
930	1020
930	1024
930	1027
930	1050
930	1097
930	1002
930	1009
930	1193
930	1125
930	1099
930	1012
930	1051
930	1024
930	1023


melhor e media

1120	1700
1078	1681
1013	1321
975	1208
947	1130
944	1109
944	1176
933	1080
930	1077
930	1074
930	1256
930	1295
930	1322
930	1108
930	1108
930	1057
930	1219
930	1229
930	1082
930	1122
930	1029
930	1028
930	1023
930	1082
930	1194
930	1021
930	1025
930	1028
930	1164
930	1029
930	1139
930	1068
930	1167
930	1038
930	1041
930	1125
930	1026
930	1019
930	1017
930	1046
930	1001
930	1013
930	1009
930	1014
930	1011
930	1007
930	1006
930	1061
930	1005
930	1127


melhor e media

1053	1646
1011	1443
1011	1421
1011	1234
980	1091
980	1146
980	1149
980	1085
980	1205
952	1021
952	1158
952	1207
951	1026
951	1196
951	1213
951	1079
951	1184
951	1227
950	1012
950	1108
950	1132
950	1103
950	1235
950	1042
950	1022
947	1015
947	1292
947	1023
945	1006
945	1220
945	1260
945	1258
945	992
945	1210
945	1291
945	1065
945	1142
945	1093
945	1259
945	1240
945	1202
945	1392
945	1088
945	1286
945	1363
945	1238
945	1170
945	1028
945	1069
945	1218


melhor e media

1109	2041
1077	1621
1017	1358
974	1256
947	1164
947	1283
947	1307
947	1194
947	1215
947	1294
947	1202
947	1174
947	1184
947	1150
947	1217
931	1094
931	1097
931	1097
931	1097
931	1093
931	1089
931	1323
931	1129
931	1079
931	1201
931	1267
931	1166
931	1247
931	1069
931	1062
931	1188
931	1116
931	1045
931	1085
931	1053
931	1113
931	1090
931	1099
931	1274
931	1069
931	1065
931	1139
931	1162
931	1163
931	1063
931	1076
931	1073
931	1074
931	1136
931	1111


melhor e media

1019	2036
1019	1686
1007	1361
1007	1402
981	1199
930	1064
930	1203
930	1060
930	1206
930	1082
930	1102
930	1195
930	1040
930	1109
930	1087
930	1223
930	1071
930	1110
930	1057
930	1035
930	1145
930	1046
930	1047
930	1167
930	1095
930	1251
930	1116
930	1069
930	1059
930	1055
930	1072
930	1061
930	1065
930	1133
930	1119
930	1063
930	1089
930	1075
930	1068
930	1285
928	1036
928	1042
928	1039
928	1032
928	1131
928	1077
928	1015
928	1010
928	1003
928	1011


