melhor e media
799	1338
629	826
629	776
629	981
629	924
629	729
615	690
615	720
615	697
615	701
615	734
615	695
615	723
615	778
615	721
615	795
615	981
615	915
615	759
615	986
615	743
615	689
615	769
615	1025
612	675
612	672
612	742
612	701
612	683
609	673
609	784
609	765
609	730
609	946
609	913
609	721
609	920
609	723
609	943
609	782
609	766
609	929
609	673
609	715
609	711
609	923
609	683
609	695
609	673
609	669

melhor e media
761	1257
761	1261
761	1031
666	801
659	791
651	765
651	754
651	750
651	817
651	763
651	761
651	790
651	782
651	757
651	757
651	1152
651	1208
651	779
650	748
650	787
650	1069
650	1052
650	760
613	747
613	700
613	702
613	690
611	676
611	966
611	690
611	699
611	747
611	689
611	761
611	698
611	954
611	760
611	914
611	720
611	754
611	912
611	676
611	700
611	914
611	750
611	912
611	936
611	684
609	672
607	667

melhor e media
792	1484
766	1572
672	832
672	1002
672	991
672	1003
653	744
653	752
650	729
650	733
650	756
650	738
615	736
615	779
615	928
612	675
612	914
612	682
612	720
612	800
612	713
612	716
612	762
612	917
612	666
609	660
609	721
609	713
609	675
609	663
609	751
609	716
609	674
609	669
609	704
609	741
609	1054
609	695
609	759
609	687
609	803
609	1068
609	934
609	756
609	695
609	675
609	667
609	714
609	694
609	731

melhor e media
729	1073
729	1067
623	730
612	645
609	642
609	890
609	679
609	655
609	656
609	749
609	904
609	672
609	662
609	658
607	655
607	718
607	1050
607	708
607	677
607	774
607	963
607	721
607	684
607	699
607	675
607	925
607	685
607	925
607	687
607	712
607	923
607	906
607	778
607	935
607	931
607	761
607	907
607	781
607	684
607	716
607	728
607	922
607	688
607	679
607	677
607	721
607	759
607	707
607	709
607	685

melhor e media
810	1356
746	1100
667	824
635	751
629	720
629	730
629	930
629	754
629	924
629	737
629	801
629	806
629	1081
629	761
629	751
629	723
629	909
619	693
617	692
617	697
617	701
617	720
617	702
617	980
617	724
616	697
614	706
614	723
614	719
614	964
614	754
614	709
614	722
614	709
614	749
614	996
614	766
614	961
614	709
609	697
609	763
609	693
609	670
609	691
609	687
609	697
609	746
609	711
609	672
609	668

melhor e media
806	1221
680	822
678	746
660	711
631	747
631	1008
631	801
631	965
631	1064
615	711
615	727
615	779
615	788
615	723
611	697
611	738
611	696
609	681
609	684
609	672
609	955
609	689
609	738
609	693
609	681
609	675
609	680
609	677
609	757
609	704
609	680
609	710
609	759
609	727
609	769
609	707
609	759
609	710
609	757
609	702
609	684
609	710
609	680
609	667
609	665
609	746
609	948
609	698
609	1032
609	712

melhor e media
765	1347
741	1612
615	756
609	678
609	732
609	757
609	929
609	696
609	696
609	755
609	943
609	692
609	684
609	996
609	954
609	700
609	671
609	677
607	663
607	700
607	677
607	708
607	694
607	686
607	688
607	673
607	719
607	792
607	934
607	692
607	678
607	663
607	955
607	947
607	679
607	751
607	943
607	940
607	678
607	749
607	935
607	756
607	971
607	700
607	762
607	706
607	679
607	688
607	708
607	682

melhor e media
782	1581
675	962
647	784
647	783
647	890
625	719
614	692
614	691
612	684
612	727
612	726
612	773
612	755
612	977
612	750
612	725
612	694
612	720
612	776
612	716
612	710
612	726
612	682
612	744
612	951
612	764
612	729
612	724
612	708
612	691
612	713
612	681
612	693
612	689
612	769
612	728
612	666
612	680
612	678
612	788
612	721
612	686
612	680
612	900
612	762
612	921
612	680
612	782
612	926
612	670

melhor e media
794	1283
763	991
649	759
649	757
617	762
617	822
617	833
617	997
617	979
617	765
617	747
617	977
617	744
617	817
617	779
617	1005
617	856
617	1223
617	1019
617	780
617	953
617	813
617	822
617	960
617	950
617	770
617	1075
617	743
616	724
614	720
614	714
614	754
614	989
614	739
614	822
614	1067
614	742
614	720
614	705
614	716
614	735
614	962
614	696
614	720
614	836
614	977
614	717
614	704
614	705
614	739

melhor e media
769	1179
676	832
661	814
635	764
635	982
633	776
633	902
619	680
619	722
619	949
619	932
619	915
619	730
619	720
619	946
619	710
617	698
617	736
617	724
617	703
617	691
617	698
617	721
617	710
617	915
617	693
617	694
617	699
617	689
617	760
617	705
617	685
617	733
617	1031
617	885
617	762
617	766
617	709
617	757
617	708
617	711
617	732
617	714
617	692
617	694
617	689
617	713
617	690
617	764
617	714

