melhor e media

1798	2877
1726	2585
1726	2884
1726	2817
1655	2838
1655	2739
1655	2856
1655	2739
1655	2906
1642	2875
1642	2571
1642	2790
1642	2655
1642	2640
1642	2718
1642	2549
1642	2741
1642	2946
1642	2929
1642	2813
1642	2980
1641	2825
1641	2907
1641	2606
1641	2494
1641	2534
1641	2704
1641	2484
1641	2770
1641	2885
1641	2812
1641	2854
1641	2712
1641	2894
1641	2824
1641	3004
1641	2945
1641	2817
1641	2934
1641	2996
1641	2955
1641	2843
1641	2581
1641	3036
1641	2939
1641	2790
1641	2759
1641	2928
1641	2870


melhor e media

1796	2555
1796	2709
1772	2247
1772	2559
1772	2548
1772	2638
1772	2603
1772	2551
1772	2789
1772	2594
1772	2691
1772	2637
1772	2691
1772	2521
1772	2481
1772	2571
1772	2623
1772	2556
1772	2739
1772	2634
1772	2648
1772	2559
1772	2791
1772	2655
1772	2696
1772	2622
1772	2597
1772	2706
1772	2725
1772	2721
1772	2688
1772	2750
1772	2636
1696	2713
1696	2548
1696	2228
1696	2682
1696	2452
1696	2504
1696	2395
1696	2336
1696	2439
1696	2557
1696	2480
1696	2432
1696	2337
1696	2372
1696	2458
1696	2514


melhor e media

1788	2894
1788	2523
1788	2605
1788	2354
1788	2377
1788	2419
1782	2420
1696	2356
1696	2403
1696	2528
1696	2420
1696	2544
1696	2617
1696	2338
1696	2377
1696	2408
1696	2461
1696	2368
1696	2428
1696	2370
1696	2163
1696	2290
1696	2744
1696	2442
1696	2391
1696	2276
1696	2324
1696	2320
1696	2644
1696	2462
1696	2343
1696	2513
1696	2440
1696	2505
1696	2388
1696	2256
1696	2585
1696	2511
1696	2429
1696	2377
1696	2405
1696	2311
1696	2356
1696	2448
1696	2459
1696	2407
1696	2281
1696	2395
1696	2316


melhor e media

1798	2616
1798	2635
1776	2386
1776	2514
1740	2433
1740	2520
1740	2557
1740	2475
1740	2584
1740	2438
1740	2534
1740	2672
1728	2594
1728	3075
1728	2948
1728	2633
1728	2551
1728	2867
1728	2795
1728	2891
1728	2799
1728	2704
1728	2845
1728	2772
1728	2696
1728	2703
1728	2647
1728	2713
1728	2738
1728	2686
1728	2492
1728	2641
1728	2564
1728	2538
1728	2462
1728	2617
1728	2899
1728	2718
1728	2674
1728	2662
1728	2772
1728	2371
1728	2549
1728	2850
1728	2627
1728	2946
1728	2691
1728	2517
1728	2528


melhor e media

1772	3071
1772	2590
1707	2571
1641	2303
1641	2407
1641	2656
1641	2816
1641	2920
1641	3036
1641	2883
1641	2788
1641	2932
1641	2763
1641	2825
1641	2937
1641	2774
1641	2711
1641	2589
1641	2603
1641	2696
1641	2661
1641	2950
1641	3150
1641	2788
1641	3125
1641	3177
1641	2994
1641	2957
1641	3064
1641	2653
1641	2631
1641	2933
1641	2968
1641	2815
1641	2685
1641	2797
1641	2809
1641	2861
1641	2752
1641	2834
1641	2837
1641	2793
1641	2775
1641	2763
1641	2732
1641	2948
1641	2774
1641	2815
1641	2776


melhor e media

1896	2957
1743	2756
1743	2694
1743	2839
1717	2880
1717	2769
1717	2858
1717	2458
1711	2797
1711	2835
1711	2774
1711	2975
1711	3107
1711	2874
1686	3021
1686	2909
1686	2932
1686	2708
1677	2753
1677	2902
1677	3081
1677	3162
1677	3005
1661	2683
1642	2893
1642	2897
1642	2935
1642	2934
1642	2857
1642	2740
1642	2766
1642	2971
1642	3042
1641	2661
1641	2791
1641	2876
1641	2977
1641	2785
1641	2798
1641	3142
1641	3103
1641	2870
1641	2737
1641	2950
1641	2824
1641	2583
1641	2965
1641	2644
1641	2690


melhor e media

1809	2766
1799	2486
1795	2669
1686	2827
1661	2490
1661	2816
1661	2937
1661	2720
1661	2841
1661	2676
1661	2966
1661	3049
1661	2858
1661	2552
1661	2584
1655	2449
1655	2850
1655	3021
1655	2895
1655	2849
1655	2802
1655	3068
1655	3165
1655	3043
1641	2812
1641	2966
1641	2862
1641	2749
1641	2770
1641	2967
1641	2842
1641	2784
1641	2771
1641	2583
1641	2865
1641	2705
1641	2832
1641	2923
1641	2938
1641	2797
1641	2833
1641	2869
1641	2828
1641	2722
1641	2618
1641	2898
1641	2846
1641	2766
1641	3041


melhor e media

1707	2926
1675	2729
1675	3108
1675	2818
1641	2934
1641	2832
1641	2851
1641	2755
1641	2667
1641	2755
1641	2760
1641	2909
1641	2873
1641	2821
1641	2772
1641	2774
1641	2776
1641	2728
1641	2925
1641	2811
1641	2682
1641	2876
1641	2765
1641	2809
1641	2749
1641	3044
1641	2549
1641	2681
1641	2938
1641	2699
1641	2952
1641	2822
1641	2808
1641	2967
1641	3030
1641	3037
1641	2834
1641	3033
1641	2941
1641	2895
1641	2902
1641	2707
1641	2951
1641	2770
1641	2644
1641	3029
1641	3117
1641	2806
1641	2560


melhor e media

1989	2834
1762	2489
1762	2365
1762	2395
1696	2295
1696	2250
1696	2420
1696	2341
1696	2392
1696	2416
1696	2329
1696	2296
1696	2460
1696	2440
1696	2633
1696	2295
1696	2415
1696	2311
1696	2361
1696	2517
1696	2296
1696	2542
1696	2498
1696	2327
1696	2470
1696	2415
1696	2334
1696	2530
1696	2476
1696	2396
1696	2357
1696	2592
1696	2737
1696	2590
1696	2296
1696	2324
1696	2390
1696	2476
1696	2369
1696	2488
1696	2282
1696	2383
1696	2229
1696	2391
1696	2424
1696	2486
1696	2389
1696	2421
1696	2202


melhor e media

1737	2972
1737	2732
1737	2796
1737	2662
1737	3049
1729	2817
1655	2866
1655	2630
1655	2612
1655	2803
1655	2763
1655	2733
1655	2966
1655	2992
1655	3004
1655	2756
1655	2655
1655	2735
1655	3078
1655	2720
1655	2216
1655	2662
1655	2593
1655	2457
1655	2811
1655	2740
1655	2745
1655	2759
1655	2950
1655	2902
1655	2491
1655	2929
1655	2891
1655	2524
1655	2865
1655	2876
1655	2908
1655	2935
1655	2812
1655	2808
1655	2850
1655	2839
1655	2830
1655	2979
1641	2904
1641	2802
1641	2580
1641	2541
1641	2597


melhor e media

1910	2843
1842	2649
1842	2898
1804	2869
1804	2359
1796	2579
1781	2624
1781	2648
1781	2649
1779	2715
1762	2405
1762	2431
1728	2395
1728	2611
1728	2862
1728	2659
1728	2798
1728	2824
1728	2589
1728	2628
1728	2783
1728	2824
1728	2529
1728	2882
1728	2752
1683	2633
1683	2868
1683	2717
1661	2559
1641	2639
1641	2682
1641	2872
1641	2720
1641	2662
1641	2858
1641	2823
1641	2974
1641	2762
1641	2648
1641	3040
1641	2905
1641	3017
1641	2920
1641	3001
1641	2626
1641	2909
1641	2892
1641	2735
1641	2901


melhor e media

1648	2974
1648	2794
1648	2394
1648	2488
1641	2524
1641	2574
1641	3107
1641	2502
1641	2715
1641	2718
1641	2791
1641	2863
1641	2788
1641	2623
1641	2835
1641	2716
1641	2689
1641	2640
1641	2694
1641	2549
1641	2894
1641	2853
1641	2717
1641	2743
1641	2774
1641	2970
1641	2966
1641	2798
1641	2920
1641	2806
1641	2885
1641	2814
1641	2754
1641	3201
1641	2997
1641	2865
1641	2984
1641	2741
1641	2844
1641	2816
1641	2780
1641	2823
1641	2789
1641	2889
1641	3004
1641	2799
1641	2634
1641	2737
1641	3004


melhor e media

1891	2687
1825	2658
1825	2750
1825	2556
1825	2399
1825	2379
1825	2459
1825	2464
1825	2425
1825	2519
1825	2538
1825	2510
1825	2506
1825	2455
1825	2362
1825	2466
1825	2466
1825	2497
1825	2493
1825	2443
1825	2458
1825	2373
1825	2533
1825	2519
1825	2460
1825	2307
1825	2558
1825	2490
1825	2563
1825	2387
1825	2570
1825	2598
1756	2646
1756	2757
1756	2778
1756	2578
1756	2690
1756	2672
1756	2422
1756	2576
1756	2705
1756	2304
1756	2633
1756	2732
1756	2624
1756	2624
1756	2622
1756	2423
1756	2640


melhor e media

1925	2916
1925	2624
1885	2611
1885	2601
1885	2623
1885	2698
1885	2730
1804	2481
1781	2661
1740	2746
1740	2530
1696	2436
1696	2531
1696	2322
1696	2584
1696	2528
1696	2191
1696	2175
1696	2241
1696	2390
1696	2329
1696	2255
1696	2429
1696	2322
1696	2523
1696	2455
1696	2514
1696	2574
1696	2375
1696	2386
1696	2454
1696	2334
1696	2264
1696	2241
1696	2243
1696	2152
1696	2467
1696	2464
1696	2358
1696	2344
1696	2294
1696	2378
1696	2354
1696	2314
1696	2274
1696	2313
1696	2150
1696	2391
1696	2358


melhor e media

1908	2941
1796	2734
1728	2347
1728	2476
1728	2611
1728	2950
1728	2726
1728	3031
1728	2867
1728	2839
1728	2911
1725	2598
1725	2638
1683	2904
1683	2983
1683	3066
1683	2860
1641	2639
1641	2730
1641	3017
1641	2974
1641	2800
1641	2975
1641	2993
1641	2879
1641	2920
1641	3002
1641	3050
1641	2884
1641	2806
1641	2983
1641	3011
1641	2803
1641	2584
1641	2745
1641	2822
1641	2934
1641	2668
1641	2762
1641	2848
1641	2955
1641	2803
1641	2621
1641	2856
1641	2739
1641	3080
1641	2860
1641	2851
1641	2863


melhor e media

1766	2962
1766	2706
1766	2542
1766	2333
1766	2480
1766	2633
1766	2486
1766	2721
1766	2767
1766	2625
1766	2586
1766	2620
1766	2654
1766	2591
1766	2725
1766	2727
1766	2606
1766	2600
1766	2564
1766	2569
1766	2727
1766	2665
1766	2797
1766	2667
1766	2733
1766	2689
1766	2662
1766	2805
1766	2692
1766	2415
1766	2605
1766	2651
1766	2715
1766	2485
1766	2444
1766	2648
1766	2578
1766	2450
1766	2411
1766	2729
1766	2524
1766	2737
1766	2625
1766	2561
1766	2616
1766	2669
1766	2453
1766	2469
1766	2733


melhor e media

2022	3063
1895	2602
1753	2740
1753	2885
1753	2721
1753	2876
1753	2451
1753	2470
1753	2489
1753	2320
1753	2442
1753	2643
1753	2376
1753	2383
1753	2479
1753	2344
1753	2307
1753	2180
1753	2508
1753	2502
1753	2403
1753	2521
1753	2324
1753	2699
1753	2506
1753	2565
1753	2420
1753	2404
1753	2522
1753	2495
1753	2651
1753	2423
1753	2490
1753	2613
1753	2701
1753	2345
1753	2518
1753	2383
1753	2282
1753	2491
1753	2429
1753	2439
1753	2470
1753	2447
1753	2470
1753	2493
1753	2576
1753	2421
1753	2453


melhor e media

1884	2758
1786	2517
1786	2719
1764	2701
1762	2536
1696	2189
1696	2268
1696	2521
1696	2514
1696	2212
1696	2518
1696	2606
1696	2428
1696	2405
1696	2401
1696	2353
1696	2441
1696	2517
1696	2268
1696	2447
1696	2265
1696	2249
1696	2293
1696	2344
1696	2169
1696	2301
1696	2395
1696	2466
1696	2283
1696	2303
1696	2284
1696	2337
1696	2576
1696	2443
1696	2289
1696	2258
1696	2209
1696	2180
1696	2333
1696	2458
1696	2328
1696	2177
1696	2426
1696	2454
1696	2535
1696	2369
1696	2295
1696	2430
1696	2308


