melhor e media
1200	1790
1200	1482
1179	1395
1158	1289
1158	1398
1158	1302
1158	1268
1158	1281
1158	1300
1158	1331
1158	1334
1158	1244
1158	1240
1158	1238
1158	1257
1158	1349
1158	1323
1158	1244
1158	1317
1158	1314
1158	1307
1158	1369
1158	1269
1158	1320
1158	1352
1158	1268
1158	1293
1158	1342
1158	1332
1158	1467
1158	1287
1158	1344
1158	1298
1158	1354
1158	1269
1158	1352
1158	1340
1158	1275
1158	1424
1158	1467
1158	1388
1158	1331
1158	1285
1158	1440
1158	1291
1158	1271
1158	1284
1158	1280
1158	1262

melhor e media
1220	2099
1220	1944
1220	1739
1220	1452
1220	1460
1220	1476
1220	1417
1220	1492
1220	1405
1220	1491
1220	1547
1220	1639
1220	1597
1220	1531
1220	1491
1220	1506
1220	1499
1220	1591
1220	1526
1220	1542
1220	1629
1214	1540
1214	1314
1214	1304
1158	1290
1158	1302
1158	1363
1158	1303
1158	1302
1158	1364
1158	1313
1158	1294
1158	1390
1158	1378
1158	1352
1158	1384
1158	1372
1158	1409
1158	1357
1158	1288
1158	1275
1158	1266
1158	1265
1158	1338
1158	1431
1120	1306
1120	1296
1120	1369
1120	1334

melhor e media
1213	2063
1213	1949
1213	1426
1201	1360
1201	1435
1201	1346
1201	1561
1201	1420
1201	1435
1201	1364
1120	1455
1120	1519
1120	1486
1120	1406
1120	1339
1120	1312
1120	1379
1120	1330
1120	1306
1120	1315
1120	1391
1120	1311
1120	1379
1120	1398
1120	1341
1120	1418
1120	1380
1120	1394
1120	1420
1120	1383
1120	1344
1120	1313
1120	1452
1120	1373
1120	1391
1120	1328
1120	1323
1120	1370
1120	1401
1120	1402
1120	1325
1120	1338
1120	1446
1120	1450
1120	1406
1120	1312
1120	1323
1120	1389
1120	1439

melhor e media
1201	2080
1201	1890
1201	1664
1201	1400
1201	1459
1201	1315
1201	1344
1201	1397
1158	1389
1158	1357
1158	1423
1158	1493
1158	1352
1158	1431
1158	1366
1158	1502
1158	1350
1158	1430
1158	1319
1158	1389
1158	1367
1158	1351
1158	1312
1158	1371
1158	1290
1158	1280
1158	1269
1158	1280
1158	1348
1158	1336
1158	1658
1158	1419
1158	1385
1158	1443
1158	1359
1158	1441
1158	1386
1158	1425
1158	1452
1158	1341
1158	1269
1158	1419
1158	1273
1158	1331
1158	1372
1158	1357
1158	1296
1158	1399
1158	1419

melhor e media
1216	2221
1158	1919
1158	1416
1158	1353
1158	1303
1158	1341
1158	1414
1158	1577
1158	1379
1158	1469
1158	1532
1158	1497
1158	1463
1158	1307
1158	1314
1158	1348
1158	1366
1158	1286
1158	1350
1158	1405
1158	1457
1158	1441
1158	1352
1158	1306
1158	1277
1158	1271
1158	1348
1158	1296
1158	1328
1158	1321
1158	1472
1158	1345
1158	1361
1158	1297
1158	1360
1158	1476
1158	1455
1158	1430
1158	1362
1158	1302
1158	1276
1158	1328
1158	1284
1158	1268
1158	1320
1158	1546
1158	1369
1158	1372
1158	1442

melhor e media
1268	2276
1265	1740
1265	1504
1172	1478
1172	1336
1172	1404
1158	1340
1158	1327
1158	1318
1158	1323
1158	1411
1158	1288
1158	1510
1158	1339
1158	1276
1158	1264
1158	1362
1158	1394
1158	1569
1158	1486
1158	1596
1158	1466
1158	1454
1158	1422
1158	1363
1158	1490
1158	1419
1158	1471
1158	1435
1158	1283
1158	1273
1158	1353
1158	1352
1158	1396
1158	1366
1158	1298
1158	1288
1158	1277
1158	1284
1158	1389
1158	1390
1158	1365
1158	1288
1158	1293
1158	1418
1158	1306
1158	1349
1158	1290
1158	1346

melhor e media
1209	1868
1158	1532
1158	1292
1158	1495
1158	1334
1158	1550
1158	1451
1158	1415
1158	1452
1158	1476
1158	1423
1158	1433
1158	1424
1158	1440
1158	1450
1158	1283
1158	1366
1158	1307
1158	1286
1158	1429
1158	1561
1158	1655
1158	1536
1158	1397
1158	1295
1158	1295
1158	1280
1158	1377
1158	1322
1158	1396
1158	1369
1158	1286
1158	1363
1158	1315
1158	1362
1158	1286
1158	1333
1158	1371
1158	1319
1158	1355
1158	1444
1158	1363
1158	1357
1158	1334
1158	1405
1158	1378
1158	1357
1158	1445
1158	1405

melhor e media
1224	2086
1158	1826
1158	1500
1158	1410
1158	1396
1158	1444
1158	1469
1158	1437
1158	1386
1158	1573
1158	1398
1158	1342
1158	1376
1158	1298
1158	1305
1158	1305
1158	1393
1158	1333
1158	1365
1158	1366
1158	1448
1158	1299
1158	1300
1158	1344
1158	1308
1158	1374
1158	1288
1158	1369
1158	1297
1158	1287
1158	1436
1158	1394
1158	1524
1158	1562
1158	1310
1158	1320
1158	1374
1158	1326
1158	1493
1158	1442
1158	1394
1158	1302
1158	1314
1158	1355
1158	1288
1158	1460
1158	1363
1158	1371
1158	1439

melhor e media
1243	2354
1206	1798
1197	1458
1197	1370
1197	1545
1158	1396
1158	1426
1158	1319
1158	1388
1158	1449
1158	1392
1158	1399
1158	1359
1158	1288
1158	1357
1158	1457
1158	1459
1158	1374
1158	1394
1158	1429
1158	1293
1158	1345
1158	1272
1158	1280
1158	1353
1158	1299
1158	1413
1158	1315
1158	1320
1158	1377
1158	1346
1158	1278
1158	1270
1158	1271
1158	1284
1158	1356
1158	1292
1158	1426
1158	1312
1158	1462
1158	1380
1158	1309
1158	1317
1158	1430
1158	1272
1158	1270
1158	1316
1158	1365
1158	1460

melhor e media
1220	1968
1120	1819
1120	1315
1120	1286
1120	1324
1120	1328
1120	1311
1120	1289
1120	1308
1120	1454
1120	1460
1120	1355
1120	1315
1120	1367
1120	1411
1120	1364
1120	1309
1120	1424
1120	1399
1120	1294
1120	1298
1120	1366
1120	1353
1120	1294
1120	1402
1120	1296
1120	1312
1120	1383
1120	1331
1120	1315
1120	1285
1120	1440
1120	1497
1120	1458
1120	1411
1120	1368
1120	1313
1120	1374
1120	1329
1120	1293
1120	1449
1120	1382
1120	1425
1120	1358
1120	1330
1120	1318
1120	1350
1120	1405
1120	1393

melhor e media
1220	2199
1158	1876
1158	1961
1158	1325
1158	1541
1158	1368
1158	1292
1158	1363
1158	1285
1158	1437
1158	1411
1158	1364
1158	1292
1158	1281
1158	1282
1158	1321
1158	1364
1158	1286
1158	1270
1158	1501
1158	1615
1158	1377
1158	1332
1158	1359
1158	1337
1158	1347
1158	1293
1158	1313
1158	1285
1158	1285
1158	1274
1158	1348
1158	1413
1158	1489
1158	1375
1158	1298
1158	1285
1158	1280
1158	1290
1158	1385
1158	1526
1158	1404
1158	1336
1158	1313
1158	1291
1158	1307
1158	1443
1158	1403
1158	1424
1158	1311
1158	1320
1158	1462
1158	1366
1158	1283
1158	1310
1158	1574
1158	1411
1158	1529
1158	1352
1158	1305
1158	1493
1158	1301
1158	1371
1158	1343
1158	1272
1158	1294
1158	1365
1158	1406
1158	1439
1158	1359
1158	1269
1158	1340
1158	1317
1158	1460
1158	1363
1158	1284
1158	1292
1158	1301
1158	1295
1158	1289
1158	1361
1158	1357
1158	1392
1158	1587
1158	1368
1158	1280
1158	1288
1158	1285
1158	1323
1158	1419
1158	1307
1158	1424
1158	1278
1158	1302
1158	1425
1158	1455
1158	1351
1158	1309
1158	1419
1158	1391
1158	1383
1158	1428
1158	1406
1158	1543
1158	1421
1158	1374
1158	1286
1158	1274
1158	1355
1158	1306
1158	1431
1158	1514
1158	1323
1158	1286
1158	1292
1158	1502
1158	1404
1158	1595
1158	1425
1158	1441
1158	1428
1158	1352
1158	1339
1158	1389
1158	1383
1158	1349
1158	1516
1158	1520
1158	1292
1158	1276
1158	1348
1158	1303
1158	1474
1158	1466
1158	1438
1158	1303
1158	1345
1158	1349
1158	1334
1158	1429
1158	1315
1158	1341
1158	1273
1158	1497
1158	1346
1158	1418
1158	1314
1158	1383
1158	1426
1158	1365
1158	1271
1158	1292
1158	1456
1158	1390
1158	1368
1158	1279
1158	1264
1158	1283
1158	1273
1158	1353
1158	1319
1158	1439
1158	1297
1158	1344
1158	1364
1158	1358
1158	1333
1158	1556
1158	1298
1158	1371
1158	1311
1158	1402
1158	1501
1158	1338
1158	1506
1158	1280
1158	1342
1158	1364
1158	1345
1158	1261
1158	1286
1158	1265
1158	1348
1158	1319
1158	1379
1158	1382
1158	1379
1158	1285
1158	1351
1158	1263
1158	1272
1158	1267
1158	1268
1158	1350
1158	1424
1158	1301
1158	1423
1158	1360
1158	1418
1158	1312

melhor e media
1191	2034
1191	1720
1189	1431
1189	1441
1120	1380
1120	1296
1120	1462
1120	1465
1120	1432
1120	1396
1120	1310
1120	1350
1120	1487
1120	1328
1120	1383
1120	1356
1120	1317
1120	1291
1120	1309
1120	1418
1120	1330
1120	1323
1120	1338
1120	1313
1120	1307
1120	1298
1120	1402
1120	1522
1120	1341
1120	1317
1120	1316
1120	1289
1120	1404
1120	1339
1120	1371
1120	1344
1120	1300
1120	1367
1120	1329
1120	1468
1120	1378
1120	1302
1120	1285
1120	1331
1120	1304
1120	1287
1120	1290
1120	1350
1120	1435
1120	1308
1120	1395
1120	1393
1120	1334
1120	1529
1120	1511
1120	1434
1120	1344
1120	1376
1120	1294
1120	1287
1120	1291
1120	1329
1120	1340
1120	1302
1120	1289
1120	1376
1120	1380
1120	1383
1120	1406
1120	1279
1120	1387
1120	1444
1120	1369
1120	1294
1120	1280
1120	1362
1120	1302
1120	1358
1120	1378
1120	1401
1120	1365
1120	1294
1120	1318
1120	1325
1120	1364
1120	1322
1120	1296
1120	1282
1120	1379
1120	1291
1120	1280
1120	1350
1120	1442
1120	1379
1120	1294
1120	1305
1120	1281
1120	1311
1120	1336
1120	1341
1120	1269
1120	1367
1120	1392
1120	1313
1120	1271
1120	1272
1120	1343
1120	1295
1120	1301
1120	1294
1120	1364
1120	1387
1120	1372
1120	1294
1120	1301
1120	1312
1120	1302
1120	1310
1120	1285
1120	1315
1120	1370
1120	1292
1120	1290
1120	1310
1120	1347
1120	1304
1120	1334
1120	1299
1120	1288
1120	1359
1120	1382
1120	1375
1120	1309
1120	1292
1120	1302
1120	1304
1120	1314
1120	1402
1120	1410
1120	1320
1120	1318
1120	1311
1120	1297
1120	1298
1120	1432
1120	1313
1120	1370
1120	1396
1120	1321
1120	1302
1120	1382
1120	1440
1120	1324
1120	1340
1120	1319
1120	1308
1120	1291
1120	1298
1120	1319
1120	1426
1120	1433
1120	1337
1120	1309
1120	1359
1120	1307
1120	1294
1120	1282
1120	1293
1120	1381
1120	1382
1120	1342
1120	1344
1120	1439
1120	1322
1120	1316
1120	1296
1120	1294
1120	1338
1120	1408
1120	1337
1120	1312
1120	1417
1120	1369
1120	1456
1120	1317
1120	1365
1120	1338
1120	1296
1120	1389
1120	1300
1120	1346
1120	1457
1120	1379
1120	1343
1120	1317
1120	1382
1120	1468
1120	1333
1120	1318
1120	1386

melhor e media
2213	3432
2213	3562
2213	3461
2142	3178
2142	3206
2142	3241
2142	3260
2142	3290
2142	3269
2142	3334
2142	3265
2142	3286
2142	3460
2142	3421
2142	3410
2142	3322
2142	3324
2142	3234
2142	3329
2142	3309
2142	3238
2142	3234
2142	3283
2142	3309
2142	3189
2142	3275
2142	3160
2142	3145
2142	3096
2142	3091
2142	2989
2142	3000
2142	3011
2142	3142
2142	3140
2142	3213
2142	3119
2142	3096
2142	3143
2142	3143
2142	3140
2142	3188
2142	3232
2142	3186
2142	3190
2142	3233
2142	3235
2142	3235
2142	3253
2142	3349
2142	3329
2142	3373
2142	3416
2142	3326
2142	3171
2142	3227
2142	3207
2142	3171
2142	3194
2142	3186
2142	3232
2142	3273
2142	3366
2142	3361
2142	3339
2142	3275
2142	3141
2142	3227
2142	3232
2142	3323
2142	3257
2142	3328
2142	3319
2142	3319
2142	3227
2142	3237
2142	3209
2142	3196
2142	3265
2142	3268
2142	3268
2142	3220
2142	3304
2142	3353
2142	3357
2142	3309
2142	3356
2142	3353
2142	3317
2142	3362
2142	3315
2142	3357
2142	3357
2142	3267
2142	3366
2142	3406
2142	3312
2142	3357
2142	3357
2142	3406
2142	3406
2142	3376
2142	3455
2142	3455
2142	3455
2142	3399
2142	3455
2142	3406
2142	3328
2142	3304
2142	3217
2142	3312
2142	3312
2142	3314
2142	3156
2142	3122
2142	3129
2142	3076
2142	2982
2142	3131
2142	3136
2142	3357
2142	3213
2142	3260
2142	3227
2142	3175
2142	3267
2142	3245
2142	3357
2142	3402
2142	3406
2142	3365
2142	3324
2142	3309
2142	3323
2142	3309
2142	3217
2142	3218
2142	3262
2142	3309
2142	3353
2142	3228
2142	3240
2142	3260
2142	3215
2142	3309
2142	3309
2142	3241
2142	3292
2142	3322
2142	3316
2142	3305
2142	3386
2142	3386
2142	3455
2142	3386
2142	3289
2142	3188
2142	3309
2142	3304
2142	3232
2142	3260
2142	3220
2142	3353
2142	3268
2142	3314
2142	3168
2142	3217
2142	3134
2142	3309
2142	3406
2142	3357
2142	3309
2142	3309
2142	3218
2142	3357
2142	3289
2142	3271
2142	3455
2142	3406
2142	3402
2142	3309
2142	3260
2142	3357
2142	3306
2142	3402
2142	3328
2142	3406
2142	3357
2142	3357
2142	3357
2142	3263
2142	3334
2142	3269
2142	3219
2142	3071
2142	3022
2142	3114
2142	3089
2142	3066

