melhor e media

1910	2746
1832	2638
1832	2671
1756	3077
1756	3172
1756	3227
1756	3071
1756	3035
1756	3104
1756	2913
1756	3035
1756	2949
1756	3102
1756	3095
1756	3078
1756	3008
1756	2937
1756	3067
1756	3244
1756	2903
1756	2805
1756	3269
1756	3056
1756	3123
1756	3109
1756	3140
1756	2992
1756	3224
1756	3093
1756	3152
1756	3284
1756	3285
1756	3205
1756	3122
1756	3223
1756	3093
1756	3254
1756	3158
1756	3169
1756	3134
1756	3245
1756	3145
1756	3039
1756	3125
1756	3282
1756	3221
1756	3191
1756	3040
1721	3166
1721	2722
1721	2986
1721	2870
1721	2869
1721	2998
1721	2780
1721	2878
1721	2910
1721	2808
1721	2881
1721	2909
1721	3103
1721	2887
1721	2885
1721	2975
1721	2985
1721	2860
1721	2987
1721	2959
1721	2955
1721	2959
1721	3010
1721	2877
1721	2992
1721	2944
1721	2944
1721	2893
1721	2971
1721	2851
1721	2869
1721	2953
1721	2909
1721	2854
1721	2893
1721	2960
1721	2961
1721	2871
1721	2912
1721	2891
1721	2955
1721	2896
1721	2897
1721	2933
1721	2757
1721	2867
1721	2953
1721	2874
1721	2986
1721	2926
1721	2886


melhor e media

1866	2851
1842	2591
1776	2715
1728	2955
1728	3113
1728	3140
1728	2981
1728	3001
1728	3022
1728	3022
1728	2957
1728	2860
1728	2679
1728	2752
1728	2883
1728	2858
1728	2937
1728	3062
1728	2985
1728	3015
1728	3037
1728	2976
1728	2949
1728	3004
1728	2965
1728	2819
1728	3039
1728	3077
1728	2980
1728	2966
1728	2931
1728	2890
1728	2951
1728	3088
1728	3034
1728	3077
1728	2963
1728	2871
1728	2868
1728	2960
1728	2997
1728	2987
1728	3077
1728	3125
1728	2958
1728	2940
1728	2882
1728	3136
1728	3128
1728	3141
1728	2891
1728	3078
1728	3088
1728	2956
1728	3175
1728	3058
1728	3002
1728	2956
1728	2878
1728	2878
1728	2837
1728	2892
1728	2882
1728	3005
1728	3001
1728	2896
1728	2965
1728	3073
1728	3097
1728	3084
1728	3064
1728	3122
1728	2901
1728	3024
1728	3128
1728	3141
1728	3180
1728	3100
1728	2995
1728	2991
1728	3071
1728	3051
1728	2999
1728	3072
1728	3068
1728	3057
1728	3031
1728	3110
1728	3090
1728	3000
1728	2940
1728	3029
1728	2943
1728	2937
1728	2955
1728	3001
1728	3084
1728	3012
1728	2992


melhor e media

1921	2853
1856	2652
1856	2732
1856	2828
1856	2673
1842	2713
1842	2183
1825	2167
1825	2179
1825	2312
1825	2208
1825	2204
1825	2297
1825	2266
1825	2279
1825	2266
1825	2406
1825	2294
1825	2277
1825	2425
1825	2314
1825	2252
1825	2143
1825	2194
1825	2124
1825	2217
1825	2334
1825	2383
1825	2234
1825	2395
1825	2228
1825	2253
1825	2336
1825	2309
1825	2290
1804	2414
1766	2241
1766	2358
1766	2416
1766	2673
1766	2723
1766	2771
1766	2602
1766	2737
1766	2706
1766	2777
1766	2711
1766	2629
1766	2504
1766	2445
1766	2530
1766	2509
1766	2661
1766	2683
1766	2577
1766	2631
1766	2665
1766	2615
1766	2540
1766	2646
1766	2649
1766	2652
1766	2740
1766	2740
1766	2778
1766	2593
1766	2596
1766	2622
1766	2684
1766	2629
1766	2647
1766	2644
1766	2554
1766	2489
1766	2556
1766	2658
1766	2637
1766	2519
1766	2569
1766	2659
1766	2580
1766	2565
1766	2610
1766	2539
1766	2755
1766	2724
1766	2590
1766	2650
1766	2555
1766	2619
1766	2632
1766	2630
1766	2434
1766	2602
1766	2478
1766	2719
1766	2776
1766	2792
1766	2618


melhor e media

1893	2821
1832	2465
1756	2699
1756	3018
1756	3158
1756	3001
1756	3116
1756	2984
1756	3181
1756	3039
1756	3125
1756	3094
1756	2952
1756	3048
1756	3030
1756	2947
1756	3041
1756	2994
1756	3068
1756	3145
1756	3089
1756	3161
1756	3143
1756	3039
1756	2942
1756	3038
1756	3009
1756	3017
1756	3092
1756	2948
1756	2996
1756	3139
1756	2960
1756	3041
1756	3079
1756	2948
1756	2957
1756	2815
1756	3059
1756	3100
1756	3115
1756	3062
1756	2871
1756	2977
1756	2996
1756	3083
1756	2997
1756	3034
1756	3166
1756	3134
1756	3015
1756	3019
1756	2963
1756	3088
1756	3049
1756	3097
1756	3129
1756	3113
1756	3094
1756	2798
1756	2948
1756	3069
1756	3075
1756	3101
1756	3098
1756	3109
1756	3235
1756	2987
1756	2977
1756	3153
1756	3132
1756	3163
1756	2979
1756	3074
1756	3026
1756	3078
1756	2948
1756	2891
1756	2855
1721	3017
1721	2763
1721	2826
1721	2879
1721	2913
1721	2927
1721	2880
1721	2993
1721	3002
1721	2992
1721	2784
1721	2955
1721	2818
1721	2822
1721	2857
1721	2996
1721	2775
1721	2797
1721	2739
1721	2952


melhor e media

1809	2899
1756	2467
1756	2773
1756	3013
1756	3129
1756	2957
1756	3081
1756	3016
1756	3137
1721	3070
1721	2666
1721	2962
1721	2989
1721	2996
1721	2878
1721	2912
1721	2943
1721	2864
1721	2874
1721	2945
1721	3006
1721	2901
1721	2810
1721	2725
1721	2675
1721	2867
1721	2859
1721	2832
1721	2788
1711	2854
1711	2773
1711	2458
1711	2776
1711	2855
1711	2823
1711	2843
1711	2895
1711	3013
1711	3112
1711	3045
1711	3039
1711	2997
1711	2919
1711	2914
1711	2990
1711	2988
1711	3038
1711	3057
1711	2916
1711	3065
1711	2963
1711	3007
1711	2909
1711	2960
1711	2951
1711	2925
1711	2848
1711	2819
1711	2903
1711	2773
1711	2808
1711	2751
1711	2753
1711	2824
1711	2769
1711	2781
1711	2753
1711	2805
1711	2797
1711	2800
1711	2762
1711	2906
1711	2902
1711	2917
1711	2911
1711	2865
1711	2876
1711	2970
1711	2844
1711	2899
1711	3027
1711	2905
1711	2903
1711	2826
1711	2950
1711	2969
1711	2805
1711	2796
1711	2824
1711	3040
1711	2973
1711	3008
1711	3067
1711	2952
1711	3026
1711	3004
1711	2859
1711	3036
1711	2934


melhor e media

1989	2968
1987	2866
1906	2527
1906	2890
1869	2724
1869	2181
1869	2861
1869	2902
1869	2902
1869	2970
1869	2768
1869	2874
1869	2961
1869	3035
1869	2832
1869	2989
1869	2931
1869	2845
1786	2665
1786	2590
1786	3135
1786	2254
1696	2287
1696	2517
1696	2412
1696	2347
1696	2196
1696	2134
1696	2222
1696	2240
1696	2252
1696	2234
1696	2244
1696	2109
1696	2301
1696	2244
1696	2094
1696	2110
1696	2169
1696	2142
1696	2088
1696	2076
1696	2110
1696	2136
1696	2307
1696	2252
1696	2204
1696	2307
1696	2195
1696	2248
1696	2201
1696	2068
1696	2123
1696	2114
1696	2070
1696	2073
1696	2066
1696	2160
1696	2112
1696	2031
1696	2225
1696	2192
1696	1983
1696	2033
1696	2017
1696	2188
1696	2093
1696	2026
1696	2061
1696	2053
1696	2203
1696	2082
1696	2052
1696	2127
1696	2307
1696	2069
1696	2174
1696	2291
1696	2311
1696	2286
1696	2105
1696	1982
1696	2130
1696	2136
1696	2053
1696	2010
1696	2165
1696	2094
1696	2034
1696	2121
1696	2118
1696	2185
1696	2200
1696	2158
1696	2240
1696	2121
1696	2099
1696	2052
1696	2095


melhor e media

1835	2797
1833	2584
1756	2608
1756	2642
1756	2540
1756	2674
1756	2696
1756	2574
1756	2607
1756	2644
1756	2650
1756	2709
1721	2767
1721	2272
1721	2402
1721	2476
1721	2496
1721	2507
1721	2577
1721	2551
1721	2547
1721	2598
1721	2632
1721	2628
1721	2678
1721	2713
1721	2563
1721	2701
1721	2733
1721	2774
1721	2824
1717	2712
1717	2768
1717	2812
1717	2817
1717	2823
1717	2713
1717	2684
1717	2612
1717	2644
1717	2605
1717	2641
1717	2608
1717	2700
1717	2792
1717	2756
1717	2698
1717	2812
1717	2630
1717	2733
1717	2696
1717	2679
1717	2690
1717	2707
1717	2646
1717	2712
1717	2713
1717	2775
1717	2715
1717	2622
1717	2759
1717	2798
1717	2652
1717	2789
1717	2755
1717	2778
1717	2720
1717	2745
1717	2735
1717	2863
1717	2891
1717	2850
1717	2797
1717	2858
1717	2900
1717	2860
1717	2884
1717	2925
1717	2683
1717	2932
1717	2699
1717	2840
1717	2695
1717	2745
1717	2727
1717	2724
1717	2674
1717	2880
1717	2783
1717	2738
1677	2732
1677	3001
1677	2772
1677	2860
1677	2852
1677	2991
1677	2895
1677	2829
1675	2895


melhor e media

1889	2917
1825	2746
1822	2438
1821	2346
1821	1958
1821	2005
1821	2045
1821	2051
1821	2072
1812	1987
1812	2012
1812	2098
1812	2200
1812	2104
1779	2097
1779	2069
1779	2151
1779	2086
1779	2081
1779	1924
1779	2001
1779	2012
1779	2001
1779	2042
1779	1968
1779	2082
1779	2229
1779	2141
1779	2080
1779	2009
1779	2047
1779	2055
1779	2053
1779	2058
1779	2203
1779	2157
1779	2194
1772	2179
1772	2432
1772	2271
1772	2309
1772	2214
1772	2272
1772	2225
1772	2170
1772	2246
1772	2142
1772	2091
1772	2241
1772	2168
1772	2134
1772	2152
1740	2296
1740	2268
1740	2186
1740	2151
1696	2265
1696	2230
1696	2198
1696	2251
1696	2110
1696	2072
1696	2185
1696	2129
1696	2192
1696	2073
1696	2015
1696	2168
1696	2183
1696	2088
1696	2068
1696	1978
1696	2058
1696	2175
1696	2029
1696	2051
1696	2076
1696	2021
1696	2015
1696	2003
1696	2071
1696	2077
1696	2038
1696	2047
1696	1995
1696	2071
1696	2129
1696	2055
1696	2137
1696	2071
1696	2247
1696	2169
1696	2050
1696	2061
1696	2214
1696	2322
1696	2164
1696	2181
1696	1995


melhor e media

1788	2861
1788	2601
1788	2534
1696	2359
1696	2175
1696	2108
1696	2158
1696	2052
1696	2111
1696	2150
1696	2178
1696	2182
1696	2082
1696	2094
1696	2106
1696	2158
1696	2325
1696	2369
1696	2222
1696	2189
1696	2131
1696	2053
1696	2077
1696	2041
1696	2033
1696	2207
1696	2269
1696	2180
1696	2146
1696	2110
1696	2118
1696	2054
1696	2091
1696	2137
1696	2160
1696	2256
1696	2231
1696	2255
1696	2163
1696	2183
1696	2093
1696	2128
1696	2303
1696	2101
1696	2069
1696	2076
1696	2212
1696	2159
1696	2061
1696	2017
1696	2012
1696	2075
1696	2098
1696	2065
1696	2086
1696	2057
1696	2109
1696	2034
1696	2136
1696	2233
1696	2122
1696	2227
1696	2263
1696	2193
1696	2010
1696	2010
1696	2174
1696	2034
1696	2095
1696	2103
1696	2195
1696	2157
1696	2180
1696	2001
1696	2063
1696	2130
1696	2131
1696	2223
1696	2140
1696	2188
1696	2079
1696	2133
1696	2103
1696	2059
1696	2146
1696	2065
1696	2058
1696	2150
1696	2195
1696	2069
1696	2151
1696	2066
1696	2066
1696	1982
1696	2042
1696	2162
1696	2147
1696	1989
1696	2069


melhor e media

1835	2661
1833	2546
1728	2683
1728	2495
1728	2474
1728	2562
1728	2526
1728	2519
1728	2599
1728	2664
1728	2628
1728	2553
1728	2662
1728	2699
1728	2746
1728	2865
1728	2704
1728	2764
1728	2715
1728	2637
1728	2641
1728	2662
1728	2674
1728	2798
1728	2740
1728	2695
1728	2653
1728	2818
1728	2785
1728	2917
1728	3077
1728	2973
1728	2943
1728	3036
1728	2959
1728	3041
1728	3034
1728	2910
1728	2881
1728	2992
1728	2942
1728	2978
1728	2914
1728	3018
1728	2980
1728	2878
1728	2842
1728	2776
1728	2816
1725	2956
1725	2648
1725	2749
1725	2756
1725	2781
1725	3024
1717	2896
1711	2731
1711	2705
1711	2730
1711	2921
1711	2790
1711	2787
1711	2823
1711	2687
1711	2692
1711	2732
1711	2744
1711	2688
1711	2651
1711	2744
1711	2741
1711	2771
1711	2868
1711	2699
1711	2857
1677	2814
1677	3009
1677	2921
1677	2972
1677	2942
1655	2829
1655	3210
1655	3141
1655	2736
1655	2801
1655	2841
1655	2810
1655	2747
1655	2752
1655	2723
1655	2652
1655	2740
1655	2606
1655	2681
1655	2860
1655	2731
1655	2772
1655	2797
1655	2783
