melhor e media

1910	2845
1683	2572
1683	2702
1683	2852
1683	2823
1683	2662
1683	2754
1683	2809
1683	2611
1683	2765
1683	2881
1683	3059
1683	2916
1683	2852
1683	2839
1655	3035
1641	2916
1641	3010
1641	2819
1641	2729
1641	2708
1641	2635
1641	2833
1641	2889
1641	2684
1641	2854
1641	2970
1641	2816
1641	2921
1641	2945
1641	2866
1641	2826
1641	2832
1641	2728
1641	2867
1641	2777
1641	2833
1641	2707
1641	2810
1641	2834
1641	2791
1641	2911
1641	2710
1641	3023
1641	3045
1641	3044
1641	2910
1641	2975
1641	3019


melhor e media

1892	2883
1815	2514
1810	2694
1696	2862
1696	2527
1696	2394
1696	2110
1696	2154
1696	2318
1696	2230
1696	2075
1696	2253
1696	2341
1696	2200
1696	2170
1696	2250
1696	2166
1696	2148
1696	2187
1696	2135
1696	2248
1696	2232
1696	2339
1696	2188
1696	2105
1696	2316
1696	2213
1696	2152
1696	2265
1696	2280
1696	2329
1696	2250
1696	2231
1696	2239
1696	2215
1696	2291
1696	2377
1696	2211
1696	2364
1696	2358
1696	2204
1696	2123
1696	2623
1696	2438
1696	2056
1696	2081
1696	1995
1696	2285
1696	2293


melhor e media

1868	2828
1793	2463
1764	2465
1696	2132
1696	2222
1696	2414
1696	2296
1696	2260
1696	2402
1696	2329
1696	2247
1696	2071
1696	2326
1696	2304
1696	2331
1696	2067
1696	2136
1696	2133
1696	2095
1696	2130
1696	2318
1696	2244
1696	2250
1696	2522
1696	2362
1696	2100
1696	2291
1696	2289
1696	2253
1696	2299
1696	2209
1696	2201
1696	2108
1696	2287
1696	2161
1696	2497
1696	2553
1696	2429
1696	2433
1696	2231
1696	2217
1696	2256
1696	2294
1696	2145
1696	2265
1696	2206
1696	2140
1696	2243
1696	2435


melhor e media

1873	2687
1842	2650
1818	2559
1818	2625
1804	2686
1804	2310
1781	2343
1781	2651
1781	3034
1781	2917
1781	3020
1781	2765
1781	3011
1781	2735
1781	2735
1781	2712
1781	2895
1781	2650
1781	2782
1781	2832
1781	2727
1781	2967
1781	2985
1781	2957
1781	2875
1781	2855
1781	2764
1781	2649
1781	2795
1781	2729
1781	2783
1740	2990
1740	2624
1740	2282
1740	2044
1740	2267
1740	2188
1740	2143
1740	2274
1740	2195
1740	2152
1740	2225
1740	2292
1740	2209
1740	2218
1740	2280
1740	2351
1740	2473
1740	2189


melhor e media

1940	2902
1815	2633
1815	2653
1728	2568
1728	2495
1728	2774
1728	2833
1728	2694
1728	2502
1728	2645
1728	2802
1728	2807
1728	2780
1728	2658
1728	2596
1728	2607
1728	2787
1728	2676
1728	2920
1728	2967
1728	3027
1728	2942
1728	3010
1728	3145
1728	3105
1728	3099
1728	2903
1728	2815
1728	2898
1728	2869
1728	2861
1728	2969
1728	2881
1728	2947
1728	2844
1728	2913
1728	3072
1728	2983
1728	2979
1728	2961
1728	2952
1728	2962
1728	2731
1728	2921
1728	2986
1728	2918
1728	2904
1728	3009
1728	2970


melhor e media

1849	2815
1737	2581
1737	2704
1737	3011
1737	2880
1737	3068
1737	2996
1737	2929
1737	3133
1737	3043
1737	2914
1737	2864
1737	2952
1737	3265
1737	3074
1737	3005
1737	3226
1737	3046
1737	2828
1737	2932
1737	3007
1737	2954
1737	3038
1737	3124
1737	3110
1737	2881
1737	2973
1737	2918
1737	2837
1737	2848
1737	2858
1737	2966
1711	3072
1711	2920
1711	2804
1711	2920
1711	2631
1711	2754
1711	2802
1711	2614
1711	2774
1711	2779
1711	2836
1711	2749
1711	2844
1711	2733
1686	2872
1677	2750
1677	2765


melhor e media

1781	2825
1756	2558
1756	2790
1756	2701
1756	3044
1756	2788
1756	2837
1756	2883
1756	2936
1756	2958
1756	2742
1756	3002
1756	2972
1756	2723
1756	2893
1756	2796
1756	2739
1756	2617
1756	2730
1756	2793
1756	2730
1756	2520
1756	2590
1756	2663
1756	2597
1756	2521
1756	2536
1756	2400
1756	2369
1756	2693
1728	2612
1728	2621
1728	2673
1728	2708
1728	2923
1728	2802
1728	2735
1728	2926
1728	2845
1728	2748
1728	2675
1728	2711
1728	2726
1728	2798
1683	2834
1683	2458
1683	2296
1683	2382
1683	2359


melhor e media

1803	2833
1803	2752
1756	2883
1756	3049
1756	3190
1756	2961
1756	3080
1756	3021
1756	2983
1756	3028
1756	3031
1756	3065
1756	3116
1756	3034
1756	3166
1756	3077
1756	3075
1756	3004
1728	2976
1728	3093
1728	3113
1728	3041
1728	2877
1728	2852
1728	2977
1728	2830
1728	2835
1728	3058
1728	2950
1728	2964
1728	2972
1728	2920
1728	2903
1728	3097
1728	3129
1728	3047
1728	3072
1728	2874
1728	2884
1728	2921
1728	2946
1728	2890
1728	2886
1728	3042
1728	2993
1728	3034
1728	3157
1728	2944
1728	2869


melhor e media

1907	2756
1862	2532
1862	2744
1832	2508
1756	2476
1756	2662
1756	2622
1756	2607
1756	2683
1756	2922
1756	2898
1756	2958
1756	2956
1756	2914
1756	2809
1756	2741
1756	2931
1756	2978
1728	3007
1728	2713
1725	2663
1725	2130
1721	1956
1721	2125
1721	2088
1721	2301
1721	2393
1721	2323
1721	2442
1721	2604
1721	2565
1721	2602
1721	2644
1721	2716
1721	2705
1721	2719
1721	2765
1721	2789
1721	2985
1721	2706
1721	2870
1721	2861
1721	2783
1721	2684
1721	2840
1721	2734
1721	2767
1721	2887
1721	2790


melhor e media

1918	2987
1877	2434
1857	2699
1796	2590
1796	2665
1781	2633
1781	2593
1781	2873
1781	2767
1781	2798
1781	2788
1781	2839
1781	2939
1781	3042
1781	2725
1781	2876
1781	2767
1781	2800
1781	2636
1781	2884
1781	2792
1740	2683
1740	2529
1740	2127
1740	2431
1740	2157
1740	2077
1740	2194
1740	2328
1740	2302
1740	2264
1740	2209
1740	2207
1740	2133
1740	2192
1740	2220
1740	2259
1740	2139
1740	2237
1740	2205
1740	2170
1740	2396
1728	2353
1728	2647
1728	3206
1728	3226
1728	3072
1728	3080
1728	3014


melhor e media

1810	2951
1728	2549
1728	2731
1728	2985
1728	3008
1728	2936
1728	3163
1728	3066
1728	3031
1728	2899
1728	3283
1728	3089
1728	3104
1728	2964
1728	3070
1728	3063
1728	2811
1728	3035
1728	2895
1728	2899
1728	2991
1728	2986
1728	2889
1728	3154
1728	2983
1655	2823
1655	3056
1655	2937
1655	2748
1655	2679
1655	2702
1655	2687
1655	2922
1655	2878
1655	2718
1655	2677
1655	2808
1655	2646
1655	2819
1655	2827
1655	2848
1655	2796
1655	2741
1655	2902
1655	3000
1655	3023
1655	3036
1655	2960
1655	2925


melhor e media

1729	2524
1729	2550
1721	2686
1721	2786
1721	2767
1721	2726
1721	2885
1721	3011
1721	3029
1721	3084
1721	3051
1721	2917
1721	2840
1721	2810
1721	2772
1721	2759
1721	2736
1721	2707
1721	2889
1721	2660
1721	2515
1721	2833
1721	2817
1721	2930
1721	2790
1721	2831
1721	2894
1721	2710
1721	2894
1721	2884
1721	2864
1721	2810
1721	2636
1721	2753
1721	2634
1721	2928
1721	2847
1721	2935
1721	2911
1721	2904
1721	2734
1721	2867
1721	2704
1721	2612
1721	2499
1721	2690
1721	2863
1721	2692
1721	2746


melhor e media

1873	2757
1803	2827
1776	2945
1776	2712
1776	2756
1756	2591
1756	2664
1756	2589
1756	2793
1756	2756
1756	2692
1756	2682
1756	2987
1756	2869
1756	3044
1756	2964
1756	2936
1756	3000
1756	2994
1756	2853
1756	3036
1756	2981
1756	3033
1756	3132
1756	3101
1756	2970
1756	3112
1756	3014
1756	3023
1756	3029
1756	2986
1756	2937
1737	3050
1737	2706
1737	2976
1737	2867
1737	2829
1737	2739
1737	3004
1737	2926
1737	2910
1737	2804
1737	2811
1737	2906
1737	2895
1721	2895
1721	2966
1721	2681
1721	2932


melhor e media

1898	3147
1851	2434
1811	2941
1756	2539
1756	2914
1756	2972
1756	2908
1721	2886
1721	2806
1721	3029
1721	2930
1721	2844
1721	2845
1721	2853
1721	2860
1721	2872
1721	2838
1721	2857
1721	2779
1721	2994
1721	2896
1721	2936
1721	2798
1721	2916
1721	2809
1721	3024
1721	2886
1721	2811
1721	2795
1721	2738
1721	2936
1721	2959
1721	2804
1721	2729
1721	2864
1721	3056
1721	2975
1721	3011
1721	2870
1721	2785
1721	2865
1721	2887
1721	3019
1721	2904
1721	2936
1721	2949
1721	2861
1721	2831
1721	2821


melhor e media

1809	3118
1753	2684
1753	2503
1753	2225
1753	2139
1753	2088
1753	2127
1753	2231
1753	2295
1740	2149
1740	2211
1696	2085
1696	2146
1696	2106
1696	2135
1696	2285
1696	2143
1696	2368
1696	2494
1696	2342
1696	2148
1696	2328
1696	2274
1696	2364
1696	2396
1696	2356
1696	2400
1696	2438
1696	2322
1696	2307
1696	2234
1696	2144
1696	2301
1696	2174
1696	2317
1696	2264
1696	2257
1696	2326
1696	2303
1696	2227
1696	2019
1696	2115
1696	2185
1696	2307
1696	2322
1696	2442
1696	2233
1696	2376
1696	2346


melhor e media

1753	2909
1753	2640
1753	2754
1641	2295
1641	2458
1641	2096
1641	2702
1641	2539
1641	2574
1641	2540
1641	2459
1641	2501
1641	2579
1641	2782
1641	2774
1641	2629
1641	2636
1641	2668
1641	2804
1641	2666
1641	2752
1641	2642
1641	2544
1641	2544
1641	2564
1641	2684
1641	2743
1641	2673
1641	2837
1641	2841
1641	2874
1641	2839
1641	2865
1641	2881
1641	2681
1641	2735
1641	2723
1641	2685
1641	2767
1641	2821
1641	3012
1641	3006
1641	2961
1641	2967
1641	3216
1641	3040
1641	3031
1641	3126
1641	3190


melhor e media

1861	2662
1825	2679
1820	2840
1820	2939
1820	3163
1820	3096
1820	2978
1820	3124
1820	3115
1820	3177
1781	3165
1756	3158
1756	3288
1756	3260
1756	3218
1756	2865
1752	2831
1752	2205
1752	2263
1675	2246
1675	2260
1675	2396
1675	2447
1675	2402
1675	2498
1675	2603
1675	2644
1675	2633
1675	2705
1675	2771
1675	2799
1675	2792
1675	2821
1675	2781
1675	2805
1675	2837
1675	3001
1675	2788
1675	2794
1655	2836
1655	2881
1655	2942
1655	2981
1655	3074
1655	2954
1655	2919
1655	3122
1655	3133
1655	2981


melhor e media

1850	2869
1850	3009
1655	2717
1655	3128
1655	3327
1655	3049
1655	3142
1655	3116
1655	2830
1655	3027
1655	2985
1655	2867
1655	2869
1655	2822
1655	2955
1655	2917
1655	2944
1655	2841
1655	2840
1655	2873
1655	2888
1655	3075
1655	3011
1655	2919
1655	2905
1655	2957
1655	3000
1655	2798
1655	2873
1655	2898
1655	3069
1655	3037
1655	2778
1655	2882
1655	2990
1655	2874
1655	2827
1655	2859
1655	2891
1655	2935
1655	2918
1655	2897
1655	2933
1655	3009
1655	2743
1655	2987
1655	2870
1655	2730
1655	2899


melhor e media

1756	2706
1756	2620
1756	2846
1756	2741
1756	2696
1756	2707
1756	2762
1728	2776
1728	2577
1728	2749
1728	2780
1728	2708
1728	2502
1728	2651
1728	2656
1728	2551
1728	2500
1728	2608
1728	2697
1728	2664
1728	2834
1728	2836
1728	2836
1728	2933
1728	2875
1728	2890
1728	2787
1728	2904
1728	2779
1728	2763
1728	2790
1728	2869
1728	2770
1728	2862
1728	2672
1728	2798
1728	2934
1728	2642
1728	2793
1728	3154
1728	3105
1728	2978
1728	3056
1728	3107
1728	3002
1728	2997
1728	3050
1728	3043
1728	3069


melhor e media

1756	2942
1756	2705
1756	2823
1756	2753
1756	3111
1756	2991
1756	3107
1756	2993
1756	3009
1756	2972
1756	2794
1756	2890
1721	2928
1721	2607
1721	2414
1661	2440
1661	2387
1661	2512
1661	2829
1661	3003
1661	2939
1661	3103
1661	3013
1661	2725
1642	2720
1641	2815
1641	2836
1641	2876
1641	2817
1641	2820
1641	2928
1641	2910
1641	3034
1641	2948
1641	3117
1641	2923
1641	2858
1641	2955
1641	2977
1641	2934
1641	3016
1641	2831
1641	2868
1641	2830
1641	2648
1641	2873
1641	2789
1641	2931
1641	2962


melhor e media

2078	2687
1762	2784
1762	2630
1762	2225
1696	2281
1696	2223
1696	2322
1696	2560
1696	2364
1696	2125
1696	2280
1696	2271
1696	2145
1696	2027
1696	2139
1696	2248
1696	2258
1696	2403
1696	2394
1696	2290
1696	2203
1696	2156
1696	2317
1696	2196
1696	2217
1696	2295
1696	2107
1696	2157
1696	2085
1696	2275
1696	2233
1696	2219
1696	2210
1696	2323
1696	2061
1696	2170
1696	2052
1696	2267
1696	2324
1696	2102
1696	2062
1696	2096
1696	2179
1696	2203
1696	2255
1696	2200
1696	2409
1696	2486
1696	2346


melhor e media

1728	2884
1728	2653
1721	2964
1721	2761
1721	2764
1721	2711
1721	2779
1721	2948
1721	2655
1721	2708
1721	2769
1721	2763
1721	2864
1721	2766
1721	2947
1721	2840
1721	2810
1721	2692
1721	2680
1721	2834
1721	2925
1721	2844
1721	2770
1721	2801
1721	2877
1721	2921
1721	2899
1721	2970
1721	2899
1721	2938
1721	2839
1721	2948
1721	2975
1721	2997
1721	3031
1721	2891
1721	2841
1721	3011
1721	2943
1721	2788
1721	2917
1721	2988
1721	2911
1721	2948
1721	2842
1721	2875
1721	2975
1721	2876
1721	2751


melhor e media

1752	2855
1752	2673
1752	2856
1752	2959
1752	3064
1752	3145
1683	2948
1683	3123
1683	3022
1683	3046
1683	2848
1683	2764
1683	2846
1683	2694
1683	2727
1683	2848
1683	2813
1683	2905
1683	2994
1683	2907
1683	3015
1683	2883
1683	2944
1683	2855
1683	2810
1683	2795
1683	2935
1683	2959
1683	2965
1683	2850
1683	2932
1683	2965
1683	2861
1683	2819
1683	3000
1683	2803
1683	2921
1683	2807
1683	2763
1683	2672
1683	2841
1683	2672
1683	2880
1683	2983
1683	2931
1683	3086
1683	2946
1683	3022
1683	2984


melhor e media

1970	2814
1803	2583
1789	2812
1789	2867
1774	2816
1766	2717
1764	2662
1764	3138
1696	2561
1696	2132
1696	2495
1696	2080
1696	2301
1696	2276
1696	2030
1696	2099
1696	2304
1696	2069
1696	2092
1696	2192
1696	2251
1696	2418
1696	2277
1696	2210
1696	2087
1696	2214
1696	2268
1696	2236
1696	2390
1696	2238
1696	2338
1696	2305
1696	2016
1696	2187
1696	2142
1696	2324
1696	2285
1696	2184
1696	2280
1696	2228
1696	2138
1696	2357
1696	2114
1696	2321
1696	2101
1696	2195
1696	2021
1696	2194
1696	2373


melhor e media

1648	2932
1648	2639
1648	2492
1648	2255
1648	2327
1648	2269
1648	2298
1648	2268
1648	2283
1648	2297
1648	2283
1648	2110
1648	2141
1648	2265
1648	2286
1648	2285
1648	2225
1648	2326
1648	2338
1648	2429
1648	2221
1648	2404
1648	2337
1648	2306
1648	2487
1648	2283
1648	2152
1648	2345
1648	2264
1648	2254
1648	2282
1648	2277
1648	2144
1648	2165
1648	2096
1648	2120
1648	2238
1648	2445
1648	2528
1648	2303
1648	2211
1648	2420
1648	2382
1648	2425
1648	2273
1648	2287
1648	2313
1648	2260
1648	2008


melhor e media

1842	2805
1752	2651
1752	2810
1752	2774
1752	2746
1752	2824
1752	2660
1752	2841
1729	2876
1729	2866
1729	3014
1729	2919
1729	2948
1729	3016
1729	2908
1729	2839
1729	2933
1729	3108
1729	2896
1729	2866
1729	2931
1729	2837
1729	3032
1729	3000
1729	2929
1729	2844
1729	2749
1726	2826
1726	2940
1726	2728
1726	2730
1675	2905
1675	2929
1675	2925
1675	3082
1675	2948
1675	2963
1675	2961
1675	3012
1675	2880
1675	2906
1675	3019
1675	2992
1675	2875
1675	2855
1675	2986
1675	2864
1675	2990
1675	2991


