melhor e media

874	2826
874	1932
827	1825
827	1840
827	1808
827	1888
827	1645
827	1719
827	1573
827	1630
827	1667
827	1447
827	1606
827	1534
827	1448
827	1611
827	1455
827	1494
827	1728
827	1725
827	1737
827	1693
827	1710
827	1654
827	1697
827	1648
827	1609
827	1479
827	1716
827	1616
827	1742
827	1732
827	1794
827	1662
827	1628
827	1870
827	1693
827	1698
827	1834
827	1735
827	1723
827	1841
827	1690
827	1771
827	1833
827	1804
827	1826
827	1785
827	1676


melhor e media

827	2218
827	1974
827	1757
827	1733
827	1673
827	1787
827	1579
827	1665
827	1811
827	1562
827	1527
827	1419
827	1662
827	1643
827	1604
827	1464
827	1558
827	1638
827	1451
827	1548
827	1664
827	1479
827	1382
827	1489
827	1463
827	1401
827	1555
827	1470
827	1601
827	1593
827	1646
827	1652
827	1589
827	1498
827	1581
827	1619
827	1732
827	1582
827	1512
827	1515
827	1594
827	1637
827	1642
827	1682
827	1559
827	1718
827	1634
827	1674
827	1506


melhor e media

1617	2575
955	2077
955	1963
955	1930
955	1932
955	1843
955	1912
955	1836
955	1995
955	1872
955	1840
955	1732
955	1774
880	1754
880	1768
880	1917
880	1853
880	1751
880	2049
880	2014
880	2065
880	1997
880	2032
880	1914
880	1989
880	2002
880	1837
880	1807
880	1824
880	1797
880	1932
880	1868
880	1901
880	1770
880	1686
880	1718
880	1847
880	1932
880	1949
880	1983
880	2088
880	2120
880	2056
880	2116
880	2022
880	1911
880	1961
880	2025
880	1977


melhor e media

955	2370
928	2025
928	1816
928	1703
928	1811
928	1745
928	1751
928	1838
928	1823
827	1735
827	1974
827	1945
827	1672
827	1792
827	1758
827	1784
827	1774
827	1734
827	1848
827	1613
827	1724
827	1645
827	1694
827	1792
827	1658
827	1665
827	1807
827	1674
827	1614
827	1659
827	1676
827	1802
827	1846
827	1687
827	1651
827	1847
827	1740
827	1673
827	1832
827	1805
827	1867
827	1807
827	1732
827	1691
827	1725
827	1660
827	1644
827	1734
827	1645


melhor e media

1616	2485
1616	1936
955	1873
928	1725
928	1536
827	1590
827	1743
827	1412
827	1541
827	1504
827	1610
827	1451
827	1331
827	1631
827	1558
827	1453
827	1470
827	1505
827	1553
827	1499
827	1417
827	1334
827	1636
827	1544
827	1470
827	1688
827	1605
827	1551
827	1526
827	1598
827	1764
827	1593
827	1604
827	1672
827	1658
827	1685
827	1487
827	1470
827	1455
827	1415
827	1495
827	1522
827	1593
827	1670
827	1494
827	1799
827	1683
827	1517
827	1509


melhor e media

866	2777
866	1936
827	1766
827	1435
827	1443
827	1378
827	1471
827	1793
827	1651
827	1515
827	1441
827	1577
827	1776
827	1831
827	1614
827	1640
827	1733
827	1693
827	1723
827	1887
827	1735
827	1644
827	1736
827	1602
827	1642
827	1630
827	1782
827	1693
827	1608
827	1777
827	1745
827	1610
827	1739
827	1844
827	1783
827	1657
827	1710
827	1652
827	1753
827	1662
827	1706
827	1793
827	1776
827	1680
827	1629
827	1576
827	1663
827	1551
827	1594


melhor e media

1604	2397
827	2131
827	2043
827	1850
827	1733
827	1813
827	1709
827	1723
827	1730
827	1745
827	1697
827	1536
827	1632
827	1619
827	1757
827	1637
827	1634
827	1570
827	1671
827	1756
827	1619
827	1688
827	1659
827	1679
827	1657
827	1597
827	1699
827	1698
827	1671
827	1697
827	1628
827	1645
827	1646
827	1691
827	1762
827	1762
827	1650
827	1970
827	1712
827	1709
827	1739
827	1593
827	1559
827	1706
827	1734
827	1721
827	1732
827	1778
827	1614


melhor e media

866	2275
866	1872
827	1633
827	2204
827	1702
827	1639
827	1726
827	1636
827	1761
827	1633
827	1574
827	1617
827	1709
827	1696
827	1640
827	1662
827	1602
827	1805
827	1674
827	1717
827	1891
827	1761
827	1799
827	1652
827	1592
827	1626
827	1664
827	1712
827	1791
827	1640
827	1641
827	1625
827	1727
827	1605
827	1856
827	1761
827	1669
827	1599
827	1703
827	1682
827	1714
827	1618
827	1673
827	1773
827	1702
827	1714
827	1712
827	1765
827	1541


melhor e media

1693	2429
827	1761
827	1978
827	1660
827	1699
827	1677
827	1560
827	1440
827	1306
827	1514
827	1474
827	1431
827	1523
827	1557
827	1532
827	1427
827	1513
827	1462
827	1577
827	1498
827	1424
827	1442
827	1515
827	1535
827	1446
827	1580
827	1459
827	1398
827	1555
827	1439
827	1531
827	1500
827	1466
827	1378
827	1388
827	1481
827	1564
827	1471
827	1374
827	1516
827	1518
827	1350
827	1357
827	1479
827	1423
827	1372
827	1576
827	1461
827	1532


melhor e media

827	2347
827	1926
827	1859
827	1617
827	1700
827	1680
827	1698
827	1639
827	1719
827	1620
827	1545
827	1691
827	1645
827	1534
827	1577
827	1672
827	1746
827	1728
827	1574
827	1564
827	1548
827	1430
827	1709
827	1716
827	1821
827	1733
827	1589
827	1511
827	1523
827	1478
827	1760
827	1575
827	1627
827	1485
827	1566
827	1546
827	1569
827	1596
827	1719
827	1781
827	1599
827	1686
827	1607
827	1758
827	1662
827	1606
827	1645
827	1675
827	1799


melhor e media

827	2362
827	1838
827	1557
827	1725
827	1653
827	1570
827	1624
827	1509
827	1598
827	1513
827	1581
827	1750
827	1848
827	1655
827	1628
827	1637
827	1522
827	1478
827	1568
827	1504
827	1498
827	1547
827	1608
827	1760
827	1791
827	1678
827	1653
827	1648
827	1638
827	1757
827	1678
827	1635
827	1650
827	1688
827	1648
827	1608
827	1628
827	1603
827	1645
827	1622
827	1544
827	1534
827	1591
827	1645
827	1615
827	1533
827	1567
827	1602
827	1474


melhor e media

827	2571
827	2007
827	2103
827	1756
827	1691
827	1727
827	1668
827	1722
827	1723
827	1727
827	1852
827	1665
827	1746
827	1692
827	1602
827	1603
827	1809
827	1715
827	1734
827	1675
827	1565
827	1677
827	1694
827	1713
827	1738
827	1681
827	1671
827	1702
827	1761
827	1578
827	1737
827	1689
827	1752
827	1629
827	1713
827	1546
827	1539
827	1594
827	1709
827	1581
827	1729
827	1764
827	1666
827	1614
827	1720
827	1894
827	1633
827	1746
827	1676


melhor e media

851	2304
851	1774
851	1717
851	1859
851	1728
840	1783
840	1874
840	1714
840	1869
840	2014
840	1855
840	1746
840	1730
840	1874
840	1841
840	1917
840	1872
840	1788
840	1839
840	1721
840	1860
840	1979
840	1820
840	1838
840	1917
840	1756
840	1922
840	1827
840	1989
840	1759
840	1824
840	1981
840	1814
840	1768
840	1715
840	1989
840	1836
840	1860
840	1931
840	1825
840	1734
840	1806
840	1927
840	1836
840	1867
840	1801
840	1949
840	1772
840	1774


melhor e media

1696	2483
1682	2133
827	1762
827	1875
827	1833
827	1617
827	1545
827	1670
827	1673
827	1659
827	1686
827	1857
827	1679
827	1660
827	1730
827	1681
827	1681
827	1724
827	1632
827	1712
827	1628
827	1644
827	1589
827	1585
827	1703
827	1635
827	1580
827	1666
827	1627
827	1634
827	1617
827	1754
827	1770
827	1678
827	1563
827	1663
827	1757
827	1590
827	1581
827	1705
827	1718
827	1718
827	1656
827	1711
827	1824
827	1617
827	1538
827	1726
827	1555


melhor e media

827	2488
827	1914
827	1710
827	1557
827	1549
827	1638
827	1547
827	1803
827	1754
827	1655
827	1603
827	1755
827	1679
827	1574
827	1660
827	1569
827	1618
827	1685
827	1656
827	1645
827	1671
827	1767
827	1666
827	1703
827	1649
827	1619
827	1787
827	1652
827	1681
827	1778
827	1678
827	1667
827	1577
827	1588
827	1700
827	1759
827	1642
827	1620
827	1844
827	1705
827	1769
827	1777
827	1706
827	1660
827	1647
827	1717
827	1614
827	1727
827	1687


melhor e media

827	2540
827	1919
827	1547
827	1692
827	1580
827	1563
827	1596
827	1491
827	1622
827	1726
827	1767
827	1912
827	1815
827	1655
827	1682
827	1715
827	1923
827	1850
827	1751
827	1752
827	1621
827	1608
827	1540
827	1733
827	1638
827	1620
827	1608
827	1698
827	1590
827	1594
827	1584
827	1649
827	1748
827	1863
827	1714
827	1680
827	1643
827	1775
827	1527
827	1608
827	1745
827	1682
827	1678
827	1585
827	1630
827	1620
827	1786
827	1633
827	1794


melhor e media

827	2613
827	1866
827	1853
827	1625
827	1620
827	1643
827	1602
827	1576
827	1719
827	1625
827	1603
827	1718
827	1690
827	1796
827	1726
827	1763
827	1593
827	1554
827	1586
827	1723
827	1773
827	1566
827	1802
827	1704
827	1764
827	1687
827	1638
827	1750
827	1842
827	1699
827	1709
827	1674
827	1817
827	1779
827	1708
827	1644
827	1751
827	1734
827	1619
827	1599
827	1611
827	1624
827	1746
827	1643
827	1695
827	1670
827	1592
827	1733
827	1738


melhor e media

1614	2424
955	2096
955	1803
955	1706
866	1731
866	1880
866	1333
866	1375
866	1424
866	1364
866	1418
827	1339
827	1759
827	1760
827	1711
827	1696
827	1670
827	1587
827	1603
827	1852
827	1834
827	1798
827	1652
827	1670
827	1889
827	1789
827	1715
827	1608
827	1671
827	1747
827	1732
827	1592
827	1640
827	1808
827	1723
827	1717
827	1724
827	1769
827	1660
827	1674
827	1792
827	1854
827	1688
827	1752
827	1745
827	1626
827	1625
827	1870
827	1683


melhor e media

866	2441
866	1821
827	1572
827	1846
827	1669
827	1595
827	1705
827	1537
827	1740
827	1853
827	1836
827	1881
827	1702
827	1838
827	1731
827	1734
827	1647
827	1627
827	1591
827	1621
827	1578
827	1707
827	1696
827	1722
827	1922
827	1711
827	1760
827	1745
827	1755
827	1614
827	1789
827	1711
827	1689
827	1695
827	1641
827	1666
827	1779
827	1673
827	1689
827	1844
827	1824
827	1711
827	1663
827	1891
827	1806
827	1845
827	1686
827	1698
827	1636


