melhor e media
1266	2324
1266	1637
1177	1458
1177	1479
1172	1355
1172	1506
1172	1461
1172	1604
1172	1435
1172	1514
1172	1445
1172	1569
1172	1640
1172	1413
1172	1410
1172	1397
1172	1393
1172	1364
1172	1637
1172	1587
1158	1567
1158	1472
1158	1390
1158	1333
1158	1438
1158	1519
1158	1536
1158	1286
1158	1431
1158	1447
1158	1387
1158	1586
1158	1565
1158	1551
1158	1512
1158	1319
1158	1741
1158	1620
1158	1615
1158	1484
1158	1453
1158	1446
1158	1574
1158	1528
1158	1555
1158	1589
1158	1474
1158	1437
1158	1410

melhor e media
1194	1929
1158	1986
1158	1584
1158	1418
1158	1393
1158	1539
1158	1484
1158	1503
1158	1398
1158	1509
1158	1693
1158	1448
1158	1440
1158	1573
1158	1415
1158	1411
1158	1382
1158	1307
1158	1552
1158	1317
1158	1311
1158	1586
1158	1504
1158	1410
1158	1454
1158	1471
1158	1385
1158	1401
1158	1376
1158	1350
1158	1349
1158	1516
1158	1452
1158	1501
1158	1353
1158	1468
1158	1512
1158	1347
1158	1349
1158	1427
1158	1499
1158	1431
1158	1511
1158	1528
1158	1435
1158	1512
1158	1309
1158	1563
1158	1714

melhor e media
1214	2067
1199	1843
1169	1514
1169	1645
1169	1422
1169	1289
1169	1317
1158	1419
1158	1527
1158	1331
1158	1403
1158	1340
1158	1378
1158	1457
1158	1437
1158	1426
1158	1426
1158	1387
1158	1368
1158	1407
1158	1439
1158	1399
1158	1445
1158	1486
1158	1605
1158	1555
1158	1388
1158	1584
1158	1299
1158	1451
1158	1376
1158	1537
1158	1516
1120	1618
1120	1361
1120	1349
1120	1357
1120	1400
1120	1451
1120	1631
1120	1430
1120	1502
1120	1419
1120	1433
1120	1483
1120	1401
1120	1473
1120	1383
1120	1440

melhor e media
1216	2063
1174	1762
1158	1480
1158	1691
1158	1538
1158	1483
1158	1456
1158	1404
1158	1393
1158	1546
1158	1489
1158	1362
1158	1503
1158	1440
1158	1365
1158	1401
1158	1473
1158	1701
1158	1611
1158	1407
1158	1451
1158	1398
1158	1329
1158	1466
1158	1481
1158	1701
1158	1513
1158	1533
1158	1507
1158	1469
1158	1455
1158	1536
1158	1709
1120	1371
1120	1396
1120	1384
1120	1491
1120	1361
1120	1441
1120	1539
1120	1368
1120	1322
1120	1363
1120	1360
1120	1496
1120	1514
1120	1406
1120	1490
1120	1393

melhor e media
1176	1801
1158	1680
1158	1453
1158	1357
1158	1380
1158	1383
1158	1351
1158	1416
1158	1377
1158	1394
1158	1442
1158	1389
1158	1485
1158	1450
1158	1293
1158	1303
1158	1404
1158	1454
1158	1325
1158	1294
1158	1283
1158	1305
1158	1350
1158	1286
1158	1374
1158	1367
1158	1508
1158	1553
1158	1639
1158	1395
1158	1454
1158	1423
1158	1489
1158	1646
1158	1609
1158	1483
1158	1556
1158	1510
1158	1387
1158	1298
1158	1416
1158	1504
1158	1547
1158	1393
1158	1510
1158	1489
1158	1324
1158	1368
1158	1463

melhor e media
1237	2057
1237	1770
1237	2209
1237	2032
1237	2090
1237	1910
1237	2283
1237	2125
1237	2339
1237	2074
1237	2138
1237	2105
1237	2135
1237	2110
1237	2016
1237	2063
1190	1979
1190	1509
1190	1511
1158	1339
1158	1261
1158	1332
1158	1318
1158	1338
1158	1308
1158	1343
1158	1377
1158	1405
1158	1430
1158	1346
1158	1420
1158	1493
1158	1443
1158	1443
1158	1310
1158	1378
1158	1308
1158	1417
1158	1449
1158	1433
1158	1540
1158	1752
1158	1610
1158	1368
1158	1553
1158	1466
1158	1571
1158	1453
1158	1409

melhor e media
1245	2087
1207	1766
1177	1447
1158	1602
1158	1387
1158	1443
1158	1550
1158	1435
1158	1432
1158	1283
1158	1295
1158	1432
1158	1413
1158	1465
1158	1424
1158	1397
1158	1397
1158	1478
1158	1447
1158	1414
1158	1445
1158	1318
1158	1362
1158	1665
1158	1430
1158	1440
1158	1462
1158	1285
1158	1582
1158	1675
1158	1367
1158	1399
1158	1315
1158	1313
1158	1316
1158	1361
1158	1374
1120	1371
1120	1370
1120	1323
1120	1393
1120	1605
1120	1461
1120	1462
1120	1594
1120	1539
1120	1551
1120	1536
1120	1470

melhor e media
1220	2065
1158	2000
1158	1662
1158	1601
1158	1418
1158	1430
1158	1511
1158	1475
1158	1346
1158	1325
1158	1406
1158	1475
1158	1431
1158	1413
1158	1473
1158	1452
1158	1373
1158	1358
1158	1449
1158	1364
1158	1335
1158	1356
1158	1379
1158	1336
1158	1339
1158	1343
1158	1449
1158	1414
1158	1326
1158	1334
1158	1517
1158	1439
1158	1588
1158	1328
1158	1371
1158	1445
1158	1464
1158	1569
1158	1490
1158	1462
1158	1339
1158	1609
1158	1519
1158	1474
1158	1317
1158	1354
1158	1314
1158	1421
1158	1453

melhor e media
1319	2017
1176	1618
1175	1620
1158	1467
1158	1359
1158	1362
1158	1331
1158	1420
1158	1425
1158	1590
1158	1393
1158	1450
1158	1410
1158	1585
1158	1446
1158	1421
1158	1470
1158	1347
1158	1389
1158	1533
1158	1489
1158	1493
1158	1476
1158	1321
1158	1346
1158	1304
1158	1599
1158	1379
1158	1322
1158	1305
1158	1356
1158	1439
1158	1600
1158	1374
1158	1384
1158	1317
1158	1501
1158	1625
1158	1502
1158	1393
1158	1382
1158	1463
1158	1403
1158	1309
1158	1454
1158	1368
1158	1369
1158	1367
1158	1405

