melhor e media

1698	2305
1642	1977
1642	1992
1608	1823
1608	1809
1590	1882
1590	1751
1590	1743
1590	1870
1590	1750
1590	1769
1590	1725
1590	1738
1590	1806
1590	1720
1590	1829
1590	1716
1590	1942
1590	1794
1590	1858
1590	1825
1590	1738
1590	1812
1590	1810
1590	1839
1590	1781
1590	1737
1590	1792
1590	1765
1590	1817
1590	1878
1590	1734
1543	1761
1543	2350
1543	2154
1543	1946
1543	1736
1543	1705
1543	1800
1543	1766
1543	1739
1543	1809
1543	1739
1543	1712
1543	1711
1543	1684
1543	1631
1543	1702
1543	1656
1543	1635
1543	1694
1543	1625
1543	1627
1543	1690
1543	1674
1543	1785
1543	1717
1543	1777
1543	1779
1543	1697
1543	1661
1543	1760
1543	1728
1543	1653
1543	1676
1543	1670
1543	1726
1543	1729
1543	1651
1543	1781
1543	1735
1543	1742
1543	1808
1543	1683
1543	1738
1543	1666
1543	1689
1543	1877
1543	1833
1543	1814
1543	1787
1543	1792
1543	1745
1543	1810
1543	1753
1543	1674
1543	1732
1543	1773
1543	1766
1543	1690
1543	1718
1543	1749
1543	1783
1543	1700
1543	1657
1543	1661
1543	1798
1543	1730
1543	1678


melhor e media

1589	2341
1589	2047
1589	1911
1589	2029
1589	2025
1589	1956
1589	2080
1589	2063
1589	2066
1589	2117
1589	2336
1589	2143
1589	1952
1589	2112
1589	2157
1589	2033
1589	2137
1589	2174
1589	2231
1589	2199
1589	2109
1589	2061
1589	2012
1589	2223
1589	2185
1589	2310
1589	2328
1589	2202
1589	2220
1551	2197
1551	1669
1551	1646
1551	1756
1551	1673
1551	1632
1551	1663
1551	1638
1551	1699
1551	1703
1551	1695
1551	1658
1551	1638
1551	1859
1551	1697
1551	1718
1551	1637
1551	1678
1551	1667
1551	1648
1551	1609
1551	1672
1551	1641
1551	1657
1551	1635
1551	1637
1551	1749
1551	1645
1551	1653
1551	1645
1551	1625
1551	1706
1551	1679
1551	1635
1551	1604
1551	1612
1551	1622
1551	1778
1551	1686
1551	1640
1551	1649
1551	1718
1551	1716
1551	1642
1551	1769
1551	1711
1551	1655
1551	1711
1551	1724
1551	1796
1551	1725
1551	1740
1551	1726
1551	1628
1551	1629
1551	1676
1551	1608
1551	1608
1551	1683
1551	1688
1551	1662
1551	1646
1551	1684
1551	1632
1551	1626
1551	1678
1551	1623
1551	1820
1551	1755
1551	1709


melhor e media

1589	2253
1589	1906
1589	1904
1589	2123
1589	1789
1589	1816
1589	1758
1589	1785
1589	1802
1589	1881
1589	1821
1589	1744
1589	2024
1589	1900
1589	1799
1589	1790
1589	1734
1589	1718
1589	1816
1589	1818
1589	1793
1589	1772
1589	1926
1589	1781
1589	1705
1589	1696
1589	1820
1589	1747
1589	1693
1589	1877
1589	1741
1589	1842
1589	1810
1589	1779
1589	1855
1589	1813
1589	1830
1589	1754
1589	1706
1589	1719
1589	1859
1589	1916
1589	1884
1589	1841
1589	1752
1589	1724
1589	1813
1589	1792
1589	1708
1589	1836
1589	1787
1589	1789
1589	1785
1589	1786
1589	1827
1589	1834
1589	1801
1589	1834
1589	1737
1589	1802
1589	1839
1589	1802
1589	1725
1589	1745
1589	1788
1589	1972
1589	1731
1589	1714
1589	1889
1589	1816
1589	1711
1589	1784
1589	1817
1589	1863
1589	1776
1589	1758
1589	1735
1589	1725
1589	1783
1589	1806
1589	1846
1589	1864
1589	1776
1589	1747
1589	1759
1589	1940
1589	1802
1589	1821
1589	1749
1589	1901
1589	1813
1589	2017
1589	1881
1589	1788
1589	1888
1589	1748
1589	1788
1589	1793
1589	1925


melhor e media

1656	2322
1649	2015
1649	1803
1649	1796
1649	1838
1649	1852
1649	1847
1649	1872
1649	1963
1649	1812
1649	1788
1589	1850
1589	1833
1589	1657
1589	1637
1589	1623
1589	1739
1589	1675
1589	1676
1589	1662
1589	1662
1589	1681
1589	1713
1579	1747
1579	1776
1579	2036
1579	1740
1579	1728
1579	1701
1579	1698
1579	1738
1579	1751
1579	1778
1579	1861
1579	1765
1579	1878
1579	1758
1579	1828
1579	1817
1579	1791
1579	1772
1579	1719
1579	1793
1579	1814
1579	1747
1579	1743
1579	1808
1579	1756
1579	1787
1579	1735
1579	1823
1579	1975
1579	1882
1579	1744
1579	1730
1579	1799
1579	1822
1579	1742
1579	1769
1579	1816
1579	1728
1579	1768
1579	1735
1579	1782
1579	1731
1579	1721
1579	1903
1579	1808
1579	1949
1579	1819
1579	1771
1579	1802
1579	1742
1579	1740
1579	1797
1579	1884
1579	1810
1569	1826
1569	1813
1569	1749
1569	1856
1569	1833
1569	1819
1569	1766
1569	1736
1569	1790
1569	1736
1569	1725
1569	1762
1569	1726
1569	1719
1569	1807
1569	1818
1569	1782
1569	1745
1569	1755
1569	1746
1569	1740
1569	1737


melhor e media

1694	2454
1601	1950
1596	1823
1596	1785
1596	1844
1596	1792
1589	1801
1569	1740
1569	1741
1569	1803
1569	1924
1569	1765
1569	1869
1569	1718
1569	1724
1569	1752
1569	1838
1569	1721
1569	1707
1569	1772
1569	1805
1569	1711
1569	1698
1569	1735
1569	1795
1569	1825
1569	1817
1569	1811
1569	1788
1569	1847
1569	1788
1569	1827
1569	1843
1569	1865
1569	1810
1569	1807
1569	1780
1569	1864
1569	1794
1569	1783
1569	1731
1569	1884
1569	1794
1569	1730
1569	1893
1569	1782
1569	1814
1569	1813
1569	1804
1569	1752
1569	1778
1569	1829
1569	1728
1569	1831
1569	1813
1569	1892
1569	1862
1569	1771
1569	1740
1569	1715
1569	1761
1569	1797
1569	1792
1569	1755
1569	1702
1569	1769
1569	1719
1569	1794
1569	1738
1569	1694
1569	1799
1569	1810
1569	1742
1569	1719
1569	1877
1569	1713
1569	1878
1569	1725
1569	1777
1569	1743
1569	1894
1569	1800
1569	1896
1569	1766
1569	1776
1569	1687
1569	1741
1569	1776
1569	1697
1569	1760
1569	1856
1569	1790
1569	1804
1569	1785
1569	1728
1569	1775
1569	1772
1569	1705
1569	1765


melhor e media

1650	2385
1647	2006
1607	1975
1598	1856
1598	1696
1598	1762
1598	1698
1598	1763
1598	1692
1598	1680
1589	1780
1589	2260
1589	2294
1589	2323
1589	2402
1589	2334
1589	2326
1589	2205
1589	2184
1589	2125
1589	2142
1589	2111
1589	2077
1589	2013
1589	2129
1589	2153
1589	2146
1589	2108
1589	2226
1589	2167
1589	2136
1589	2209
1589	2196
1589	2141
1589	1968
1589	2022
1589	1983
1589	1967
1589	1838
1589	1895
1589	1944
1589	1941
1589	1878
1589	1992
1589	2177
1589	2084
1589	2080
1551	2168
1551	1723
1551	1615
1551	1695
1551	1689
1551	1771
1551	1707
1551	1668
1551	1613
1551	1668
1551	1590
1551	1587
1551	1798
1551	1628
1551	1664
1551	1640
1551	1676
1551	1673
1551	1642
1551	1675
1551	1681
1551	1642
1551	1764
1551	1674
1551	1633
1551	1643
1551	1616
1551	1606
1551	1587
1551	1611
1551	1640
1551	1622
1551	1670
1551	1653
1551	1635
1551	1736
1551	1636
1551	1614
1551	1632
1551	1627
1551	1660
1551	1648
1551	1618
1551	1630
1551	1610
1551	1596
1551	1683
1551	1780
1551	1787
1551	1760
1551	1626
1551	1647


melhor e media

1589	2302
1551	1880
1551	1917
1551	1648
1551	1757
1551	1687
1551	1668
1551	1688
1551	1749
1551	1701
1551	1634
1551	1677
1551	1632
1551	1662
1551	1654
1551	1679
1551	1605
1551	1675
1551	1603
1551	1664
1551	1606
1551	1617
1551	1632
1551	1626
1551	1738
1551	1709
1551	1822
1551	1770
1551	1716
1551	1633
1551	1706
1551	1796
1543	1694
1543	1643
1543	1662
1543	1666
1543	1655
1543	1740
1543	1731
1543	1787
1543	1654
1543	1746
1543	1784
1543	1795
1543	1784
1543	1840
1543	1862
1543	1721
1543	1721
1543	1712
1543	1728
1543	1717
1543	1705
1543	1643
1543	1780
1543	1855
1543	1854
1543	1816
1543	1704
1543	1800
1543	1825
1543	1874
1543	1804
1543	1878
1543	1913
1543	1765
1543	1786
1543	1754
1543	1668
1543	1732
1543	1787
1543	1811
1543	1747
1543	1702
1543	1744
1543	1851
1543	1689
1543	1712
1543	1729
1543	1730
1543	1703
1543	1745
1543	1722
1543	1675
1543	1743
1543	1788
1543	1716
1543	1683
1543	1750
1543	1729
1543	1749
1543	1668
1543	1666
1543	1677
1543	1733
1543	1744
1543	1787
1543	1773
1543	1720


melhor e media

1594	2514
1589	1863
1551	1949
1551	1723
1551	1674
1551	1605
1551	1705
1551	1639
1551	1667
1551	1671
1551	1725
1551	1679
1551	1657
1551	1630
1551	1622
1551	1674
1551	1628
1551	1618
1551	1629
1551	1626
1551	1702
1551	1605
1551	1635
1551	1697
1551	1660
1551	1731
1551	1720
1551	1647
1551	1627
1551	1685
1551	1621
1551	1673
1551	1750
1551	1638
1551	1695
1551	1779
1551	1634
1551	1748
1551	1721
1551	1643
1551	1627
1551	1843
1551	1731
1551	1718
1551	1632
1551	1682
1551	1600
1551	1594
1551	1725
1551	1641
1551	1711
1551	1726
1551	1691
1551	1694
1551	1606
1551	1601
1551	1645
1551	1647
1551	1677
1551	1621
1551	1668
1551	1768
1551	1740
1551	1784
1551	1650
1551	1619
1551	1721
1551	1833
1551	1676
1551	1640
1551	1615
1551	1611
1551	1675
1551	1624
1551	1677
1551	1667
1551	1688
1551	1646
1551	1647
1551	1763
1551	1677
1551	1640
1551	1631
1551	1642
1551	1616
1551	1609
1551	1856
1551	1720
1551	1775
1551	1693
1551	1633
1551	1737
1551	1642
1551	1747
1551	1663
1551	1717
1551	1831
1551	1621
1551	1684


melhor e media

1650	2433
1577	1910
1577	1791
1563	1866
1562	1782
1543	1687
1543	1619
1543	1780
1543	1702
1543	1736
1543	1784
1543	1944
1543	1850
1543	1786
1543	1646
1543	1789
1543	1738
1543	1723
1543	1775
1543	1796
1543	1850
1543	1724
1543	1709
1543	1732
1543	1730
1543	1804
1543	1872
1543	1726
1543	1908
1543	1783
1543	1987
1543	1809
1543	1656
1543	1757
1543	1711
1543	1733
1543	1749
1543	1785
1543	1799
1543	1870
1543	1880
1543	1773
1543	1841
1543	1682
1543	1761
1543	1682
1543	1719
1543	1706
1543	1703
1543	1754
1543	1742
1543	1683
1543	1738
1543	1751
1543	1719
1543	1744
1543	1654
1543	1660
1543	1720
1543	1666
1543	1736
1543	1850
1543	1761
1543	1733
1543	1779
1543	1668
1543	1653
1543	1821
1543	1690
1543	1660
1543	1704
1543	1786
1543	1694
1543	1676
1543	1787
1543	1690
1543	1765
1543	1764
1543	1757
1543	1797
1543	1798
1543	1783
1543	1661
1543	1744
1543	1737
1543	1763
1543	1754
1543	1736
1543	1763
1543	1708
1543	1798
1543	1782
1543	1737
1543	1681
1543	1713
1543	1820
1543	1751
1543	1748
1543	1794


melhor e media

1589	2257
1589	2016
1589	1817
1589	1768
1589	1723
1589	1712
1589	1817
1589	1840
1589	1769
1589	1839
1589	1842
1589	1938
1589	1793
1589	1778
1589	1778
1589	1750
1589	1788
1589	1781
1589	1839
1589	1934
1589	1750
1589	1832
1589	1911
1589	1809
1589	1794
1589	1832
1589	1728
1589	1777
1589	1761
1589	1789
1589	1716
1589	1726
1589	1888
1589	1967
1589	1743
1589	1786
1589	1835
1589	1770
1589	1747
1589	1867
1589	1737
1589	1789
1589	1706
1589	1776
1589	1791
1589	1725
1589	1776
1589	1735
1589	1886
1589	1753
1589	1857
1589	1778
1589	1751
1589	1781
1589	1863
1589	1934
1589	1922
1589	1813
1589	1794
1589	1779
1589	1777
1589	1784
1589	1748
1589	1843
1589	1760
1589	1924
1589	1831
1589	1973
1589	1785
1589	1725
1589	1825
1589	1795
1589	1800
1589	1714
1589	1713
1589	1762
1589	1802
1589	1733
1589	1726
1589	1768
1589	1907
1589	1742
1589	1839
1589	1773
1589	1765
1589	1794
1589	2016
1589	1775
1589	1739
1589	1725
1589	1779
1589	1730
1589	1775
1589	1797
1589	1789
1589	1847
1589	1820
1579	1795
1579	1708


