melhor e media

2083	2906
1969	2887
1928	2804
1903	2459
1903	2200
1858	2006
1858	2225
1858	2240
1858	2026
1858	2119
1858	2152
1858	2119
1850	2144
1850	2217
1850	2302
1850	2246
1850	2238
1833	2130
1833	2159
1803	1973
1803	2072
1803	2120
1803	2130
1803	2057
1803	2042
1803	2084
1803	2142
1803	2081
1803	1974
1803	2054
1803	1963
1796	1938
1796	2028
1796	2055
1796	2048
1796	1928
1796	2037
1796	1929
1796	1926
1796	1925
1796	1915
1796	2028
1796	2076
1796	1908
1796	1925
1796	1933
1796	2011
1796	1975
1796	2041
1796	1970


melhor e media

2002	2976
1962	2668
1931	3088
1931	3219
1931	2995
1931	3089
1913	3013
1913	3054
1913	2985
1913	2805
1904	2796
1904	3287
1904	2734
1904	2885
1904	2858
1904	2872
1873	2910
1873	2939
1873	3054
1873	2887
1873	2918
1873	2827
1873	2902
1873	2879
1873	2839
1873	2863
1873	2886
1873	2996
1873	3039
1873	2901
1873	2919
1873	2972
1873	2933
1873	2932
1873	2973
1873	3055
1873	3062
1873	2991
1873	2935
1873	2920
1873	2928
1873	2981
1873	2993
1873	2923
1873	2947
1873	2921
1873	2850
1873	2858
1873	2925
1873	2949


melhor e media

1905	2854
1905	2594
1905	2957
1905	3108
1904	3292
1904	3206
1904	3081
1885	3172
1885	2830
1885	3021
1885	2982
1885	2978
1885	2935
1885	2936
1885	2971
1885	3000
1885	3047
1885	3046
1885	3096
1885	3027
1885	2961
1885	3026
1885	3092
1885	3032
1885	3053
1885	3159
1885	3208
1885	3229
1885	3216
1885	3230
1885	3176
1885	3202
1885	3175
1885	3174
1885	2996
1885	3215
1873	3188
1873	3162
1873	3262
1873	3266
1873	2844
1873	2777
1873	2766
1873	2955
1873	3068
1873	2995
1873	2979
1873	2804
1873	2988
1873	2957


melhor e media

2009	2917
1935	2844
1935	2722
1935	2807
1914	3055
1914	3212
1914	3152
1914	2790
1914	3006
1914	2857
1914	2829
1914	2912
1914	2909
1914	2907
1914	2833
1914	2828
1914	2770
1914	2579
1914	2754
1914	2721
1914	2743
1914	2719
1914	2742
1914	2698
1914	2739
1914	2676
1914	2661
1914	2565
1914	2713
1914	2690
1903	2599
1903	2355
1903	2298
1903	2251
1903	2265
1855	2092
1855	2271
1855	2179
1855	2206
1855	2371
1855	2306
1855	2266
1855	2338
1855	2238
1855	2332
1855	2165
1855	2255
1855	2161
1855	2283
1855	2074


melhor e media

2029	2919
1955	2642
1955	2852
1916	2723
1916	2581
1891	2534
1891	2339
1891	2605
1891	2753
1891	2214
1891	2245
1891	2285
1891	2422
1891	2283
1891	2161
1891	2240
1891	2184
1891	2114
1891	2206
1891	2188
1891	2197
1891	2188
1891	2156
1891	2144
1891	2243
1891	2088
1891	2194
1891	2229
1891	2190
1891	2154
1891	2103
1891	2272
1891	2217
1891	2143
1891	2174
1891	2288
1891	2143
1891	2151
1891	2279
1891	2215
1891	2212
1891	2246
1891	2216
1891	2178
1891	2070
1850	2179
1850	2190
1850	2208
1850	2220
1850	2140


melhor e media

2066	2931
1953	2722
1934	2853
1934	3079
1934	2614
1850	2789
1850	2897
1850	2893
1850	2064
1822	2018
1822	2074
1822	2107
1822	2104
1822	2071
1809	1969
1809	2095
1809	2030
1809	2130
1809	2271
1809	2158
1809	2068
1809	2054
1809	2073
1809	2127
1809	2135
1809	2089
1809	2171
1809	2137
1809	2049
1798	1941
1792	1925
1792	2050
1792	2091
1792	2149
1792	2034
1792	2064
1792	2018
1792	2043
1792	1963
1792	1961
1792	2096
1792	1922
1792	2069
1792	2013
1792	2005
1792	2037
1792	2040
1792	1957
1792	1993
1792	2043


melhor e media

2040	2918
2040	2828
2040	2522
2040	2797
2040	2795
2040	2708
2040	2754
2040	2697
2040	2751
2040	2743
2040	2672
2040	2630
2003	2586
2003	2739
2003	2465
2003	2475
2003	2569
2003	2522
2003	2513
2003	2641
1962	2502
1873	3541
1873	2748
1873	2159
1873	2174
1873	2295
1873	2199
1873	2257
1873	2203
1873	2190
1873	2241
1873	2221
1873	2330
1873	2261
1873	2174
1873	2320
1873	2260
1873	2256
1873	2230
1873	2155
1873	2168
1873	2272
1873	2231
1873	2212
1873	2247
1873	2279
1873	2276
1873	2316
1873	2281
1873	2312


melhor e media

2095	3022
1934	2740
1904	3073
1904	2999
1904	2963
1873	3112
1873	3153
1873	3183
1873	3121
1873	2991
1873	3001
1873	2891
1873	3051
1873	3097
1873	3031
1873	2950
1873	3094
1873	3185
1873	3191
1873	3090
1873	3082
1873	3157
1873	3224
1873	3074
1873	3191
1873	3093
1873	3154
1873	3141
1873	3115
1853	3054
1853	2815
1853	2713
1853	2766
1853	2790
1853	2844
1853	2718
1853	2748
1853	2875
1853	2994
1853	2968
1853	3031
1853	3049
1853	2947
1853	3051
1853	3204
1853	3196
1853	3265
1853	3291
1853	3205
1853	3186


melhor e media

2029	3003
1984	2849
1904	2762
1904	2314
1900	2229
1900	2165
1900	2196
1900	2246
1900	2273
1885	2100
1885	2178
1885	2155
1863	2028
1852	2001
1852	2102
1852	2128
1852	2203
1852	2108
1852	2199
1852	2053
1852	2160
1852	2101
1852	2013
1846	1982
1846	1970
1846	2175
1846	2116
1846	2085
1846	2233
1846	2161
1846	2164
1846	2131
1846	2113
1846	2239
1846	2135
1846	2124
1846	2145
1846	2177
1846	2283
1846	2325
1846	2195
1846	2086
1846	2182
1846	2125
1846	2327
1846	2199
1846	2110
1846	2175
1846	2218
1846	2235


melhor e media

1962	2997
1939	2715
1934	2805
1934	2854
1916	2955
1916	2201
1907	2329
1892	2404
1892	2197
1892	2216
1885	2374
1885	2761
1885	2797
1885	2847
1885	2901
1885	2823
1885	2828
1885	2770
1885	2871
1885	2900
1885	2905
1885	2884
1885	2867
1885	2853
1885	2821
1885	2812
1885	2700
1885	2815
1885	2909
1885	2759
1885	2874
1885	2780
1885	2723
1885	2639
1885	2688
1885	2620
1885	2771
1885	2572
1885	2652
1885	2643
1885	2665
1885	2596
1885	2629
1885	2647
1885	2658
1885	2600
1885	2561
1885	2663
1885	2631
1885	2628


