melhor e media

1818	2480
1815	2268
1769	2042
1708	1865
1701	1842
1701	1865
1701	1948
1701	1873
1701	1907
1701	2030
1701	1879
1701	2038
1701	1897
1701	1988
1701	1953
1701	1877
1701	1886
1701	1825
1701	1861
1701	2027
1627	1826
1627	1833
1627	1821
1627	1757
1626	1743
1626	1747
1626	1743
1626	1755
1626	1880
1626	1794
1626	1942
1626	1891
1626	1794
1626	1869
1626	1923
1626	1955
1626	1795
1626	1746
1625	1735
1625	1888
1625	1911
1625	1857
1625	1769
1625	1951
1625	2014
1625	1780
1625	1786
1625	1918
1625	1962
1625	1818


melhor e media

1792	2474
1792	2024
1775	2003
1714	1880
1714	2084
1714	2821
1714	2715
1714	2559
1714	2397
1714	2602
1714	2706
1714	2746
1714	2652
1714	2700
1714	3028
1714	3088
1714	2983
1714	3051
1714	2969
1714	3070
1714	3070
1714	3126
1714	3012
1714	2732
1714	2830
1714	3076
1714	2995
1714	2866
1714	2919
1714	3112
1714	2901
1714	2847
1714	3089
1714	3073
1714	2961
1714	2920
1714	2817
1714	2846
1714	2784
1714	2823
1714	2636
1714	2911
1714	2970
1714	2793
1714	2740
1714	2969
1714	3064
1714	2925
1714	3005
1714	2968


melhor e media

1779	2491
1720	2193
1720	2059
1720	2041
1720	1993
1650	1824
1647	1799
1647	1801
1647	1854
1647	1828
1647	1980
1647	1860
1647	1801
1647	1776
1647	2027
1647	1926
1647	1884
1647	1823
1647	1861
1647	1970
1647	1948
1647	2056
1647	1757
1643	1734
1643	1948
1643	1816
1643	1904
1643	1937
1643	1916
1643	1769
1643	1762
1643	1741
1643	1783
1643	2070
1643	1962
1643	1836
1643	1806
1643	1878
1643	1803
1643	1763
1643	1792
1643	1827
1643	1828
1643	1767
1643	1796
1643	1940
1643	1903
1643	1747
1643	1847
1643	1911


melhor e media

1783	2577
1766	2172
1745	2218
1742	2159
1742	2063
1742	2038
1742	2185
1742	2065
1742	2087
1742	2116
1742	2146
1742	2262
1742	2256
1742	2257
1742	2240
1742	2380
1742	2290
1742	2240
1742	2267
1742	2291
1742	2226
1742	2198
1742	2329
1742	2298
1742	2327
1742	2219
1742	2144
1742	2122
1742	1962
1742	1973
1742	1987
1742	1950
1742	2007
1742	1991
1742	2081
1742	2031
1742	2012
1742	2007
1742	1990
1742	1967
1742	1964
1742	1938
1742	2014
1742	2004
1742	1935
1742	2034
1742	2119
1742	2083
1742	2099
1742	2095


melhor e media

1853	2363
1784	2117
1761	1947
1683	1873
1672	1848
1672	1990
1672	2071
1672	2320
1672	2237
1672	2265
1672	2243
1672	2315
1672	2447
1672	2361
1672	2265
1672	2247
1672	2395
1672	2408
1672	2373
1672	2500
1672	2388
1672	2470
1672	2447
1672	2498
1672	2438
1672	2312
1672	2327
1672	2305
1672	2258
1672	2122
1672	2199
1672	2196
1672	2124
1672	2236
1672	2166
1672	2165
1672	2068
1672	2123
1672	2140
1672	2082
1672	1966
1672	2002
1672	2042
1672	2132
1672	2069
1672	2136
1672	2079
1672	2137
1672	2184
1672	2081


melhor e media

1750	2395
1713	2086
1713	1976
1713	1960
1713	1906
1713	1926
1713	1914
1622	1698
1622	1898
1622	1741
1622	1914
1622	1994
1622	1880
1622	1817
1622	1873
1622	2044
1622	1906
1622	2000
1622	1920
1622	1742
1622	1709
1622	1863
1622	1760
1622	1730
1622	1721
1621	1709
1621	1845
1621	1761
1621	1891
1621	1927
1621	1753
1621	1928
1621	1967
1621	1887
1621	1927
1621	1784
1621	1871
1621	1720
1621	1858
1621	1754
1621	1716
1621	1725
1621	1713
1621	1741
1621	1704
1621	1725
1621	1829
1621	1753
1621	1710
1621	1707


melhor e media

1748	2512
1748	2201
1724	2034
1724	2074
1690	1888
1679	1830
1679	1983
1679	1827
1679	1979
1679	1976
1679	1976
1679	1810
1668	1767
1668	1959
1668	1811
1668	1765
1666	1764
1666	1982
1666	1770
1666	1819
1666	1798
1666	1780
1666	1826
1666	1896
1666	1846
1666	1794
1666	1916
1666	1880
1666	1806
1666	1873
1666	1918
1666	1805
1666	1937
1666	1818
1666	1782
1666	1767
1666	1917
1666	1828
1666	1948
1666	1789
1666	1762
1666	1889
1666	1870
1666	1817
1666	1933
1666	1926
1666	1810
1666	1819
1666	1899
1666	1909


melhor e media

1767	2374
1700	1946
1700	2132
1700	2072
1700	1949
1700	1942
1700	1941
1700	1903
1700	2006
1692	1822
1692	1915
1692	1803
1678	1781
1678	1801
1678	1862
1678	1835
1678	1854
1678	1941
1678	1999
1678	1811
1678	1839
1678	1952
1678	1927
1678	1811
1678	1929
1678	1812
1678	1934
1678	1972
1678	1828
1675	1782
1675	1930
1675	1964
1675	1986
1675	1993
1675	1938
1675	1789
1674	1795
1674	1957
1674	1953
1674	1871
1674	1999
1674	1818
1674	1785
1669	1773
1669	1927
1669	1957
1669	1891
1669	1907
1669	1836
1669	1949


melhor e media

1771	2380
1701	1899
1701	2038
1701	2044
1701	2149
1701	2028
1701	2143
1701	2105
1701	2130
1701	2096
1701	2141
1701	2206
1701	2312
1701	2413
1701	2231
1701	2221
1701	2252
1701	2320
1701	2353
1701	2185
1701	2348
1701	2183
1701	2418
1701	2546
1701	2409
1701	2472
1701	2395
1701	2418
1701	2669
1701	2569
1701	2614
1701	2537
1701	2533
1701	2505
1701	2520
1701	2526
1701	2726
1701	2637
1701	2716
1701	2690
1701	2666
1701	2660
1701	2602
1701	2653
1701	2609
1701	2657
1701	2592
1701	2613
1701	2593
1701	2497


melhor e media

1748	2492
1748	2222
1748	2025
1748	2022
1748	1951
1748	1943
1690	1833
1690	1922
1685	1845
1668	1800
1668	2007
1668	1943
1668	1828
1668	2020
1668	1955
1668	1795
1668	1969
1668	1946
1668	1865
1668	1992
1668	1848
1668	1944
1668	1981
1668	1942
1668	1779
1668	1760
1668	1760
1668	1909
1668	1767
1668	2008
1668	1937
1668	1811
1668	1950
1668	1784
1668	1877
1668	1810
1668	1907
1666	1763
1666	1909
1666	1911
1666	1809
1666	1921
1666	1773
1666	1861
1666	1821
1666	1786
1666	1909
1666	1810
1666	1793
1666	1934


