melhor e media

2211	3529
1850	2853
1678	2370
1642	1949
1642	2058
1619	2062
1607	1848
1521	1706
1521	1643
1521	1871
1521	1849
1521	1756
1521	1815
1521	1889
1521	1938
1481	1664
1481	1751
1481	1705
1481	1814
1481	1866
1481	1797
1481	1907
1481	1976
1481	1890
1481	1822
1481	2001
1481	2087
1481	1819
1481	1949
1481	1983
1481	1904
1481	1935
1481	1832
1481	1850
1481	2007
1481	1823
1481	1878
1481	1928
1481	2010
1481	1919
1481	2006
1481	1895
1481	1678
1481	1774
1481	1843
1481	1806
1481	1880
1481	1818
1481	1843


melhor e media

1761	2939
1635	2294
1603	2145
1543	1974
1543	1981
1543	2564
1534	2356
1534	2130
1534	2245
1534	2065
1534	2631
1534	2212
1534	2324
1534	2217
1534	2061
1534	2187
1534	2267
1534	1914
1534	1935
1534	1929
1534	1993
1534	2184
1534	1894
1534	2007
1534	2004
1534	2080
1534	2165
1534	2228
1534	2074
1534	2053
1534	2149
1534	2234
1534	2332
1534	2287
1534	2410
1534	2546
1534	2467
1534	2414
1534	2527
1534	2456
1534	2394
1534	2237
1534	2360
1534	2117
1534	2037
1534	2391
1534	2111
1534	2204
1534	2098


melhor e media

1747	2876
1641	2024
1519	1750
1519	1822
1484	1651
1460	1582
1456	1537
1456	1645
1456	1785
1456	1775
1456	1716
1456	1635
1456	1693
1456	1613
1456	1694
1456	1704
1456	1585
1456	1821
1456	1649
1456	1790
1456	1740
1426	1604
1426	1615
1426	1732
1423	1545
1422	1555
1422	1623
1422	1580
1422	1702
1422	1603
1422	1575
1422	1686
1422	1542
1422	1737
1410	1561
1410	1696
1410	1768
1410	1736
1410	1614
1410	1573
1410	1665
1410	1780
1410	1600
1410	1730
1410	1700
1410	1691
1410	1769
1410	1723
1410	1741


melhor e media

1816	3303
1787	2503
1693	2068
1602	2098
1597	1899
1597	1966
1597	1992
1597	1907
1533	1739
1533	1909
1533	1719
1533	1892
1533	1728
1533	1814
1533	1684
1533	1841
1533	1913
1533	1888
1533	1791
1533	1848
1533	1712
1533	1839
1533	1845
1533	1944
1533	1868
1533	1903
1533	2035
1533	1850
1533	1884
1533	1802
1533	1949
1533	1922
1533	1839
1533	1753
1533	1780
1533	1795
1533	1886
1533	1789
1533	1926
1533	1855
1533	1843
1533	1863
1533	1897
1533	1811
1533	1974
1533	1867
1533	1916
1533	1909
1519	1660


melhor e media

1568	2993
1568	2100
1532	1817
1496	1682
1431	1525
1431	1707
1431	1588
1431	1671
1431	1820
1431	1863
1430	1600
1430	1714
1430	1732
1430	1629
1430	1593
1430	1667
1430	1596
1417	1553
1417	1553
1417	1535
1417	1649
1417	1703
1417	1587
1417	1720
1417	1723
1417	1776
1417	1731
1417	1570
1417	1774
1417	1753
1417	1788
1417	1527
1417	1537
1412	1499
1412	1515
1412	1673
1412	1591
1412	1764
1412	1544
1412	1630
1412	1675
1412	1673
1411	1498
1411	1688
1411	1626
1411	1622
1411	1552
1411	1516
1411	1688


melhor e media

1732	3176
1618	2018
1581	1882
1548	1772
1548	1823
1528	1895
1467	1661
1467	1861
1463	1672
1463	1794
1453	1641
1453	1739
1453	1660
1453	1704
1453	1780
1453	1738
1453	1823
1453	1707
1453	1690
1453	1735
1453	1772
1453	1680
1453	1638
1453	1741
1453	1778
1453	1750
1453	1706
1453	1719
1453	1815
1453	1744
1453	1800
1453	1818
1453	1756
1453	1800
1453	1846
1453	1857
1453	1673
1453	1811
1453	1723
1453	1820
1453	1880
1453	1775
1453	1948
1453	1930
1453	1753
1453	1868
1453	1912
1453	2010
1453	1888


melhor e media

1777	2926
1577	2339
1536	1854
1506	1693
1506	1739
1496	1621
1496	1818
1467	1650
1467	1660
1467	1723
1467	1779
1455	1588
1455	1693
1455	1635
1455	1677
1455	1646
1455	1639
1455	1754
1455	1816
1455	1812
1455	1687
1455	1961
1455	1748
1455	1808
1455	1897
1455	1772
1455	1623
1455	1703
1455	1753
1455	1792
1455	1722
1455	1754
1455	1794
1455	1737
1455	1927
1455	1779
1455	1892
1455	1906
1455	1702
1455	1818
1455	1765
1455	1893
1455	1737
1455	1863
1455	1687
1455	1732
1455	1829
1455	1687
1455	1617


melhor e media

1926	3023
1706	2252
1624	2027
1624	2037
1616	2010
1573	1799
1561	1780
1552	1785
1471	1588
1465	1601
1441	1529
1441	1721
1441	1656
1441	1679
1441	2089
1441	1632
1441	1586
1441	1575
1441	1658
1441	1712
1441	1589
1441	1736
1441	1675
1441	1819
1441	1826
1441	1606
1441	1627
1441	1612
1441	1708
1441	1637
1441	1856
1441	1718
1441	1654
1441	1836
1441	1828
1441	1879
1441	1646
1441	1752
1441	1749
1441	1605
1441	1606
1441	1624
1441	1738
1441	1786
1441	1623
1441	1631
1441	1857
1441	1782
1441	1637


melhor e media

1680	3300
1600	2446
1577	2007
1562	1996
1562	1813
1544	1706
1500	1641
1500	1719
1475	1575
1475	1650
1475	1596
1475	1639
1475	1820
1475	1902
1475	1897
1475	1795
1475	1781
1475	1603
1475	1820
1475	1774
1475	1841
1475	1803
1475	1766
1475	1796
1475	1707
1475	1688
1475	1782
1475	1608
1475	1608
1475	1761
1475	1600
1475	1957
1475	1834
1475	1774
1475	1842
1475	1659
1475	1590
1475	1623
1475	1992
1475	1680
1475	1790
1475	1786
1475	1797
1475	2028
1475	1983
1475	1934
1475	1710
1475	1676
1475	1621


melhor e media

1552	3113
1552	2108
1552	1980
1552	1853
1501	1658
1501	1761
1501	1657
1501	1754
1501	1653
1501	1819
1484	1619
1484	1829
1484	1663
1484	1598
1484	1784
1484	1801
1484	1612
1484	1750
1484	1605
1484	1811
1484	1687
1484	1798
1484	1681
1477	1601
1477	1699
1477	1731
1476	1567
1476	1901
1471	1579
1471	1656
1471	1730
1471	1775
1471	1645
1471	1678
1471	1872
1471	1701
1471	1776
1471	1605
1471	1756
1471	1699
1471	1610
1471	1782
1471	1779
1471	1841
1471	1951
1471	1662
1471	1814
1471	1786
1471	1747


melhor e media

1609	2934
1609	2231
1609	2043
1516	1746
1516	1741
1516	1819
1512	1696
1506	1657
1506	1781
1506	1862
1503	1753
1503	1779
1500	2013
1500	1878
1500	1795
1500	1959
1500	1798
1500	1936
1454	1714
1454	1754
1454	1778
1454	1765
1454	1841
1454	1832
1454	1723
1454	1816
1454	1857
1454	1920
1454	1995
1454	1904
1454	1854
1454	1931
1454	1843
1454	2148
1454	1868
1454	2032
1454	1883
1454	1825
1454	1984
1454	2263
1454	2041
1454	1896
1454	2034
1454	1949
1454	1956
1454	1776
1454	1931
1454	2032
1454	1999


melhor e media

1685	3236
1649	2641
1563	2064
1559	1952
1492	1907
1492	2020
1492	1882
1492	2249
1431	1644
1431	1733
1431	1701
1431	1710
1431	1901
1431	1731
1431	1613
1405	1518
1405	1531
1405	1776
1405	1573
1405	1792
1405	1694
1405	1580
1405	1726
1405	1665
1405	1707
1405	1753
1405	1928
1405	1725
1405	1575
1405	1621
1405	1768
1405	1877
1405	1827
1405	1953
1405	1773
1405	1880
1405	1800
1405	1815
1405	1844
1405	1727
1405	1930
1405	1819
1405	1866
1405	1732
1405	1750
1405	1872
1405	1790
1405	1606
1405	1796


melhor e media

1714	3008
1651	2080
1583	1793
1565	1833
1565	1870
1533	1696
1533	1724
1533	1729
1533	1906
1500	1624
1500	1781
1500	1728
1500	1856
1500	1775
1494	1580
1494	1830
1494	1942
1494	1650
1494	1953
1494	1850
1494	1914
1494	1768
1494	1639
1494	1609
1494	1972
1494	1896
1494	1880
1494	1885
1494	2017
1494	1896
1494	1795
1494	1709
1494	1972
1494	1865
1494	1907
1494	1927
1494	1978
1494	1942
1446	1765
1446	2018
1446	1917
1446	2199
1446	2228
1446	2106
1446	2012
1446	2020
1446	2042
1446	2077
1446	2183


melhor e media

1625	3322
1557	2263
1557	1942
1526	1785
1492	1700
1492	1774
1492	1815
1485	1593
1485	1711
1485	1661
1485	1759
1485	1734
1485	1736
1485	1819
1485	1752
1477	1553
1477	1735
1477	1807
1477	1803
1477	1613
1477	1686
1477	1726
1477	1612
1474	1560
1474	1758
1474	1716
1474	1622
1474	1606
1474	1778
1474	1644
1474	1583
1474	1568
1474	1805
1474	1657
1474	1813
1474	1973
1474	1741
1474	1681
1474	1678
1472	1579
1472	1754
1472	1835
1472	1630
1472	1683
1472	1791
1472	1703
1472	1693
1472	1851
1472	1871


melhor e media

1799	3065
1620	2107
1620	2003
1531	1747
1497	1742
1497	1728
1497	1889
1497	1850
1497	1778
1497	1752
1497	1707
1497	1747
1479	1610
1479	1781
1479	1662
1479	1610
1479	1967
1479	1927
1479	1987
1479	1799
1479	1767
1479	1744
1479	1590
1479	1786
1479	1851
1479	1942
1479	1813
1479	1764
1479	1698
1479	1708
1479	1801
1479	1721
1479	1610
1479	1772
1479	1743
1479	1760
1479	1773
1479	1899
1479	1868
1479	1726
1479	1643
1479	1594
1479	1607
1479	1770
1479	1759
1479	1726
1479	2087
1479	1769
1479	1818


melhor e media

1634	3144
1589	2429
1586	2005
1576	1812
1546	1851
1546	1843
1546	1904
1546	1892
1525	1757
1525	1972
1456	1648
1456	1792
1456	1626
1456	1678
1456	1886
1456	1825
1456	1742
1456	1741
1456	1788
1456	1637
1456	1649
1456	1745
1456	1699
1456	1598
1456	1736
1456	1804
1456	2011
1456	1781
1456	1813
1456	1748
1456	1684
1456	1701
1456	1794
1456	1876
1456	1838
1456	1964
1456	1906
1456	1750
1456	1652
1438	1550
1438	1546
1438	1708
1438	1749
1438	1627
1438	1780
1438	1790
1438	1830
1438	1644
1438	1607


