melhor e media

1145	3074
1145	2415
1145	2326
1059	2099
994	1899
994	1823
994	2185
994	2161
994	1965
994	2111
994	2101
994	1922
994	2137
994	2019
291	2018
291	2562
279	2037
279	2353
279	2539
279	2103
279	2202
279	2108
279	2073
279	1975
279	2002
279	1865
279	2026
279	1934
279	1955
279	1918
272	2038
272	1998
265	1770
235	1567
235	895
185	605
185	1058
185	1402
185	1304
178	1503
178	1648
178	1603
178	1537
178	1870
178	1660
178	1659
172	1621
171	2358
171	1058


melhor e media

1854	3244
1171	3202
1135	2363
1135	2311
583	2212
574	1899
568	1483
563	1461
539	1101
539	1479
539	1453
539	1373
539	1579
539	1797
539	1378
539	1626
539	1436
539	1177
539	1447
539	1565
539	1467
539	1527
539	1546
539	1434
539	1269
539	1479
539	1346
249	1442
249	3514
249	2837
249	3247
249	2980
248	2651
235	1004
217	1067
217	1248
217	1369
193	1011
191	1219
191	1447
179	1208
178	1071
178	679
178	1382
178	1559
175	1736
173	950
173	822
173	773


melhor e media

191	3069
191	3060
191	2805
186	1966
186	1847
186	1943
173	1842
173	1972
173	1742
173	1687
173	1085
172	991
172	876
172	989
171	1017
171	817
170	930
170	906
170	1119
170	1310
170	1001
169	866
169	1222
169	1166
169	1149
169	1116
169	1178
169	1026
169	769
169	969
169	1025
169	1088
169	1009
169	1047
169	990
169	1419
169	1622
169	1522
169	1328
169	1191
169	1114
169	1461
169	1090
169	979
169	1310
169	1162
169	1290
169	1205
169	1100


melhor e media

573	3098
224	2966
224	2851
221	2345
221	2203
221	2183
221	2354
185	2237
185	2491
184	1567
184	1649
184	1775
183	1598
183	1826
183	1945
183	1929
183	2096
179	1758
179	809
175	718
175	861
175	567
175	768
175	646
175	641
173	804
173	928
173	831
173	762
173	611
173	855
173	748
173	839
173	1282
173	1107
173	964
173	920
173	868
173	1029
173	1136
171	847
171	614
170	851
170	838
169	899
169	1221
169	1093
169	883
169	834


melhor e media

588	2910
588	3167
588	2917
588	3341
170	3015
169	1399
169	832
169	1065
169	933
169	1492
169	1592
169	1080
169	1365
169	1439
169	1468
169	1100
169	1407
169	1393
169	1269
169	1123
169	1162
169	1335
169	1511
169	1595
169	1790
169	1689
169	1807
169	2025
169	1921
169	1980
169	1883
169	1826
169	1386
169	1380
169	1175
169	1490
169	1413
169	1619
169	1549
169	1876
169	1754
169	1457
169	1822
169	1521
169	1471
169	1641
169	1518
169	1819
169	1576


melhor e media

2010	2914
1014	2284
1014	2328
1014	2177
1014	2205
1014	2049
1014	2118
1014	2190
1014	2056
1014	2149
1014	2051
1014	2071
1014	2077
1014	2250
279	1927
279	2430
279	2096
279	2108
279	1912
279	1994
273	701
249	648
249	778
249	982
249	924
249	990
249	968
192	885
192	1187
192	1519
191	980
178	1108
178	1167
171	1108
171	1153
171	1199
171	1013
170	1342
170	1186
169	1241
169	1093
169	813
169	830
169	1056
169	1242
169	1059
169	1538
169	1466
169	1280


melhor e media

688	3300
274	3099
266	2518
255	1660
249	1623
249	1839
235	1461
234	1549
232	2186
232	2101
232	2234
232	2278
232	2214
182	2184
182	1735
181	1577
181	1730
181	1694
181	1557
177	1461
177	1911
172	1935
172	2775
172	1092
172	1312
172	1500
172	1016
172	680
172	897
171	728
171	1145
170	1092
169	862
169	1359
169	1353
169	573
169	812
169	781
169	1028
169	1686
169	1500
169	1660
169	1795
169	1589
169	1693
169	1736
169	1906
169	1855
169	1671


melhor e media

291	2920
282	2819
265	2188
251	1780
251	1843
251	1232
251	1027
245	859
245	1002
245	1017
245	1231
245	1280
177	1337
177	2038
173	1610
173	1489
173	1048
173	1381
173	1092
171	1296
171	943
170	478
170	784
170	1216
170	1134
170	1039
170	978
170	1437
170	1512
170	1299
170	1616
170	1293
169	1238
169	965
169	1365
169	1265
169	1420
169	1587
169	1753
169	1940
169	2126
169	2326
169	1819
169	1860
169	1861
169	1757
169	1873
169	2111
169	2093


melhor e media

2131	3329
1672	2398
1672	2378
1602	2239
1552	2177
1497	1904
233	1625
233	2096
231	2092
231	2595
231	2642
231	638
222	399
222	466
192	429
176	692
176	856
176	1240
176	1303
176	927
176	768
176	759
176	990
176	762
176	813
176	979
176	824
173	1197
173	1328
173	1086
173	1270
173	1216
173	916
173	1144
173	963
173	1353
173	1212
173	939
173	1187
173	1018
173	886
173	892
173	978
173	1301
170	1025
170	752
170	791
169	595
169	581


melhor e media

308	3078
280	2593
264	2288
262	1932
262	1976
262	1523
262	773
262	876
259	873
183	1189
183	1629
178	727
178	736
178	1173
173	1196
171	870
171	633
171	918
170	1089
170	1079
170	1395
169	951
169	1023
169	958
169	1222
169	999
169	953
169	739
169	801
169	667
169	966
169	895
169	809
169	839
169	989
169	1028
169	1091
169	1065
169	1196
169	882
169	900
169	1105
169	1281
169	1566
169	1573
169	1473
169	1639
169	1361
169	1255


melhor e media

229	2941
229	2869
229	2768
227	2933
197	2206
189	2140
184	2133
182	2170
173	2021
173	2183
173	2198
173	1016
171	830
171	641
171	870
170	766
170	1199
169	1538
169	974
169	1030
169	917
169	1197
169	984
169	1287
169	1511
169	1316
169	1640
169	1673
169	1211
169	1120
169	1583
169	1345
169	1647
169	1468
169	1694
169	1328
169	1412
169	1186
169	1276
169	1201
169	937
169	836
169	698
169	1008
169	984
169	1065
169	1252
169	1515
169	1415


melhor e media

1382	3229
292	2250
248	2136
238	2083
238	2281
238	1685
238	1143
215	732
213	700
213	861
212	906
208	1127
205	1000
197	2291
197	2458
197	2845
197	2982
197	3117
197	2706
197	2772
197	2709
197	2474
173	2752
173	1027
171	1110
171	992
171	1187
171	1221
170	918
170	1046
169	507
169	768
169	719
169	700
169	832
169	777
169	1159
169	958
169	1142
169	1408
169	1137
169	721
169	829
169	1349
169	1179
169	1215
169	1280
169	994
169	888


melhor e media

259	3218
259	3105
258	2800
241	3067
241	2475
234	1892
234	1868
234	1650
234	1797
234	1557
234	1833
233	1799
218	2321
218	2237
218	2342
218	2518
218	2630
218	2445
218	2561
218	2547
218	2716
218	2662
218	2590
173	2673
173	2547
173	1277
173	1074
173	1197
173	995
173	1067
173	1022
173	1100
173	1133
173	1017
173	1069
173	1014
173	1267
173	1646
173	1370
173	1091
173	1469
173	1359
173	1109
173	873
173	1096
173	1059
173	1187
173	1173
173	1021


melhor e media

1578	3172
1578	2732
1578	2705
1554	2397
1542	2268
1542	2112
1542	2187
1542	2312
1507	2198
1485	2051
1455	2004
1455	2094
1455	2094
1455	2013
253	1963
253	2343
253	2249
253	2275
253	2331
249	2349
249	2603
245	1239
173	672
173	1390
173	920
173	959
171	963
171	793
171	743
170	584
170	498
170	914
170	1070
170	1313
170	1217
170	1407
169	1336
169	1558
169	1555
169	1537
169	1274
169	1223
169	1145
169	1457
169	1221
169	1296
169	1308
169	1216
169	1109


melhor e media

1747	3447
268	3079
268	2707
254	2028
216	1843
216	2044
197	1717
197	1993
197	2031
197	2078
197	2130
197	2052
197	2177
195	2170
195	706
194	711
187	671
187	842
187	863
187	1073
185	1061
178	948
178	752
178	741
178	661
178	608
178	642
176	539
175	617
173	835
173	1029
172	743
171	827
171	978
170	997
170	1015
169	1126
169	812
169	974
169	1153
169	1237
169	1321
169	1497
169	1589
169	1535
169	1534
169	1363
169	1565
169	1727


