melhor e media

1791	2440
1791	2198
1737	1995
1737	2040
1737	2799
1737	2802
1737	2922
1737	3109
1737	2794
1737	2640
1737	2739
1737	2954
1737	2817
1737	2668
1737	2731
1737	2630
1737	2558
1737	2664
1737	2461
1737	2516
1737	2639
1737	2746
1737	2686
1737	2669
1737	2504
1737	2578
1737	2444
1737	2519
1737	2546
1737	2554
1737	2610
1737	2690
1737	2613
1737	2562
1737	2775
1737	2579
1737	2680
1737	2664
1737	2624
1737	2790
1737	2619
1737	2718
1737	2604
1737	2473
1737	2407
1737	2510
1737	2557
1737	2615
1737	2612
1737	2558
1737	2447
1737	2406
1737	2236
1737	2287
1737	2287
1737	2444
1737	2363
1737	2353
1737	2284
1737	2475
1737	2404
1737	2445
1737	2393
1737	2440
1737	2455
1737	2471
1737	2468
1737	2518
1737	2479
1737	2518
1737	2482
1737	2468
1737	2520
1737	2524
1737	2475
1737	2491
1737	2520
1737	2282
1737	2278
1737	2173
1737	2163
1737	2212
1737	2141
1737	2195
1737	2298
1737	2295
1737	2288
1737	2212
1737	2320
1737	2197
1737	2167
1737	2217
1737	2278
1737	2400
1737	2291
1737	2344
1737	2294
1737	2266
1737	2330
1737	2389


melhor e media

1795	2589
1687	1860
1687	2014
1687	1942
1675	1750
1675	1758
1675	1884
1675	1863
1675	1826
1675	1901
1675	1918
1675	1836
1671	1803
1671	1849
1653	1813
1653	1932
1653	1777
1650	1737
1650	1847
1650	1808
1650	1742
1649	1720
1645	1712
1645	1772
1645	1791
1645	1719
1645	1741
1645	1712
1643	1687
1643	1848
1643	1689
1642	1698
1642	1704
1642	1837
1642	1869
1642	1919
1642	1876
1642	1993
1642	1921
1642	1898
1642	1881
1642	1905
1642	1847
1642	1843
1642	1849
1642	1832
1642	1973
1642	2051
1642	2052
1642	2004
1642	1935
1642	1999
1642	2065
1642	2060
1642	2043
1642	2137
1642	2116
1642	2159
1642	2179
1642	2095
1642	2026
1642	2006
1642	1921
1642	2005
1642	1857
1642	1849
1642	1962
1642	1946
1642	2015
1642	1990
1642	2000
1642	1913
1642	1971
1642	1959
1642	2025
1642	1962
1642	2005
1642	2001
1642	1996
1642	2011
1642	2017
1642	1995
1642	1975
1642	2037
1642	2071
1642	2123
1642	1980
1642	1915
1642	1934
1642	1923
1642	1967
1642	1981
1642	2049
1642	2086
1642	2022
1642	1979
1642	2102
1642	2069
1642	2039
1642	2008


melhor e media

1774	2343
1771	2150
1746	1981
1746	2119
1675	1770
1675	1765
1675	1871
1671	1714
1671	1973
1671	2122
1671	1995
1671	2022
1671	2028
1671	2027
1671	2136
1671	2183
1671	2342
1671	2341
1671	2340
1671	2327
1671	2290
1671	2405
1671	2387
1671	2407
1671	2453
1671	2396
1671	2296
1671	2320
1671	2266
1671	2228
1671	2299
1671	2376
1671	2265
1671	2300
1671	2290
1671	2280
1671	2221
1671	2231
1671	2224
1671	2289
1671	2281
1671	2269
1671	2216
1671	2215
1671	2177
1671	1992
1671	2073
1671	2175
1671	2178
1671	2085
1671	2183
1671	2246
1671	2252
1671	2247
1671	2232
1671	2285
1671	2343
1671	2251
1671	2357
1671	2429
1671	2322
1671	2239
1671	2273
1671	2257
1671	2178
1671	2308
1671	2186
1671	2228
1671	2164
1671	2181
1671	2136
1671	2107
1671	2061
1671	2057
1671	2104
1671	2128
1671	2004
1671	2110
1671	2393
1671	2320
1671	2218
1671	2252
1671	2416
1671	2344
1671	2252
1671	2276
1671	2311
1671	2347
1671	2191
1671	2139
1671	2213
1671	2260
1671	2247
1671	2264
1671	2242
1671	2234
1671	2230
1671	2289
1671	2125
1671	2170


melhor e media

1749	2566
1727	2187
1661	1857
1661	1872
1659	1751
1644	1693
1639	1674
1636	1673
1636	1682
1636	1685
1636	1834
1636	1799
1636	1866
1636	1880
1636	1743
1636	1781
1636	1731
1636	1832
1636	1722
1636	1746
1636	1763
1636	1870
1636	1742
1636	1739
1636	1698
1636	1746
1636	1863
1636	1712
1636	1683
1636	1812
1636	1732
1636	1698
1636	1722
1636	1747
1636	1827
1636	1739
1636	1695
1636	1735
1636	1735
1636	1833
1636	1841
1636	1797
1636	1845
1636	1697
1636	1679
1636	1690
1633	1670
1633	1885
1633	1738
1633	1834
1633	1877
1633	1780
1633	1799
1633	1719
1633	1729
1633	1687
1633	1834
1633	1840
1633	1691
1633	1683
1633	1824
1633	1853
1633	1688
1633	1736
1633	1834
1633	1845
1633	1699
1633	1678
1633	1681
1633	1757
1633	1690
1633	1813
1633	1781
1633	1703
1633	1691
1633	1694
1633	1667
1633	1830
1633	1713
1633	1708
1633	1859
1633	1893
1633	1733
1633	1752
1633	1738
1633	1702
1633	1885
1633	1729
1633	1852
1633	1686
1631	1668
1631	1843
1631	1740
1631	1723
1631	1713
1631	1760
1631	1857
1631	1834
1631	1678
1631	1786


melhor e media

1840	2586
1727	1981
1719	2057
1664	1809
1664	1962
1664	1864
1644	1704
1637	1698
1637	1703
1637	1892
1637	1848
1637	1715
1637	1857
1637	1855
1637	1901
1637	1697
1637	1705
1637	1865
1637	1741
1637	1906
1637	1826
1637	1995
1637	1897
1637	1866
1637	1847
1637	1759
1637	1734
1637	1865
1637	1856
1637	1848
1637	1837
1637	1868
1637	1717
1636	1684
1636	1954
1636	1816
1636	1931
1636	1755
1636	1731
1636	1723
1636	1842
1636	1694
1636	1764
1636	1699
1636	1834
1636	1706
1636	1700
1636	1771
1636	1715
1636	1693
1636	1694
1636	1847
1636	1700
1636	1845
1636	1802
1636	1752
1636	1882
1636	1732
1636	1837
1636	1687
1636	1734
1636	1697
1636	1695
1636	1691
1636	1864
1636	1747
1636	1695
1636	1709
1636	1839
1636	1701
1636	1834
1636	1721
1636	1824
1636	1729
1636	1855
1636	1956
1636	1791
1636	1736
1636	1937
1636	1837
1636	1859
1636	1720
1636	1916
1636	1971
1636	1890
1636	1778
1636	1885
1636	1826
1636	1840
1636	1874
1636	1851
1636	1691
1636	1909
1636	1741
1636	1692
1636	1751
1636	1741
1636	1699
1636	1681
1636	1679


melhor e media

1880	2522
1754	2112
1754	2037
1721	1866
1721	2033
1721	1999
1721	2084
1721	2016
1721	1958
1721	2039
1721	1886
1718	1860
1718	1897
1718	2018
1718	2004
1718	1906
1718	2040
1718	2015
1718	1991
1718	1904
1718	1902
1718	1859
1718	1858
1718	1994
1718	1875
1718	1898
1718	1875
1718	1857
1718	1847
1718	1937
1718	1889
1718	1835
1718	1882
1718	1853
1718	1893
1718	1842
1718	1952
1718	2051
1718	1852
1718	1845
1718	1844
1718	1991
1718	1988
1718	1834
1718	1843
1718	1848
1718	1851
1718	1839
1718	1849
1718	1977
1718	1981
1718	1869
1718	1958
1718	2002
1718	1853
1718	2002
1718	1997
1718	1958
1718	1910
1718	2006
1718	1868
1718	1952
1718	1989
1718	2016
1703	1869
1703	1962
1698	1848
1698	1986
1693	1851
1693	2017
1693	2021
1693	2036
1693	1962
1693	1894
1693	1840
1693	1938
1693	1963
1693	1960
1693	1968
1693	1955
1677	1826
1677	1909
1677	1907
1677	1860
1677	1956
1677	1978
1677	2021
1677	1949
1677	2011
1677	1912
1677	1977
1677	1850
1677	1861
1677	1901
1677	1869
1677	2001
1677	2022
1677	1873
1677	1838
1677	1932


melhor e media

1773	2476
1748	2110
1742	2068
1742	2241
1742	2210
1742	2207
1742	2097
1742	2039
1742	2086
1742	2133
1742	2187
1742	2166
1742	2152
1742	2255
1742	2253
1742	2223
1742	2166
1742	2160
1742	2248
1742	2252
1742	2279
1742	2288
1742	2223
1742	2169
1742	2147
1742	2177
1742	2341
1742	2416
1742	2304
1742	2278
1742	2247
1742	2352
1742	2374
1742	2309
1742	2356
1742	2335
1742	2399
1742	2291
1742	2395
1742	2404
1742	2408
1742	2322
1742	2227
1742	2267
1742	2343
1742	2411
1742	2442
1742	2275
1742	2455
1742	2322
1742	2384
1742	2452
1742	2446
1742	2339
1742	2443
1742	2332
1742	2317
1742	2289
1742	2338
1742	2336
1742	2329
1742	2288
1742	2329
1742	2322
1742	2333
1742	2307
1742	2294
1742	2261
1742	2163
1742	2198
1742	2184
1742	2296
1742	2298
1742	2227
1742	2204
1742	2210
1741	2244
1741	2226
1741	2348
1741	2351
1741	2304
1741	2406
1741	2272
1741	2176
1741	2197
1741	2208
1741	2277
1741	2210
1741	2403
1741	2381
1741	2385
1741	2309
1741	2203
1741	2188
1741	2233
1741	2538
1741	2374
1741	2355
1741	2378
1741	2364


melhor e media

1763	2562
1706	2061
1706	2035
1702	1892
1702	1965
1702	2036
1702	1922
1695	1870
1695	2018
1695	1973
1695	1953
1695	1944
1695	1967
1695	1984
1695	1916
1695	1960
1695	1952
1695	1854
1680	1813
1680	1933
1680	1903
1680	1948
1680	1860
1680	1879
1680	1874
1680	2032
1680	1873
1680	2000
1680	1967
1680	1842
1677	1782
1677	1914
1648	1787
1648	1869
1648	1786
1645	1745
1645	1893
1645	1861
1645	1773
1643	1741
1643	1783
1643	1761
1643	1844
1643	1909
1643	1756
1643	1874
1643	1771
1643	1753
1643	1879
1639	1724
1639	1866
1639	1836
1639	1773
1639	1747
1639	1751
1639	1918
1639	1950
1639	1831
1639	1847
1639	1775
1639	1785
1639	1959
1639	1851
1639	1767
1639	1875
1639	1906
1639	1750
1639	1762
1639	1908
1639	1751
1639	1834
1639	1878
1639	1915
1639	2005
1639	1811
1639	1743
1639	1736
1639	1876
1639	1908
1639	1877
1639	1738
1639	1713
1639	1764
1639	1854
1639	1930
1639	1771
1639	1927
1639	1746
1639	1721
1639	1748
1639	1995
1639	1826
1639	1890
1639	1720
1639	1784
1639	1852
1639	1796
1639	1887
1639	1943
1639	1905


melhor e media

1811	2304
1811	2123
1811	2126
1811	2277
1803	2076
1777	2019
1777	2129
1777	2234
1777	2165
1777	2241
1777	2329
1754	2256
1724	2061
1724	2009
1724	1999
1669	1853
1669	1845
1669	2063
1669	2016
1669	1896
1669	1992
1669	1880
1658	1820
1658	1944
1658	1839
1650	1792
1650	1795
1650	1994
1650	1806
1650	1921
1650	1928
1650	1824
1650	1871
1650	1999
1650	2013
1650	1876
1650	1804
1650	1834
1650	1783
1650	1775
1650	1769
1650	1920
1650	1817
1649	1772
1649	1828
1649	1783
1649	1766
1649	1773
1649	1990
1649	1840
1649	1769
1649	1876
1649	1921
1649	1847
1649	1914
1649	1894
1649	1992
1649	1840
1649	1779
1649	1891
1649	1895
1649	1815
1649	1775
1649	1903
1649	1839
1649	1852
1649	1795
1649	1765
1649	1772
1649	1839
1649	1785
1649	1778
1649	1757
1649	1795
1649	1766
1649	2015
1649	1897
1649	1783
1649	1992
1649	1926
1649	1867
1649	1784
1649	1789
1649	1823
1649	1795
1649	1966
1649	1839
1649	1777
1649	1758
1649	1829
1649	1880
1649	1834
1649	1792
1649	1902
1649	1770
1649	1901
1649	1765
1647	1737
1647	1747
1647	1759


melhor e media

1802	2459
1665	1860
1665	2170
1665	2226
1665	1832
1665	1790
1664	1758
1664	1863
1664	1767
1664	1916
1651	1740
1651	1860
1651	1812
1651	1932
1651	1920
1651	1945
1650	1717
1650	1892
1650	2011
1650	1786
1650	1724
1650	1839
1650	1889
1650	1857
1650	1748
1650	1762
1650	1888
1650	1773
1650	1917
1650	1910
1650	1760
1650	1860
1650	1717
1642	1694
1642	1698
1642	1713
1642	1871
1642	1833
1642	1793
1642	1846
1642	1773
1642	1873
1642	1736
1642	1776
1642	1825
1642	1885
1642	1768
1642	1745
1642	1843
1642	1820
1642	1727
1642	1728
1642	1918
1642	1900
1642	1970
1642	1791
1642	1885
1642	1884
1642	1839
1642	1891
1642	1881
1642	1931
1642	1750
1642	1724
1642	1827
1642	1959
1642	1967
1642	1791
1642	2029
1642	1894
1642	1822
1642	1757
1642	1998
1642	1959
1642	1880
1642	1763
1642	1726
1642	1755
1642	1720
1640	1724
1640	1831
1640	1853
1640	1854
1640	1689
1640	1841
1640	1692
1640	1833
1640	1734
1640	1814
1640	1719
1640	1760
1640	1688
1640	1829
1640	1799
1640	1869
1640	1914
1640	1919
1640	1867
1640	1750
1640	1868

