melhor e media

2189	2999
1996	2766
1996	2936
1955	2551
1955	2388
1955	2303
1955	2282
1940	2193
1940	2388
1940	2515
1940	2443
1940	2457
1940	2335
1883	2161
1883	3116
1883	3110
1883	3166
1883	3334
1883	3254
1883	3169
1883	3210
1883	3186
1883	2970
1883	2905
1883	2900
1883	2787
1883	2946
1883	2970
1883	2839
1883	2883
1883	2831
1883	2703
1883	2737
1883	2715
1883	2695
1883	2653
1883	2764
1883	2684
1883	2641
1883	2699
1883	2637
1883	2742
1883	2725
1883	2719
1883	2659
1883	2688
1883	2717
1883	2694
1883	2760
1883	2710
1883	2765
1883	2648
1883	2705
1883	2597
1883	2624
1883	2663
1883	2698
1883	2681
1883	2635
1883	2562
1883	2561
1883	2515
1883	2593
1883	2532
1883	2494
1883	2498
1883	2547
1883	2663
1883	2625
1883	2730
1883	2732
1883	2667
1883	2755
1883	2793
1883	2649
1883	2726
1883	2735
1883	2691
1883	2781
1883	2825
1883	2762
1883	2794
1883	2740
1883	2822
1883	2754
1883	2838
1883	2808
1883	2861
1883	2728
1883	2656
1883	2702
1883	2672
1883	2591
1883	2660
1883	2593
1883	2567
1883	2593
1883	2487
1883	2648
1883	2598


melhor e media

1920	2808
1920	2771
1881	3019
1820	3038
1820	2932
1820	2989
1820	2787
1820	2796
1820	2782
1820	2977
1820	3016
1820	2989
1820	2938
1820	2954
1820	2946
1820	2950
1817	2942
1814	2972
1814	3062
1814	3077
1814	2953
1814	3060
1814	3037
1814	3013
1814	2882
1814	2917
1814	2940
1814	2863
1814	2946
1814	2909
1814	2905
1814	2874
1814	2973
1814	3026
1814	3129
1814	3098
1814	2946
1814	2982
1814	3052
1814	2850
1814	3046
1814	2981
1814	2932
1814	3111
1814	3157
1814	2978
1814	3029
1814	2929
1814	3009
1814	2970
1814	2912
1814	2927
1802	2806
1802	2778
1802	2815
1802	3114
1802	2982
1802	2883
1802	2844
1802	2824
1802	2907
1802	2872
1802	2914
1802	2990
1802	2947
1802	2919
1802	2859
1802	2831
1802	2860
1802	3041
1802	3122
1802	3045
1802	2945
1802	2920
1802	2925
1802	2901
1802	2957
1802	2952
1802	2798
1802	2757
1802	2887
1802	2810
1802	2776
1802	2830
1802	2721
1802	2822
1802	2844
1802	2754
1802	2780
1802	2800
1802	2857
1802	2874
1802	2772
1802	2771
1802	2859
1802	2748
1802	2856
1802	2891
1802	2918
1802	3022


melhor e media

1969	2836
1936	2805
1903	2823
1850	2326
1850	2168
1850	2209
1850	2132
1850	2236
1850	2153
1850	2223
1808	2034
1808	2175
1808	2144
1808	2112
1808	2157
1808	2015
1808	2172
1808	2172
1808	2229
1808	2356
1808	2341
1808	2120
1808	2137
1808	2108
1808	2148
1808	2105
1796	1993
1796	2156
1796	2145
1796	2081
1796	2175
1796	2201
1796	2184
1796	2158
1796	2184
1796	2280
1796	1991
1796	2152
1796	2252
1796	2252
1796	2180
1796	2137
1796	2190
1796	2212
1796	2190
1796	2107
1796	2081
1796	2085
1796	2113
1796	2172
1796	1993
1796	2140
1796	1986
1796	2099
1796	2001
1796	2077
1796	2146
1796	2071
1796	2119
1796	2039
1796	2116
1796	2023
1796	2003
1796	2102
1796	2086
1796	2144
1796	2205
1796	2175
1796	2030
1796	1987
1796	2043
1796	2054
1796	1980
1796	2180
1796	1976
1796	2117
1796	2097
1796	2140
1796	2213
1796	2074
1796	1966
1796	2115
1796	2010
1796	1994
1796	2094
1796	2058
1796	1963
1796	2012
1796	2050
1796	2103
1796	2044
1796	2080
1796	2091
1796	2028
1796	1975
1796	2021
1796	2025
1796	1963
1796	2036
1796	2028


melhor e media

1975	2950
1951	2675
1881	3150
1881	2925
1881	2988
1881	2877
1881	2845
1881	2889
1881	2702
1881	3021
1881	2802
1881	2888
1881	2760
1837	2881
1837	2840
1837	2859
1837	2854
1837	2776
1837	2970
1837	2854
1837	2900
1837	2966
1837	2887
1837	2884
1837	2847
1837	2856
1837	2886
1837	2892
1837	2877
1837	2860
1837	3002
1837	3040
1837	3014
1834	3089
1834	3017
1834	2974
1821	2966
1821	3109
1821	3042
1821	3170
1821	3135
1821	3115
1821	3071
1821	3152
1821	3187
1821	3213
1821	3165
1821	3026
1821	3174
1821	3166
1821	3077
1821	3174
1821	3277
1821	3332
1821	3185
1821	3136
1821	3214
1821	3269
1821	3184
1821	3162
1821	3110
1821	3224
1821	3012
1821	3027
1821	3115
1821	3150
1821	3054
1821	3148
1821	3073
1821	3117
1821	3271
1821	3159
1821	3168
1821	2990
1821	3112
1821	3190
1821	3174
1821	3103
1821	3047
1821	2937
1821	3070
1821	3092
1821	3077
1821	2949
1821	3078
1821	3219
1821	3178
1821	3106
1821	3150
1821	3153
1821	2918
1821	3019
1821	2935
1821	3206
1821	3233
1821	3136
1821	3161
1821	3099
1821	3152
1821	3160


melhor e media

1995	2802
1995	2864
1928	2659
1928	2629
1928	2458
1928	2414
1928	2482
1928	2537
1928	2490
1928	2578
1928	2467
1925	2535
1925	2467
1925	2358
1925	2327
1925	2317
1925	2255
1925	2273
1893	2156
1893	2234
1889	2137
1889	2159
1888	2080
1888	2434
1888	2417
1888	2395
1888	2360
1888	2520
1850	2441
1850	2361
1850	2347
1850	2332
1850	2379
1850	2204
1850	2307
1850	2312
1850	2219
1850	2156
1832	2106
1832	2210
1832	2271
1832	2242
1832	2318
1832	2210
1832	2163
1832	2219
1832	2152
1832	2086
1813	2015
1813	2194
1813	2092
1813	2221
1809	2008
1809	2092
1809	2121
1809	2137
1809	2138
1809	2087
1809	2088
1809	2132
1809	2103
1809	2287
1809	2147
1809	2068
1809	2133
1809	2143
1808	1988
1808	2149
1808	2111
1808	2219
1808	2206
1808	2150
1808	2210
1808	2120
1799	1970
1799	1996
1799	2198
1799	2184
1799	2141
1799	2123
1799	2099
1799	2068
1799	2071
1792	1958
1792	1955
1792	2070
1792	2075
1792	2024
1792	2028
1792	2133
1792	2109
1792	2079
1792	2102
1792	2071
1792	2015
1792	2083
1792	2066
1792	1955
1792	2052
1792	2096


melhor e media

1979	2913
1979	2804
1939	2878
1904	2733
1878	2711
1878	2462
1878	2354
1834	2417
1830	2494
1830	2455
1830	2433
1830	2554
1830	2493
1830	2594
1830	2570
1830	2481
1830	2571
1830	2632
1830	2622
1830	2774
1830	2604
1830	2622
1830	2739
1830	2700
1830	2708
1830	2636
1830	2834
1830	2671
1830	2677
1830	2730
1830	2684
1830	2632
1830	2673
1830	2596
1830	2669
1830	2703
1830	2794
1830	2953
1830	2803
1830	2875
1830	2733
1830	2858
1830	2946
1830	2866
1830	2942
1830	2899
1830	2929
1830	2952
1830	2958
1830	2990
1830	2939
1830	2963
1830	3041
1830	3019
1830	2917
1830	3010
1830	3063
1830	2857
1830	2979
1830	2960
1830	2931
1830	2892
1830	2985
1830	2999
1830	3019
1830	2978
1830	3036
1830	3033
1830	2974
1830	3004
1830	3058
1830	2903
1830	2816
1830	2882
1830	2905
1830	2798
1830	2978
1830	2920
1830	2971
1830	2937
1830	2947
1830	2808
1830	3096
1830	3151
1830	3029
1830	3121
1830	3029
1830	3104
1830	3109
1830	2972
1830	3063
1830	3167
1830	3148
1830	3063
1830	3111
1830	2960
1830	2968
1830	3080
1830	3033
1830	3008


melhor e media

2033	2875
1994	2841
1903	2614
1903	2376
1903	2220
1879	2144
1879	2125
1879	2179
1850	2143
1850	2215
1850	2236
1850	2168
1850	2212
1850	2168
1850	2207
1850	2227
1850	2189
1812	2080
1812	2174
1796	2043
1796	2038
1796	2043
1796	2044
1796	2259
1796	2134
1796	2129
1796	2263
1796	2218
1796	2202
1796	2160
1796	2121
1796	2186
1796	2149
1796	2057
1796	2027
1796	2222
1796	2162
1796	2119
1796	2011
1796	2068
1796	2166
1796	2152
1796	2188
1796	2046
1796	2137
1796	2155
1796	2181
1796	2276
1796	2049
1796	2069
1796	2205
1796	2132
1796	2105
1796	2146
1796	2146
1796	2170
1796	2178
1796	2146
1796	2043
1796	1965
1796	2001
1796	1996
1796	2046
1796	2049
1796	2061
1796	2039
1796	2080
1796	2101
1796	1982
1796	2006
1796	1951
1796	2066
1796	2095
1796	2179
1796	2144
1796	2155
1796	2130
1796	2208
1796	2071
1796	2130
1796	2179
1796	2194
1796	2095
1796	2038
1796	2110
1796	2151
1796	2130
1796	2135
1796	1985
1796	1973
1796	2084
1796	2080
1796	1988
1796	1981
1796	1964
1796	1990
1796	2064
1796	2116
1796	2198
1796	2153


melhor e media

2043	2896
1959	2823
1932	2936
1932	2940
1925	2543
1925	2169
1925	2214
1925	2228
1925	2151
1925	2210
1900	2105
1900	2173
1900	2224
1899	2132
1850	2298
1850	2356
1850	2309
1833	2217
1833	2229
1833	2358
1833	2187
1833	2197
1833	2311
1833	2353
1833	2210
1833	2229
1833	2234
1833	2337
1833	2253
1833	2310
1833	2208
1833	2182
1833	2207
1833	2219
1833	2235
1833	2245
1796	2005
1796	2284
1796	2154
1796	2149
1796	2244
1796	2059
1796	2205
1796	2281
1796	2175
1796	2100
1796	2387
1796	2208
1796	2125
1796	2136
1796	2253
1796	2259
1796	2131
1796	2202
1796	2136
1796	2240
1796	2216
1796	2262
1796	2094
1796	2162
1796	2239
1796	2203
1796	2305
1796	2259
1796	2159
1796	2042
1796	2075
1792	1957
1792	1988
1792	1983
1792	1989
1792	2138
1792	2200
1792	2131
1792	2218
1792	2205
1792	2273
1792	2222
1792	2270
1792	2188
1792	2135
1792	2148
1792	2122
1792	2110
1792	1961
1792	2128
1792	2129
1792	2204
1792	2192
1792	2141
1792	1994
1792	2049
1792	2115
1792	2136
1792	2085
1792	2111
1792	2092
1792	1971
1792	2217
1792	2087


melhor e media

1932	3086
1932	2708
1932	2723
1931	3102
1931	3349
1931	3260
1931	3368
1931	3498
1931	3493
1931	3594
1931	3489
1931	3417
1931	3376
1931	3332
1931	3291
1931	3282
1931	3337
1931	3143
1931	3249
1931	3090
1931	3176
1931	3309
1931	3366
1931	3382
1931	3342
1931	3347
1931	3383
1931	3303
1931	3449
1931	3362
1931	3327
1931	3395
1931	3389
1931	3351
1931	3420
1931	3407
1931	3348
1931	3304
1931	3433
1931	3381
1931	3378
1931	3386
1931	3345
1931	3353
1931	3452
1931	3391
1931	3366
1931	3342
1931	3349
1931	3138
1931	3290
1931	3302
1931	3206
1931	3219
1931	3263
1931	3392
1931	3306
1931	3281
1931	3347
1931	3430
1931	3354
1931	3276
1931	3152
1931	3317
1931	3244
1931	3197
1931	3259
1931	3216
1931	3220
1931	2818
1931	2709
1931	2749
1931	2776
1931	2819
1931	2921
1931	2836
1931	2976
1931	3075
1828	2903
1828	2338
1828	2364
1828	2452
1828	2494
1828	2348
1828	2460
1828	2487
1828	2536
1824	2583
1824	3126
1824	2447
1824	2616
1824	2747
1824	2702
1824	2719
1824	2718
1824	2841
1824	2784
1824	2805
1824	2874
1824	2800


melhor e media

1807	2966
1807	2551
1807	3052
1789	2434
1789	2381
1789	2395
1789	2622
1789	2784
1789	2596
1789	2728
1789	2720
1789	2711
1789	2640
1789	2684
1789	2796
1789	2640
1789	2775
1789	2886
1789	2833
1789	2936
1789	3026
1789	2945
1789	3107
1789	2958
1789	2845
1789	2797
1789	2851
1789	2923
1789	2969
1789	2956
1789	2939
1789	2988
1789	3125
1789	2932
1789	2844
1789	2977
1789	2837
1789	2912
1789	2862
1789	2834
1789	2877
1789	2866
1789	2760
1789	2706
1789	2812
1789	2855
1789	2726
1789	2865
1789	2794
1789	2944
1789	2968
1789	2976
1789	2966
1789	2965
1789	2965
1789	2979
1789	2984
1789	2870
1789	2867
1789	2895
1789	2989
1789	3011
1789	3052
1789	2994
1789	2925
1789	2872
1789	2869
1789	2881
1789	3046
1789	2909
1789	2907
1789	2952
1789	2870
1789	2887
1789	2952
1789	2833
1789	2842
1789	3024
1789	3025
1789	2955
1789	2901
1789	2931
1789	2875
1789	3002
1789	3020
1789	2995
1789	3027
1789	3028
1789	3002
1789	3039
1789	2916
1789	2993
1789	2990
1789	3035
1789	3038
1789	3036
1789	3019
1789	2795
1789	2828
1789	2984
