melhor e media
1313	2426
1313	2145
1308	1752
1308	1567
1308	1520
1308	1534
1308	1476
1220	1329
1220	1589
1220	1480
1220	1499
1220	1531
1220	1472
1220	1340
1220	1346
1220	1485
1220	1547
1220	1566
1220	1539
1220	1587
1220	1372
1220	1466
1220	1588
1220	1504
1220	1560
1220	1553
1220	1541
1220	1594
1220	1489
1220	1503
1220	1559
1220	1561
1220	1492
1220	1429
1220	1614
1220	1390
1220	1580
1220	1465
1220	1505
1220	1508
1220	1469
1220	1503
1220	1486
1220	1500
1220	1512
1220	1572
1220	1422
1220	1470
1220	1479
1220	1536

melhor e media
1355	2404
1319	2056
1308	1554
1308	1480
1308	1569
1308	1648
1308	1635
1308	1512
1308	1470
1308	1449
1308	1462
1266	1388
1266	1483
1228	1323
1228	1457
1228	1581
1228	1462
1228	1559
1228	1561
1228	1480
1228	1497
1228	1459
1228	1499
1228	1534
1228	1490
1228	1445
1228	1491
1228	1498
1226	1333
1218	1301
1218	1454
1218	1521
1218	1396
1218	1559
1218	1494
1218	1572
1218	1571
1218	1362
1218	1481
1218	1351
1218	1440
1218	1422
1218	1528
1218	1527
1218	1576
1218	1530
1218	1497
1218	1558
1218	1529
1218	1445

melhor e media
1360	2482
1313	2156
1252	1470
1252	1637
1241	1364
1241	1380
1241	1469
1241	1464
1241	1392
1241	1508
1241	1566
1241	1488
1241	1491
1241	1521
1241	1602
1241	1608
1241	1399
1241	1479
1241	1425
1241	1597
1241	1573
1235	1373
1235	1466
1235	1556
1235	1596
1235	1484
1235	1545
1235	1622
1235	1574
1235	1675
1235	1594
1235	1520
1235	1681
1235	1437
1235	1693
1235	1483
1235	1549
1235	1540
1235	1488
1223	1356
1223	1581
1223	1569
1223	1596
1223	1407
1223	1540
1223	1435
1223	1507
1223	1513
1223	1569
1223	1591

melhor e media
1420	2428
1313	2182
1313	1648
1308	1577
1308	1609
1308	1469
1308	1491
1308	1463
1308	1458
1308	1566
1252	1404
1252	1509
1252	1511
1252	1528
1252	1604
1252	1411
1252	1502
1249	1387
1249	1620
1228	1365
1228	1537
1228	1397
1228	1480
1220	1345
1220	1529
1220	1420
1220	1520
1220	1555
1220	1476
1220	1574
1220	1516
1218	1329
1218	1358
1218	1528
1218	1594
1218	1599
1218	1567
1218	1465
1218	1479
1218	1475
1218	1475
1218	1451
1218	1522
1218	1493
1218	1506
1218	1424
1218	1554
1218	1498
1218	1482
1218	1543

melhor e media
1313	2265
1313	2094
1308	1623
1308	1531
1308	1492
1308	1512
1249	1377
1249	1520
1249	1501
1249	1462
1249	1534
1249	1641
1218	1338
1218	1534
1218	1749
1218	1571
1218	1542
1218	1580
1218	1551
1218	1551
1218	1488
1218	1584
1218	1513
1218	1507
1218	1534
1218	1593
1218	1535
1218	1539
1218	1490
1218	1546
1218	1545
1218	1577
1218	1583
1218	1508
1218	1502
1218	1610
1218	1647
1218	1457
1218	1590
1218	1458
1218	1311
1218	1452
1218	1456
1218	1487
1218	1400
1218	1457
1218	1495
1218	1586
1218	1380
1218	1536

melhor e media
1377	2320
1339	1940
1339	1608
1333	1525
1270	1389
1270	1409
1266	1361
1266	1454
1266	1378
1247	1380
1247	1487
1247	1463
1227	1347
1227	1420
1227	1564
1227	1534
1227	1497
1227	1474
1227	1383
1227	1560
1227	1599
1227	1493
1227	1498
1227	1524
1227	1513
1227	1493
1227	1511
1227	1466
1227	1568
1227	1483
1227	1648
1227	1736
1227	1630
1227	1563
1227	1594
1227	1563
1227	1473
1227	1386
1227	1506
1227	1399
1227	1529
1227	1549
1227	1489
1227	1521
1227	1471
1227	1520
1227	1486
1227	1556
1227	1510
1227	1584

melhor e media
1387	2363
1372	1912
1321	1473
1321	1520
1321	1494
1267	1367
1267	1483
1267	1370
1267	1486
1267	1528
1267	1490
1267	1537
1267	1543
1267	1715
1267	1425
1267	1467
1267	1390
1267	1528
1267	1531
1267	1571
1267	1544
1267	1586
1267	1594
1267	1526
1267	1528
1267	1537
1267	1495
1267	1482
1267	1386
1267	1369
1261	1336
1261	1398
1261	1511
1214	1388
1214	1637
1214	1547
1214	1501
1214	1571
1214	1575
1214	1597
1214	1440
1213	1435
1213	1544
1213	1621
1213	1535
1213	1553
1213	1467
1197	1392
1197	1447
1181	1352

melhor e media
1325	2236
1325	2168
1308	1677
1308	1546
1308	1633
1308	1633
1308	1559
1308	1510
1308	1470
1304	1464
1304	1541
1304	1640
1304	1580
1304	1522
1304	1452
1304	1434
1304	1474
1304	1603
1304	1463
1304	1468
1218	1325
1218	1335
1218	1572
1218	1574
1218	1594
1218	1532
1218	1498
1218	1500
1218	1351
1218	1395
1218	1491
1218	1593
1218	1485
1218	1342
1218	1452
1218	1369
1218	1561
1218	1346
1218	1450
1218	1445
1218	1377
1218	1525
1218	1488
1218	1551
1218	1376
1218	1502
1218	1583
1218	1527
1218	1486
1218	1476

melhor e media
1413	2426
1349	2023
1349	1969
1349	1636
1349	1622
1349	1598
1286	1451
1270	1430
1270	1643
1270	1467
1270	1482
1270	1460
1270	1441
1270	1530
1270	1436
1270	1534
1270	1450
1270	1553
1270	1455
1270	1450
1270	1431
1264	1400
1264	1428
1264	1438
1261	1396
1261	1460
1261	1569
1261	1470
1261	1448
1261	1468
1261	1527
1261	1451
1261	1524
1261	1567
1261	1479
1261	1544
1261	1535
1261	1436
1261	1524
1261	1469
1261	1439
1261	1425
1261	1534
1261	1534
1261	1542
1261	1486
1261	1432
1261	1528
1261	1404
1261	1496

melhor e media
1401	2363
1371	2155
1295	1473
1295	1486
1295	1513
1295	1500
1295	1487
1270	1338
1270	1497
1266	1323
1266	1423
1266	1331
1266	1347
1266	1327
1261	1290
1261	1399
1261	1414
1261	1336
1261	1288
1261	1305
1257	1285
1257	1454
1257	1475
1257	1362
1257	1465
1257	1455
1257	1446
1257	1493
1257	1523
1257	1517
1257	1516
1257	1491
1257	1508
1257	1397
1257	1388
1254	1370
1254	1456
1254	1411
1254	1433
1254	1366
1254	1385
1254	1498
1254	1467
1254	1491
1254	1536
1254	1557
1254	1401
1249	1360
1249	1474
1249	1511

