melhor e media

1709	2513
1704	2117
1704	1921
1654	1755
1654	1868
1654	1805
1654	1882
1654	1793
1653	1769
1653	1826
1653	1856
1653	1887
1653	1914
1653	1914
1653	1894
1653	1974
1653	1894
1653	1869
1653	1926
1653	1882
1653	1862
1653	1936
1653	1858
1653	1884
1653	1913
1653	1876
1653	1901
1653	1777
1653	1894
1653	2040
1653	1912
1653	1882
1653	1934
1653	1799
1637	1752
1637	1858
1637	1808
1637	1785
1637	1909
1637	1897
1637	1804
1637	1750
1637	1861
1637	1874
1637	1938
1637	1945
1637	1892
1637	1871
1637	1850
1637	1867


melhor e media

1750	2664
1719	2192
1719	2096
1719	2056
1719	1946
1719	1893
1719	1841
1719	1825
1659	1757
1659	1825
1659	1824
1659	1788
1659	1953
1659	1762
1659	1908
1659	1865
1659	1767
1659	1879
1659	1836
1659	1887
1659	1839
1659	1859
1659	1745
1659	1756
1659	1790
1659	1855
1659	1900
1659	1840
1659	1812
1659	1859
1659	1880
1659	1842
1648	1733
1648	1857
1648	1818
1648	1890
1648	1923
1648	1845
1648	1880
1648	1760
1648	1842
1648	1729
1648	1744
1648	1860
1648	1839
1648	1841
1648	1770
1647	1697
1647	1803
1647	1830


melhor e media

1781	2421
1743	2073
1741	2195
1741	2326
1741	2518
1741	2499
1741	2546
1741	2479
1741	2543
1724	2505
1663	1759
1663	1815
1663	1801
1662	1725
1642	1687
1642	1780
1642	1819
1642	1869
1642	1842
1642	1750
1642	1727
1642	1832
1642	1857
1642	1883
1642	1834
1642	1700
1642	1787
1642	1796
1642	1744
1642	1891
1642	1772
1642	1791
1642	1819
1642	1813
1642	1812
1642	1812
1642	1734
1642	1799
1642	1784
1642	1733
1642	1737
1642	1794
1642	1753
1642	1835
1642	1772
1642	1813
1642	1794
1642	1816
1642	1717
1642	1697


melhor e media

1746	2490
1741	2155
1741	2041
1671	1763
1671	1830
1671	1847
1671	1848
1671	1893
1671	1914
1671	1874
1671	1902
1671	1772
1654	1721
1654	1845
1654	1872
1654	1868
1654	1906
1654	1742
1654	1892
1654	1757
1654	1829
1654	1843
1654	1817
1654	1781
1654	1793
1654	1743
1654	1963
1654	1896
1654	1737
1654	1857
1654	1842
1654	1842
1654	1789
1654	1792
1654	1782
1654	1817
1654	1848
1654	1831
1654	1772
1654	1886
1654	1822
1654	1819
1654	1730
1654	1829
1654	1850
1654	1849
1654	1858
1654	1876
1654	1889
1654	1738


melhor e media

1743	2498
1713	2113
1713	2058
1713	1943
1710	1879
1710	1953
1710	2085
1710	1976
1710	1977
1710	1905
1687	1900
1687	1901
1687	1879
1687	1868
1687	1882
1687	1849
1687	1909
1687	1885
1662	1798
1662	1915
1662	1864
1662	1946
1662	1870
1662	1867
1662	1872
1662	1848
1662	1852
1662	1869
1662	1907
1662	1829
1662	1854
1641	1744
1641	1840
1641	1861
1641	1902
1641	1849
1641	1769
1641	1872
1641	1935
1641	1975
1641	1885
1641	1882
1641	1898
1641	1904
1641	1885
1641	1893
1641	1839
1641	1947
1641	1930
1641	1871


melhor e media

1742	2562
1742	2218
1742	2057
1742	2157
1742	2168
1742	2244
1742	2187
1742	2095
1742	2145
1726	2195
1726	1888
1640	1695
1640	1852
1640	1877
1640	1741
1640	1739
1640	1813
1640	1768
1640	1783
1640	1834
1640	1786
1640	1746
1640	1825
1640	1827
1640	1703
1639	1695
1639	1817
1639	1841
1639	1736
1639	1739
1639	1729
1639	1822
1639	1831
1639	1702
1639	1693
1639	1815
1639	1865
1639	1820
1639	1801
1639	1778
1639	1862
1639	2006
1639	1921
1639	1886
1639	1860
1639	1880
1639	1835
1639	1741
1639	1773
1639	1826


melhor e media

1728	2662
1728	2121
1719	2162
1719	2081
1659	1725
1659	1739
1659	1919
1659	1850
1659	1863
1659	1795
1659	1843
1656	1732
1639	1701
1639	1864
1639	1797
1639	1882
1639	1890
1639	1872
1639	1874
1639	1889
1639	1714
1639	1826
1639	1857
1639	1855
1639	1759
1639	1868
1639	1842
1639	1750
1639	1721
1639	1823
1639	1803
1639	1853
1639	1881
1639	1716
1639	1721
1639	1819
1639	1874
1639	1859
1639	1814
1639	1836
1639	1726
1639	1787
1639	1927
1639	1840
1639	1823
1639	1848
1639	1905
1639	1802
1639	1852
1639	1869


melhor e media

1841	2718
1815	2153
1779	2004
1743	2084
1743	1944
1685	1791
1685	1904
1685	1782
1685	1872
1685	1872
1685	1839
1685	1866
1685	1905
1685	1874
1685	1828
1685	1831
1685	1879
1685	1901
1685	1985
1685	1966
1685	1988
1685	1819
1668	1782
1668	1945
1668	1887
1668	1912
1668	1918
1668	1904
1668	1809
1668	1833
1668	1798
1668	1768
1668	1907
1668	1898
1668	1885
1668	1883
1668	1865
1668	1925
1668	1937
1668	1906
1665	1820
1665	1926
1665	1983
1665	1973
1665	1815
1665	1804
1665	1890
1665	1900
1665	1838
1665	1872


melhor e media

1781	2496
1736	2243
1736	2072
1736	2080
1736	1985
1736	1950
1736	1994
1736	1964
1736	1924
1736	1993
1736	1971
1736	1941
1736	1997
1691	1852
1691	1990
1691	1986
1691	1932
1691	1946
1691	1940
1691	1901
1691	1857
1691	1821
1691	1928
1691	1894
1691	1895
1691	1972
1691	2008
1691	1991
1691	1909
1691	1955
1691	1886
1691	1859
1691	1865
1691	1909
1690	1818
1690	1921
1690	1977
1690	1935
1690	1863
1690	1895
1690	1953
1690	1874
1658	1752
1658	1822
1658	1898
1658	1896
1658	1820
1658	1872
1658	1776
1658	1797


melhor e media

1753	2415
1753	2094
1704	2009
1704	1935
1661	1764
1661	1904
1661	1921
1661	1889
1661	1888
1661	1929
1661	1803
1661	1803
1661	1892
1661	1844
1661	1867
1661	1834
1661	1951
1661	1888
1661	1818
1661	1761
1661	1887
1661	1889
1661	1831
1661	1863
1661	1861
1661	1826
1661	1771
1643	1728
1643	1762
1643	1870
1643	1869
1643	1837
1643	1839
1643	1868
1643	1885
1643	1760
1643	1902
1643	1865
1643	1764
1643	1740
1643	1858
1643	1918
1643	1881
1643	1769
1643	1895
1643	1900
1643	1778
1643	1894
1643	1916
1643	1856


