melhor e media

1834	2795
1834	2839
1834	3032
1807	3010
1807	3083
1789	3157
1789	3233
1789	3205
1789	3198
1789	3081
1789	3123
1789	3119
1789	3144
1789	3174
1789	3103
1789	3049
1789	3051
1789	2999
1789	3053
1789	3118
1789	3127
1789	3209
1789	3141
1789	3241
1789	3118
1789	3146
1789	3162
1789	3144
1789	3134
1789	3099
1789	3142
1789	3120
1789	3095
1789	3128
1789	3156
1789	3120
1789	3100
1789	3132
1789	3143
1789	3170
1789	3156
1789	3097
1789	3132
1789	3215
1789	3108
1789	3159
1789	3185
1789	3093
1789	2977
1789	3127


melhor e media

1975	2887
1914	2873
1914	2622
1914	2884
1914	2892
1914	3053
1903	3238
1903	2472
1901	2213
1901	2184
1901	2182
1901	2259
1901	2299
1901	2153
1901	2260
1901	2165
1879	2085
1879	2142
1879	2229
1879	2225
1879	2177
1879	2246
1879	2191
1879	2330
1879	2340
1862	2063
1862	2232
1862	2195
1862	2286
1862	2229
1862	2316
1862	2242
1830	2203
1830	3425
1830	3292
1830	3179
1830	3174
1830	3107
1830	3186
1830	3260
1830	3226
1830	3156
1830	3183
1830	3135
1830	3171
1830	3257
1830	3205
1830	3172
1830	3155
1830	3187


melhor e media

2042	3133
1951	2725
1951	2667
1925	2593
1902	2447
1902	2430
1902	2461
1902	2417
1902	2403
1902	2434
1902	2474
1902	2561
1902	2483
1902	2518
1902	2604
1902	2498
1902	2553
1902	2398
1902	2484
1902	2505
1902	2485
1902	2551
1902	2504
1902	2437
1902	2445
1902	2465
1902	2502
1902	2531
1902	2593
1902	2592
1902	2552
1902	2496
1902	2496
1902	2493
1902	2527
1902	2593
1902	2502
1902	2491
1902	2446
1902	2455
1902	2436
1902	2462
1902	2591
1902	2540
1902	2517
1902	2420
1902	2398
1902	2486
1902	2469
1902	2411


melhor e media

1931	2924
1931	2681
1931	3090
1931	3006
1873	2983
1789	3030
1789	2434
1789	2708
1789	2768
1789	2679
1789	2737
1789	2714
1789	2662
1789	2749
1789	2806
1789	2802
1789	2770
1789	2888
1789	2925
1789	2949
1789	3052
1789	2946
1789	2909
1789	2927
1789	3019
1789	2963
1789	3021
1789	2990
1789	2991
1789	3035
1789	3044
1789	3131
1789	3093
1789	3046
1789	3002
1789	3045
1789	2971
1789	2988
1789	3070
1789	3009
1789	3061
1789	3189
1789	3162
1789	3112
1789	3077
1789	3025
1789	2985
1789	2992
1789	3085
1789	3020


melhor e media

1853	3001
1807	2735
1807	3094
1807	3182
1807	3204
1807	3161
1807	3314
1807	3334
1807	3270
1807	3235
1807	3225
1807	3126
1807	3220
1807	3233
1807	3286
1807	3264
1807	3299
1807	3243
1807	3353
1807	3293
1807	3324
1807	3275
1807	3279
1807	3275
1807	3266
1807	3305
1807	3323
1807	3296
1789	3393
1789	3338
1789	3279
1789	3246
1789	3163
1789	3211
1789	3264
1789	3239
1789	3396
1789	3221
1789	3245
1789	3194
1789	3134
1789	3242
1789	3218
1789	3223
1789	3255
1789	3366
1789	3315
1789	3268
1789	3194
1789	3393


melhor e media

2018	2973
1916	2957
1916	2813
1916	2350
1833	2130
1833	2210
1833	2208
1833	2232
1833	2084
1833	2075
1833	2153
1833	2220
1833	2131
1833	2123
1833	2141
1833	2154
1833	2158
1833	2225
1833	2236
1833	2296
1833	2126
1833	2077
1833	2086
1833	2097
1833	2097
1833	2174
1833	2103
1833	2093
1833	2124
1833	2178
1833	2140
1833	2093
1833	2137
1833	2124
1833	2061
1833	2126
1833	2075
1833	2086
1833	2151
1833	2151
1833	2130
1833	2167
1833	2096
1833	2088
1833	2084
1833	2094
1833	2093
1833	2172
1833	2143
1833	2107


melhor e media

1817	3014
1817	2759
1817	2965
1817	2974
1817	2850
1814	2832
1814	2751
1814	2778
1814	2778
1814	2734
1814	2734
1814	2749
1814	2698
1814	2756
1814	2762
1814	2781
1814	2765
1814	2682
1814	2796
1814	2744
1814	2645
1814	2625
1814	2714
1814	2799
1814	2630
1814	2654
1802	2575
1802	2635
1802	2556
1802	2578
1802	2614
1802	2584
1802	2628
1802	2561
1802	2622
1802	2664
1802	2658
1802	2710
1802	2624
1802	2764
1802	2666
1802	2633
1802	2661
1802	2709
1802	2594
1802	2691
1802	2670
1802	2713
1802	2676
1802	2771


melhor e media

1912	2947
1842	2810
1826	3096
1789	3150
1789	3145
1789	3225
1789	3210
1789	3254
1789	3195
1789	3246
1789	3228
1789	3089
1789	3111
1789	3160
1789	3198
1789	3189
1789	3153
1789	3065
1789	3140
1789	3136
1789	3080
1789	3129
1789	3134
1789	3192
1789	3163
1789	3217
1789	3156
1789	3179
1789	3197
1789	3072
1789	3137
1789	3192
1789	3190
1789	3170
1789	3118
1789	3168
1789	3125
1789	3192
1789	3044
1789	3098
1789	3145
1789	3134
1789	3184
1789	3042
1789	3104
1789	3102
1789	3023
1789	3031
1789	3080
1789	3009


melhor e media

1905	3009
1878	2799
1855	3033
1855	2888
1842	2772
1842	2892
1842	2825
1842	2818
1842	2917
1842	2919
1842	2920
1842	2929
1842	2859
1830	2874
1826	3039
1821	3076
1821	3152
1821	3166
1821	3180
1821	3153
1821	3244
1821	3113
1821	3173
1821	3112
1821	3109
1821	3174
1821	3303
1821	3232
1821	3184
1821	3210
1821	3234
1821	3206
1821	3249
1821	3166
1821	3263
1821	3306
1821	3246
1821	3216
1821	3195
1821	3267
1821	3336
1821	3272
1821	3251
1821	3362
1821	3240
1821	3309
1821	3273
1821	3340
1821	3373
1821	3407


melhor e media

1985	2992
1916	2844
1903	3174
1855	3176
1831	3104
1789	3084
1789	3234
1789	3311
1789	3295
1789	3294
1789	3285
1789	3247
1789	3265
1789	3244
1789	3289
1789	3288
1789	3157
1789	3207
1789	3277
1789	3315
1789	3290
1789	3363
1789	3292
1789	3284
1789	3225
1789	3324
1789	3267
1789	3242
1789	3219
1789	3279
1789	3189
1789	3294
1789	3251
1789	3260
1789	3242
1789	3300
1789	3244
1789	3307
1789	3261
1789	3322
1789	3311
1789	3276
1789	3304
1789	3278
1789	3214
1789	3361
1789	3325
1789	3358
1789	3213
1789	3209


