melhor e media
1407	2361
1403	2099
1331	1718
1331	1620
1331	1648
1331	1668
1331	1791
1325	1527
1325	1714
1325	1614
1325	1584
1319	1772
1308	1765
1308	1903
1226	1394
1226	1444
1226	1757
1226	1733
1226	1557
1226	1534
1222	1356
1222	1577
1222	1762
1222	1655
1222	1628
1222	1701
1222	1801
1222	1489
1222	1624
1222	1620
1222	1418
1222	1532
1222	1464
1222	1624
1222	1417
1222	1555
1222	1671
1222	1746
1222	1377
1220	1357
1220	1716
1220	1763
1220	1575
1220	1628
1220	1637
1220	1730
1220	1631
1220	1525
1219	1342
1219	1515

melhor e media
1372	2200
1333	1735
1333	1633
1333	1590
1259	1479
1259	1678
1226	1350
1226	1426
1226	1604
1226	1382
1226	1492
1226	1552
1226	1548
1226	1548
1226	1508
1218	1328
1218	1577
1218	1366
1218	1533
1218	1396
1218	1682
1218	1520
1218	1425
1218	1635
1218	1380
1218	1485
1218	1519
1218	1598
1218	1405
1218	1543
1218	1562
1218	1519
1218	1504
1218	1455
1218	1558
1218	1536
1218	1507
1218	1453
1218	1483
1218	1595
1218	1490
1218	1353
1218	1593
1218	1384
1218	1494
1218	1509
1218	1474
1218	1497
1218	1458
1218	1592

melhor e media
1367	2218
1319	2115
1319	1596
1221	1318
1221	1695
1221	1615
1221	1556
1221	1612
1221	1601
1221	1477
1221	1608
1221	1560
1221	1686
1221	1525
1221	1357
1221	1567
1221	1461
1221	1768
1221	1584
1221	1617
1221	1391
1221	1419
1221	1731
1221	1449
1221	1623
1221	1747
1221	1758
1221	1641
1221	1712
1221	1685
1221	1405
1221	1524
1221	1591
1221	1678
1221	1821
1221	1859
1221	1718
1221	1447
1221	1691
1221	1896
1221	1573
1221	1685
1221	1623
1221	1550
1221	1602
1221	1581
1221	1588
1221	1633
1221	1485
1221	1719

melhor e media
1399	2258
1322	2114
1322	1996
1322	1595
1322	1566
1322	1535
1322	1625
1311	1609
1311	1558
1309	1714
1309	1513
1235	1377
1235	1646
1235	1627
1235	1522
1235	1509
1235	1630
1235	1533
1235	1708
1235	1549
1231	1373
1231	1557
1231	1576
1231	1604
1221	1338
1221	1562
1221	1579
1221	1518
1221	1669
1221	1697
1221	1791
1221	1546
1221	1617
1221	1675
1221	1653
1221	1558
1221	1637
1221	1709
1221	1475
1221	1807
1221	1740
1221	1404
1221	1672
1221	1619
1221	1506
1221	1516
1221	1504
1221	1517
1221	1552
1221	1527

melhor e media
1396	2101
1352	1739
1352	1657
1352	1708
1343	1691
1343	1690
1305	1579
1305	1726
1305	1741
1282	1459
1282	1499
1282	1591
1282	1678
1282	1552
1282	1478
1282	1533
1282	1505
1282	1725
1282	1467
1282	1599
1282	1698
1282	1680
1282	1483
1282	1553
1282	1699
1282	1710
1282	1590
1282	1606
1278	1421
1278	1594
1278	1709
1278	1608
1278	1606
1278	1462
1278	1480
1278	1556
1278	1604
1278	1424
1278	1470
1278	1431
1271	1394
1269	1404
1269	1520
1269	1574
1269	1547
1269	1534
1269	1389
1269	1598
1269	1587
1269	1455

melhor e media
1415	2300
1415	2185
1415	2155
1414	1810
1381	1768
1312	1548
1312	1657
1312	1721
1312	1614
1312	1573
1312	1537
1312	1697
1312	1701
1310	1508
1310	1531
1310	1624
1310	1714
1310	1662
1310	1786
1310	1672
1310	1554
1310	1509
1310	1656
1310	1630
1305	1462
1305	1670
1305	1659
1305	1510
1305	1458
1305	1481
1305	1466
1305	1622
1305	1599
1305	1502
1305	1525
1305	1619
1305	1474
1305	1577
1305	1595
1305	1503
1305	1651
1305	1598
1305	1423
1305	1555
1305	1461
1305	1553
1305	1472
1305	1461
1305	1449
1305	1603

melhor e media
1406	2192
1406	1822
1352	1652
1246	1438
1222	1358
1222	1578
1222	1608
1222	1638
1222	1685
1222	1712
1222	1662
1222	1701
1222	1614
1222	1422
1222	1605
1222	1557
1222	1597
1222	1655
1222	1818
1222	1841
1222	1657
1222	1645
1222	1570
1222	1378
1222	1659
1222	1624
1222	1781
1222	1677
1222	1651
1222	1570
1222	1444
1222	1578
1222	1401
1222	1397
1219	1361
1219	1437
1219	1590
1219	1718
1219	1598
1219	1443
1219	1732
1219	1750
1219	1440
1219	1745
1219	1659
1219	1427
1219	1388
1219	1538
1219	1614
1219	1390

melhor e media
1337	2334
1337	2017
1337	1694
1234	1390
1234	1855
1234	1704
1234	1561
1234	1596
1234	1634
1234	1735
1234	1615
1234	1619
1234	1590
1234	1622
1197	1396
1197	1550
1197	1683
1197	1669
1197	1442
1197	1430
1181	1359
1181	1581
1181	1647
1181	1705
1181	1675
1181	1382
1181	1537
1181	1685
1181	1623
1181	1400
1181	1359
1181	1360
1181	1566
1181	1578
1181	1569
1181	1337
1181	1423
1181	1558
1181	1406
1181	1579
1181	1538
1181	1418
1181	1548
1181	1417
1181	1465
1181	1462
1181	1689
1181	1628
1181	1607
1181	1620

melhor e media
1428	2571
1347	1915
1347	1751
1343	1529
1286	1411
1286	1522
1240	1356
1240	1564
1240	1572
1240	1605
1240	1679
1240	1652
1240	1492
1240	1596
1240	1702
1240	1734
1240	1673
1240	1668
1240	1635
1240	1585
1240	1730
1240	1599
1240	1536
1240	1706
1240	1487
1240	1798
1240	1663
1240	1609
1240	1432
1240	1381
1239	1366
1239	1662
1239	1678
1239	1529
1239	1642
1239	1577
1239	1424
1239	1454
1239	1551
1239	1375
1239	1462
1239	1624
1239	1582
1239	1460
1239	1545
1239	1514
1239	1457
1239	1628
1239	1541
1239	1670

melhor e media
1325	2497
1325	2104
1316	2035
1308	1626
1308	1587
1308	1554
1308	1576
1308	1575
1308	1611
1226	1371
1226	1510
1218	1328
1218	1510
1218	1503
1218	1699
1218	1734
1218	1785
1218	1421
1218	1521
1218	1601
1218	1426
1218	1569
1218	1380
1218	1628
1218	1637
1218	1534
1218	1612
1218	1340
1218	1494
1218	1337
1218	1340
1218	1331
1218	1369
1218	1340
1218	1492
1218	1478
1218	1378
1218	1613
1218	1509
1218	1581
1218	1376
1218	1652
1218	1618
1218	1346
1218	1372
1218	1623
1218	1612
1218	1535
1218	1627
1218	1346

