melhor e media

1777	2625
1777	2210
1760	1999
1760	2194
1760	2140
1760	1989
1709	1777
1709	1920
1709	1771
1709	1765
1709	1953
1709	1954
1709	1872
1709	1860
1707	1727
1707	1720
1700	1700
1700	1700
1700	1700
1700	1700
1700	1700
1700	1700
1700	1700
1700	1700
1700	1700
1700	1700
1700	1700
1700	1700
1700	1700
1700	1700
1700	1700
1700	1700
1700	1700
1700	1700
1700	1700
1700	1700
1700	1700
1700	1700
1700	1700
1700	1700
1700	1700
1700	1700
1700	1700
1700	1700
1700	1700
1700	1700
1700	1700
1700	1700
1700	1700
1700	1700


melhor e media

1745	2377
1742	2026
1742	2027
1742	2062
1742	2011
1742	1928
1742	1965
1742	1931
1742	1978
1742	2022
1742	2021
1742	1812
1665	1677
1665	1691
1665	1696
1665	1681
1665	1681
1665	1774
1665	1718
1665	1672
1657	1657
1657	1657
1657	1657
1657	1657
1657	1657
1657	1668
1657	1657
1657	1657
1657	1657
1657	1657
1657	1657
1657	1657
1657	1657
1657	1657
1657	1657
1657	1657
1657	1657
1657	1657
1657	1657
1657	1657
1657	1657
1657	1657
1657	1657
1657	1657
1657	1657
1657	1657
1657	1657
1657	1657
1657	1657
1657	1657


melhor e media

1829	2591
1752	2057
1735	1945
1724	1939
1719	2017
1644	1684
1644	1709
1644	1687
1630	1643
1630	1673
1630	1650
1630	1706
1630	1696
1630	1639
1628	1631
1628	1630
1628	1629
1628	1629
1628	1629
1628	1629
1628	1629
1628	1629
1628	1629
1628	1629
1628	1629
1628	1629
1628	1629
1628	1629
1628	1629
1626	1626
1626	1626
1626	1626
1626	1626
1626	1626
1626	1626
1626	1626
1626	1626
1626	1626
1626	1626
1626	1626
1626	1626
1626	1626
1626	1626
1626	1626
1626	1626
1626	1626
1626	1626
1626	1626
1626	1626
1626	1626


melhor e media

1807	2535
1760	2007
1700	1858
1657	1732
1657	1742
1653	1694
1653	1679
1653	1692
1653	1678
1653	1707
1653	1682
1653	1681
1652	1665
1647	1657
1647	1657
1647	1655
1647	1654
1647	1651
1647	1667
1647	1651
1647	1670
1647	1681
1647	1660
1647	1650
1645	1646
1645	1655
1645	1661
1645	1658
1645	1657
1645	1651
1645	1654
1645	1665
1645	1654
1643	1643
1643	1643
1643	1643
1643	1643
1643	1643
1643	1643
1643	1643
1643	1643
1643	1643
1643	1643
1643	1643
1643	1643
1643	1643
1643	1643
1643	1643
1643	1643
1643	1643


melhor e media

1796	2567
1746	2026
1746	1923
1746	1912
1746	1864
1746	1847
1672	1705
1670	1696
1670	1805
1670	1730
1670	1714
1670	1685
1670	1685
1667	1676
1667	1672
1665	1665
1665	1665
1665	1665
1665	1665
1665	1665
1665	1665
1665	1665
1665	1665
1665	1665
1665	1665
1665	1665
1665	1665
1665	1665
1665	1665
1665	1665
1665	1665
1665	1665
1665	1665
1665	1665
1665	1665
1665	1665
1665	1665
1665	1665
1665	1665
1665	1665
1665	1665
1665	1665
1665	1665
1665	1665
1665	1665
1665	1665
1665	1665
1665	1665
1665	1665
1665	1665


melhor e media

1805	2612
1746	2171
1680	1907
1657	1822
1657	1892
1657	1884
1618	1666
1618	1654
1618	1653
1618	1719
1618	1700
1618	1860
1618	1797
1618	1625
1618	1623
1618	1623
1618	1621
1618	1621
1618	1621
1618	1621
1618	1621
1617	1618
1617	1621
1617	1678
1617	1619
1617	1619
1617	1619
1617	1619
1617	1619
1617	1619
1615	1615
1615	1615
1615	1615
1615	1615
1615	1615
1615	1615
1615	1615
1615	1615
1615	1615
1615	1615
1615	1615
1615	1615
1615	1615
1615	1615
1615	1615
1615	1615
1615	1615
1615	1615
1615	1615
1615	1615


melhor e media

1811	2568
1715	1963
1715	1940
1715	1970
1688	1871
1681	1860
1665	1792
1664	1759
1661	1734
1661	1717
1661	1699
1661	1687
1661	1681
1661	1669
1661	1669
1661	1669
1656	1658
1655	1656
1655	1655
1655	1655
1655	1655
1655	1655
1655	1655
1655	1655
1655	1655
1655	1655
1655	1655
1655	1655
1655	1655
1655	1655
1655	1655
1655	1655
1655	1655
1655	1655
1655	1655
1655	1655
1655	1655
1655	1655
1655	1655
1655	1655
1655	1655
1655	1655
1655	1655
1655	1655
1655	1655
1655	1655
1655	1655
1655	1655
1655	1655
1655	1655


melhor e media

1724	2530
1719	2110
1719	1952
1659	1729
1637	1656
1637	1794
1637	1670
1637	1669
1631	1638
1631	1802
1631	1833
1631	1876
1631	1728
1631	1705
1631	1643
1631	1640
1631	1675
1631	1639
1631	1658
1631	1797
1628	1628
1628	1628
1626	1626
1626	1626
1626	1626
1626	1626
1626	1626
1626	1626
1626	1626
1626	1626
1626	1626
1626	1626
1626	1626
1626	1626
1626	1626
1626	1626
1626	1626
1626	1626
1626	1626
1626	1626
1626	1626
1626	1626
1626	1626
1626	1626
1626	1626
1626	1626
1626	1626
1626	1626
1626	1626
1626	1626


melhor e media

1770	2420
1747	2035
1747	1895
1747	1957
1675	1751
1675	1823
1675	1731
1675	1742
1675	1767
1665	1679
1663	1666
1663	1666
1663	1666
1661	1661
1661	1661
1661	1690
1661	1691
1661	1726
1661	1719
1661	1663
1661	1661
1661	1661
1661	1661
1661	1661
1661	1661
1661	1661
1661	1661
1661	1661
1661	1661
1661	1661
1661	1661
1661	1661
1661	1661
1661	1661
1661	1661
1661	1661
1661	1661
1661	1661
1661	1661
1661	1661
1661	1661
1661	1661
1661	1661
1661	1661
1661	1661
1661	1661
1661	1661
1661	1661
1661	1661
1661	1661


melhor e media

1750	2376
1743	1968
1741	1933
1682	1765
1682	1745
1682	1837
1682	1843
1682	1844
1670	1712
1667	1694
1665	1685
1665	1681
1665	1822
1665	1687
1659	1659
1659	1660
1659	1693
1659	1683
1659	1672
1659	1671
1659	1671
1659	1671
1659	1671
1659	1671
1659	1673
1659	1671
1657	1657
1657	1657
1657	1657
1657	1657
1657	1657
1657	1657
1657	1657
1657	1657
1657	1657
1657	1657
1657	1657
1657	1657
1657	1657
1657	1657
1657	1657
1657	1657
1657	1657
1657	1657
1657	1657
1657	1657
1657	1657
1657	1657
1657	1657
1657	1657


