melhor e media
1312	2396
1312	2018
1309	1809
1309	1709
1309	1625
1309	1530
1309	1460
1309	1437
1215	1244
1215	1241
1215	1281
1215	1230
1215	1228
1215	1220
1215	1220
1215	1220
1215	1220
1206	1206
1206	1206
1206	1206
1206	1206
1206	1206
1206	1206
1206	1206
1206	1206
1206	1206
1206	1206
1206	1206
1206	1206
1206	1206
1206	1206
1206	1206
1206	1206
1206	1206
1206	1206
1206	1206
1206	1206
1206	1206
1206	1206
1206	1206
1206	1206
1206	1206
1206	1206
1206	1206
1206	1206
1206	1206
1206	1206
1206	1206
1206	1206
1206	1206

melhor e media
1386	2251
1356	1733
1320	1503
1226	1312
1217	1271
1217	1445
1217	1500
1217	1336
1217	1320
1217	1539
1217	1366
1217	1447
1217	1433
1217	1247
1215	1223
1214	1221
1214	1226
1214	1431
1214	1429
1214	1502
1214	1235
1214	1230
1214	1240
1214	1245
1214	1220
1214	1218
1214	1298
1214	1282
1214	1231
1214	1232
1214	1223
1214	1222
1214	1222
1210	1211
1210	1211
1207	1207
1207	1221
1207	1212
1207	1207
1206	1206
1206	1206
1206	1206
1206	1206
1206	1206
1206	1206
1206	1206
1206	1206
1206	1206
1206	1206
1206	1206

melhor e media
1431	2131
1391	1837
1372	1733
1320	1616
1315	1498
1226	1325
1226	1310
1226	1284
1226	1454
1219	1251
1219	1249
1215	1233
1215	1231
1212	1218
1212	1293
1212	1218
1212	1218
1212	1215
1212	1215
1212	1215
1212	1215
1206	1206
1206	1206
1206	1206
1206	1206
1206	1206
1206	1206
1206	1206
1206	1206
1206	1206
1206	1206
1206	1206
1206	1206
1206	1206
1206	1206
1206	1206
1206	1206
1206	1206
1206	1206
1206	1206
1206	1206
1206	1206
1206	1206
1206	1206
1206	1206
1206	1206
1206	1206
1206	1206
1206	1206
1206	1206

melhor e media
1415	2288
1415	1769
1374	1575
1374	1873
1330	1485
1330	1593
1301	1404
1301	1404
1290	1335
1290	1324
1290	1404
1290	1319
1285	1296
1285	1294
1282	1287
1282	1301
1282	1311
1281	1283
1281	1283
1281	1296
1281	1371
1281	1368
1277	1277
1277	1277
1277	1277
1277	1277
1277	1277
1277	1277
1277	1277
1277	1277
1277	1277
1277	1277
1277	1277
1277	1277
1277	1277
1277	1277
1277	1277
1277	1277
1277	1277
1277	1277
1277	1277
1277	1277
1277	1277
1277	1277
1277	1277
1277	1277
1277	1277
1277	1277
1277	1277
1277	1277

melhor e media
1531	2664
1444	1860
1345	1518
1337	1469
1316	1560
1274	1418
1252	1342
1215	1248
1215	1253
1215	1258
1215	1247
1214	1229
1214	1420
1210	1217
1210	1510
1210	1289
1210	1417
1210	1219
1209	1210
1209	1212
1209	1212
1209	1222
1209	1218
1209	1218
1209	1218
1209	1228
1208	1209
1207	1207
1206	1206
1206	1227
1206	1230
1206	1211
1206	1211
1206	1211
1206	1211
1206	1212
1206	1206
1206	1206
1206	1206
1206	1206
1206	1206
1206	1206
1206	1206
1206	1206
1206	1206
1206	1206
1206	1206
1206	1206
1206	1206
1206	1206

melhor e media
1327	2300
1309	2117
1308	1837
1308	1527
1308	1544
1219	1261
1216	1251
1216	1269
1216	1253
1216	1251
1214	1233
1214	1238
1214	1241
1214	1220
1214	1218
1214	1218
1214	1218
1214	1218
1214	1218
1214	1218
1214	1218
1214	1218
1206	1206
1206	1206
1206	1206
1206	1206
1206	1206
1206	1206
1206	1206
1206	1206
1206	1206
1206	1206
1206	1206
1206	1206
1206	1206
1206	1206
1206	1206
1206	1206
1206	1206
1206	1206
1206	1206
1206	1206
1206	1206
1206	1206
1206	1206
1206	1206
1206	1206
1206	1206
1206	1206
1206	1206

melhor e media
1408	2092
1339	1710
1325	1544
1308	1528
1218	1285
1218	1480
1218	1414
1218	1651
1218	1480
1218	1327
1216	1261
1216	1439
1216	1247
1216	1246
1216	1224
1216	1226
1216	1227
1214	1219
1214	1237
1214	1228
1212	1216
1210	1213
1210	1211
1210	1211
1210	1227
1206	1206
1206	1206
1206	1206
1206	1206
1206	1206
1206	1206
1206	1206
1206	1206
1206	1206
1206	1206
1206	1206
1206	1206
1206	1206
1206	1206
1206	1206
1206	1206
1206	1206
1206	1206
1206	1206
1206	1206
1206	1206
1206	1206
1206	1206
1206	1206
1206	1206

melhor e media
1351	1869
1276	1450
1276	1569
1276	1510
1276	1548
1276	1536
1216	1252
1215	1239
1215	1462
1215	1245
1214	1231
1210	1216
1210	1222
1210	1218
1210	1430
1210	1289
1210	1227
1210	1218
1206	1206
1206	1206
1206	1206
1206	1206
1206	1206
1206	1206
1206	1206
1206	1206
1206	1206
1206	1206
1206	1206
1206	1206
1206	1206
1206	1206
1206	1206
1206	1206
1206	1206
1206	1206
1206	1206
1206	1206
1206	1206
1206	1206
1206	1206
1206	1206
1206	1206
1206	1206
1206	1206
1206	1206
1206	1206
1206	1206
1206	1206
1206	1206

melhor e media
1399	2441
1313	1756
1313	1549
1313	1559
1230	1299
1230	1418
1230	1467
1219	1251
1214	1226
1214	1238
1214	1225
1214	1312
1214	1409
1214	1418
1214	1382
1214	1313
1214	1407
1214	1238
1214	1226
1214	1218
1214	1218
1214	1238
1214	1218
1214	1218
1214	1218
1214	1218
1214	1218
1214	1218
1214	1218
1206	1206
1206	1206
1206	1206
1206	1206
1206	1206
1206	1206
1206	1206
1206	1206
1206	1206
1206	1206
1206	1206
1206	1206
1206	1206
1206	1206
1206	1206
1206	1206
1206	1206
1206	1206
1206	1206
1206	1206
1206	1206

melhor e media
1458	2670
1319	1759
1319	1657
1319	1582
1315	1491
1217	1268
1217	1326
1217	1563
1217	1279
1217	1274
1217	1264
1217	1265
1217	1469
1217	1523
1217	1408
1214	1218
1214	1218
1214	1219
1214	1222
1214	1222
1214	1218
1214	1218
1214	1218
1214	1218
1206	1206
1206	1206
1206	1206
1206	1206
1206	1206
1206	1206
1206	1206
1206	1206
1206	1206
1206	1206
1206	1206
1206	1206
1206	1206
1206	1206
1206	1206
1206	1206
1206	1206
1206	1206
1206	1206
1206	1206
1206	1206
1206	1206
1206	1206
1206	1206
1206	1206
1206	1206

