melhor e media

2156	3082
1979	2865
1979	2516
1960	2128
1938	2050
1938	2201
1938	2082
1938	2083
1856	1962
1856	2263
1856	2090
1856	2352
1856	2458
1856	2454
1856	2377
1856	2277
1856	2123
1856	2042
1856	2098
1856	2155
1856	2155
1856	2055
1856	2031
1856	2034
1856	1974
1856	1974
1856	1974
1846	1846
1846	1846
1846	1846
1846	1846
1846	1846
1846	1846
1846	1846
1846	1846
1846	1846
1846	1846
1846	1846
1846	1846
1846	1846
1846	1846
1846	1846
1846	1846
1846	1846
1846	1846
1846	1846
1846	1846
1846	1846
1846	1846
1846	1846


melhor e media

2144	2962
2033	2656
1935	2540
1903	2663
1850	2354
1850	2267
1850	2220
1850	2218
1850	2078
1850	2021
1850	1962
1789	1817
1789	1833
1784	1794
1784	1813
1777	1777
1777	1777
1777	1777
1777	1777
1777	1777
1777	1777
1777	1777
1777	1777
1777	1777
1777	1777
1777	1777
1777	1777
1777	1777
1777	1777
1777	1777
1777	1777
1777	1777
1777	1777
1777	1777
1777	1777
1777	1777
1777	1777
1777	1777
1777	1777
1777	1777
1777	1777
1777	1777
1777	1777
1777	1777
1777	1777
1777	1777
1777	1777
1777	1777
1777	1777
1777	1777


melhor e media

2014	3065
2014	2864
2005	2323
2005	2577
1997	2574
1994	2351
1955	2397
1935	2248
1914	2236
1914	2598
1914	2528
1914	2454
1914	2366
1914	2263
1914	2234
1914	2053
1914	2078
1914	2035
1914	1974
1914	1974
1914	1974
1914	1974
1846	1846
1846	1846
1846	1846
1846	1846
1846	1846
1846	1846
1846	1846
1846	1846
1846	1846
1846	1846
1846	1846
1846	1846
1846	1846
1846	1846
1846	1846
1846	1846
1846	1846
1846	1846
1846	1846
1846	1846
1846	1846
1846	1846
1846	1846
1846	1846
1846	1846
1846	1846
1846	1846
1846	1846


melhor e media

1945	2920
1789	2625
1789	2596
1789	2442
1789	2389
1789	2359
1789	2205
1789	2276
1789	2324
1789	2349
1789	2140
1789	2103
1763	1947
1763	1850
1763	1952
1763	1952
1747	1786
1747	1854
1747	1772
1747	1844
1744	1768
1744	1768
1744	1768
1713	1713
1713	1713
1713	1713
1713	1713
1713	1713
1713	1713
1713	1713
1713	1713
1713	1713
1713	1713
1713	1713
1713	1713
1713	1713
1713	1713
1713	1713
1713	1713
1713	1713
1713	1713
1713	1713
1713	1713
1713	1713
1713	1713
1713	1713
1713	1713
1713	1713
1713	1713
1713	1713


melhor e media

2063	2880
2045	3032
1940	2650
1940	2779
1940	2798
1940	2660
1914	2514
1914	2762
1914	2753
1914	2505
1914	2294
1914	2321
1914	2332
1914	2305
1914	2254
1914	2254
1914	2216
1914	2156
1914	2156
1847	1848
1847	1847
1846	1846
1846	1846
1846	1846
1846	1846
1846	1846
1846	1846
1846	1846
1846	1846
1846	1846
1846	1846
1846	1846
1846	1846
1846	1846
1846	1846
1846	1846
1846	1846
1846	1846
1846	1846
1846	1846
1846	1846
1846	1846
1846	1846
1846	1846
1846	1846
1846	1846
1846	1846
1846	1846
1846	1846
1846	1846


melhor e media

2012	3104
1982	2716
1951	2862
1951	2382
1951	2347
1951	2328
1951	2162
1899	2089
1899	2278
1891	2212
1891	2175
1891	2153
1891	2087
1891	2024
1858	1921
1858	1979
1858	1984
1858	1976
1858	1977
1858	1965
1858	1926
1846	1864
1846	1944
1844	1858
1844	1857
1844	1858
1835	1835
1835	1835
1835	1835
1835	1835
1835	1835
1835	1835
1835	1835
1835	1835
1835	1835
1835	1835
1835	1835
1835	1835
1835	1835
1835	1835
1835	1835
1835	1835
1835	1835
1835	1835
1835	1835
1835	1835
1835	1835
1835	1835
1835	1835
1835	1835


melhor e media

1873	3037
1873	2980
1873	2795
1873	2621
1873	2473
1873	2451
1873	2514
1873	2404
1873	2482
1873	2196
1873	2162
1873	2099
1873	2101
1873	2071
1873	2077
1873	2021
1873	1980
1873	1934
1873	1992
1854	1900
1800	1800
1800	1876
1800	1809
1800	1809
1800	1809
1800	1800
1800	1800
1800	1800
1800	1800
1800	1800
1800	1800
1800	1800
1800	1800
1800	1800
1800	1800
1800	1800
1800	1800
1800	1800
1800	1800
1800	1800
1800	1800
1800	1800
1800	1800
1800	1800
1800	1800
1800	1800
1800	1800
1800	1800
1800	1800
1800	1800


melhor e media

2033	3014
1930	2742
1928	2797
1908	2148
1908	2153
1908	2181
1908	2145
1908	2255
1908	2011
1908	2065
1908	1962
1874	1898
1874	2000
1874	1993
1874	1993
1862	1867
1862	1867
1862	1867
1856	1856
1856	1856
1856	1856
1856	1856
1856	1856
1856	1856
1856	1856
1856	1856
1856	1856
1856	1856
1856	1856
1856	1856
1856	1856
1856	1856
1856	1856
1856	1856
1856	1856
1856	1856
1856	1856
1856	1856
1856	1856
1856	1856
1856	1856
1856	1856
1856	1856
1856	1856
1856	1856
1856	1856
1856	1856
1856	1856
1856	1856
1856	1856


melhor e media

1980	2911
1850	2644
1850	2329
1850	2247
1850	2123
1796	1918
1796	2004
1796	1831
1796	1935
1796	1870
1782	1787
1782	1790
1782	1785
1781	1783
1781	1783
1781	1783
1777	1777
1777	1777
1777	1777
1777	1777
1777	1777
1777	1777
1777	1777
1777	1777
1777	1777
1777	1777
1777	1777
1777	1777
1777	1777
1777	1777
1777	1777
1777	1777
1777	1777
1777	1777
1777	1777
1777	1777
1777	1777
1777	1777
1777	1777
1777	1777
1777	1777
1777	1777
1777	1777
1777	1777
1777	1777
1777	1777
1777	1777
1777	1777
1777	1777
1777	1777


melhor e media

1902	2849
1902	2766
1902	2672
1902	2501
1902	2406
1889	2102
1889	2114
1889	2094
1889	2038
1889	2111
1889	2102
1889	2105
1889	2084
1889	2023
1889	1962
1889	1962
1889	1962
1836	1839
1836	1872
1836	1962
1836	1869
1836	1854
1836	1857
1836	1848
1835	1835
1835	1835
1835	1835
1835	1835
1835	1835
1835	1835
1835	1835
1835	1835
1835	1835
1835	1835
1835	1835
1835	1835
1835	1835
1835	1835
1835	1835
1835	1835
1835	1835
1835	1835
1835	1835
1835	1835
1835	1835
1835	1835
1835	1835
1835	1835
1835	1835
1835	1835


