melhor e media
1370	2373
1349	1944
1349	1668
1284	1431
1284	1627
1284	1545
1264	1325
1264	1502
1264	1450
1264	1509
1264	1486
1264	1477
1264	1321
1258	1267
1254	1260
1254	1266
1254	1257
1254	1257
1254	1257
1254	1266
1250	1252
1247	1247
1247	1366
1247	1313
1247	1332
1247	1299
1247	1309
1247	1296
1247	1277
1247	1337
1247	1351
1247	1349
1247	1269
1247	1259
1247	1283
1247	1427
1247	1267
1247	1254
1247	1249
1247	1264
1247	1264
1247	1349
1247	1264
1247	1256
1247	1247
1247	1247
1247	1247
1247	1247
1247	1247
1247	1247

melhor e media
1445	2376
1414	1715
1321	1448
1297	1477
1297	1646
1297	1444
1297	1741
1297	1650
1297	1604
1297	1426
1297	1598
1297	1579
1297	1413
1297	1527
1297	1346
1297	1341
1297	1349
1291	1334
1291	1339
1291	1335
1291	1320
1291	1318
1291	1321
1291	1307
1291	1305
1287	1298
1283	1286
1283	1287
1283	1287
1283	1287
1283	1285
1283	1285
1283	1286
1280	1280
1280	1285
1280	1285
1280	1285
1280	1285
1280	1294
1280	1287
1280	1285
1280	1285
1280	1285
1280	1285
1280	1285
1280	1285
1280	1291
1280	1281
1280	1292
1280	1292

melhor e media
1375	2402
1313	1764
1308	1518
1308	1556
1256	1333
1256	1536
1256	1368
1256	1618
1226	1267
1224	1249
1224	1287
1219	1252
1214	1222
1214	1319
1214	1231
1214	1222
1214	1221
1214	1221
1214	1221
1214	1218
1214	1223
1214	1230
1214	1218
1214	1218
1214	1218
1214	1222
1206	1206
1206	1206
1206	1206
1206	1206
1206	1206
1206	1206
1206	1206
1206	1206
1206	1206
1206	1206
1206	1206
1206	1206
1206	1206
1206	1206
1206	1206
1206	1206
1206	1206
1206	1206
1206	1206
1206	1206
1206	1206
1206	1206
1206	1206
1206	1206

melhor e media
1418	2418
1332	1837
1332	1691
1261	1378
1255	1368
1255	1491
1255	1430
1255	1561
1255	1416
1250	1335
1250	1633
1250	1512
1250	1463
1250	1571
1250	1476
1250	1433
1250	1420
1250	1456
1250	1426
1215	1229
1215	1239
1215	1260
1215	1414
1215	1220
1215	1221
1215	1220
1215	1220
1215	1220
1215	1220
1215	1220
1206	1206
1206	1206
1206	1206
1206	1206
1206	1206
1206	1206
1206	1206
1206	1206
1206	1206
1206	1206
1206	1206
1206	1206
1206	1206
1206	1206
1206	1206
1206	1206
1206	1206
1206	1206
1206	1206
1206	1206

melhor e media
1494	2394
1327	2071
1315	1742
1309	1527
1309	1530
1249	1341
1249	1464
1249	1478
1249	1428
1215	1222
1215	1225
1215	1386
1215	1312
1215	1274
1215	1289
1215	1233
1212	1215
1206	1206
1206	1206
1206	1206
1206	1206
1206	1206
1206	1206
1206	1206
1206	1206
1206	1206
1206	1206
1206	1206
1206	1206
1206	1206
1206	1206
1206	1206
1206	1206
1206	1206
1206	1206
1206	1206
1206	1206
1206	1206
1206	1206
1206	1206
1206	1206
1206	1206
1206	1206
1206	1206
1206	1206
1206	1206
1206	1206
1206	1206
1206	1206
1206	1206

melhor e media
1441	2411
1384	1955
1352	1598
1349	1650
1349	1701
1349	1615
1258	1348
1258	1515
1258	1436
1221	1446
1221	1771
1221	1515
1183	1303
1183	1422
1183	1374
1183	1316
1183	1328
1183	1471
1183	1301
1179	1236
1179	1234
1179	1231
1179	1220
1179	1214
1179	1234
1179	1206
1179	1200
1179	1196
1179	1193
1177	1183
1177	1186
1177	1186
1175	1178
1175	1186
1175	1186
1175	1182
1175	1258
1168	1168
1168	1168
1168	1168
1168	1168
1168	1168
1168	1168
1168	1168
1168	1168
1168	1168
1168	1168
1168	1168
1168	1168
1168	1168

melhor e media
1392	1972
1349	1578
1333	1634
1288	1502
1288	1650
1288	1540
1228	1347
1228	1510
1223	1304
1223	1371
1223	1474
1223	1446
1213	1233
1213	1261
1213	1256
1213	1441
1213	1431
1213	1523
1213	1428
1213	1229
1213	1323
1213	1492
1213	1242
1213	1237
1213	1218
1212	1216
1210	1212
1210	1259
1210	1226
1206	1206
1206	1206
1206	1206
1206	1206
1206	1206
1206	1206
1206	1206
1206	1206
1206	1206
1206	1206
1206	1206
1206	1206
1206	1206
1206	1206
1206	1206
1206	1206
1206	1206
1206	1206
1206	1206
1206	1206
1206	1206

melhor e media
1319	2270
1319	1912
1316	1603
1218	1286
1218	1721
1218	1387
1218	1621
1218	1384
1218	1479
1218	1257
1218	1355
1215	1231
1215	1415
1215	1304
1215	1253
1215	1247
1215	1254
1215	1231
1215	1227
1215	1220
1215	1220
1215	1220
1214	1218
1206	1206
1206	1206
1206	1212
1206	1207
1206	1206
1206	1206
1206	1313
1206	1407
1206	1215
1206	1206
1206	1206
1206	1206
1206	1206
1206	1206
1206	1206
1206	1206
1206	1206
1206	1206
1206	1206
1206	1206
1206	1206
1206	1206
1206	1206
1206	1206
1206	1206
1206	1206
1206	1206

melhor e media
1316	2823
1316	2069
1316	1901
1315	1553
1315	1586
1303	1531
1303	1672
1303	1557
1303	1531
1303	1606
1303	1527
1303	1477
1234	1267
1216	1233
1216	1236
1212	1216
1206	1206
1206	1206
1206	1233
1206	1317
1206	1412
1206	1226
1206	1226
1206	1220
1206	1241
1206	1240
1206	1209
1206	1230
1206	1215
1206	1401
1206	1215
1206	1206
1206	1206
1206	1215
1206	1206
1206	1206
1206	1206
1206	1206
1206	1206
1206	1206
1206	1206
1206	1206
1206	1206
1206	1206
1206	1206
1206	1206
1206	1206
1206	1206
1206	1206
1206	1206

melhor e media
1409	2127
1370	1835
1308	1865
1308	1691
1308	1641
1308	1512
1219	1272
1219	1429
1219	1315
1219	1446
1219	1529
1219	1523
1219	1543
1219	1529
1219	1323
1219	1307
1219	1262
1219	1428
1216	1241
1214	1221
1214	1221
1214	1221
1212	1218
1212	1218
1212	1218
1212	1218
1212	1218
1206	1206
1206	1206
1206	1206
1206	1206
1206	1206
1206	1206
1206	1206
1206	1206
1206	1206
1206	1206
1206	1206
1206	1206
1206	1206
1206	1206
1206	1206
1206	1206
1206	1206
1206	1206
1206	1206
1206	1206
1206	1206
1206	1206
1206	1206

