melhor e media

2197	10699
2190	12433
2178	11848
2136	10665
2136	11235
2136	11602
2037	12380
2037	11192
1998	10983
1998	11824
1998	10655
1998	9610
1998	9731
1932	9878
1932	10414
1932	8601
1932	9078
1932	8720
1932	11230
1932	10780
1932	10871
1932	11358
1932	11137
1932	10487
1932	11532
1932	11737
1925	11264
1925	9779
1925	10631
1925	9532
1925	11774
1925	9652
1925	9139
1925	9825
1925	9484
1925	8954
1925	9953
1925	10512
1925	9849
1925	11491
1925	10680
1925	11835
1925	9640
1925	11425
1925	9829
1925	10956
1925	10825
1925	9960
1925	9484
1925	10188
1925	11007
1925	11445
1925	10492
1925	8923
1925	11246
1925	9957
1925	10557
1925	10756
1925	10880
1925	10689
1925	11730
1925	11759
1925	9459
1925	10370
1925	10561
1925	9472
1925	10019
1925	10609
1925	12636
1925	10798
1925	12908
1925	11787
1925	13186
1925	11339
1918	10276
1918	10159
1918	8251
1918	8397
1918	6987
1918	8477
1918	9323
1918	8960
1918	7512
1918	8004
1918	8377
1918	9554
1918	8474
1918	9370
1918	7979
1918	8159
1918	7701
1918	7519
1918	8413
1918	7765
1918	8466
1918	8198
1918	8419
1918	8367
1918	8548
1918	9133
1918	9177
1918	9952
1918	8752
1918	8704
1918	8003
1918	8220
1918	8736
1918	8153
1918	8259
1918	8477
1918	9553
1918	8594
1918	8489
1918	9058
1918	7791
1918	7820
1918	8436
1918	7824
1918	9228
1918	9452
1918	9187
1918	9681
1918	8685
1918	9262
1918	8890
1918	9484
1918	8975
1918	7901
1918	8605
1918	8746
1918	8847
1917	8577
1917	9457
1917	8960
1917	8380
1917	10021
1917	9882
1917	9670
1917	10109
1917	9180
1917	9579
1917	8209
1917	8898
1917	9820
1917	8843
1917	9029
1917	9752
1917	9859
1917	9083
1917	8428
1917	8621
1917	7850
1917	9186
1917	9207
1917	9958
1917	10337
1917	9936
1917	9118
1917	9758
1917	9719
1917	8964
1917	9391
1917	8782
1917	11141
1917	8901
1917	9240
1917	8534
1917	9186
1917	9120
1917	9329
1917	9087
1917	9886
1917	8588
1917	10040
1917	9855
1917	9072
1917	8976
1917	9991
1917	8938
1917	8510
1917	9105
1917	9435
1917	8475
1917	8951
1917	8258
1917	8605
1917	8311
1917	9660
1917	8535
1917	8751
1917	9836
1917	9383
1917	9921
1917	8538
1917	8283
1917	9586
1917	9983
1917	10118
1917	10628
1917	9551
1917	8588
1917	10058
1917	10532
1917	9677
1917	9781
1917	8576
1917	9251
1917	8053
1917	9991
1917	10479
1917	9872
1917	9560
1917	9431
1917	8498
1917	9442
1917	9782
1917	8275
1917	8563
1917	10088
1917	8333
1917	9302
1917	9269
1917	8224
1917	8142
1917	9026
1917	10586
1917	8446
1917	8564
1917	9016
1917	9197
1917	9651
1917	9990
1917	8739
1917	10419
1917	10115
1917	10268
1917	10733
1917	9581
1917	8554
1917	8589
1917	8824
1917	8478
1917	10034
1917	9575
1899	8786
1899	8963
1899	8879
1899	8089
1899	8695
1899	9249
1899	8046
1899	8483
1899	8557
1899	8925
1899	9301
1899	9495
1899	8643
1899	8014
1899	9792
1899	9322
1899	8265
1899	8312
1899	9085
1899	8801
1899	8879
1899	8459
1899	10393
1899	9217
1899	10010
1899	9984
1899	7994
1899	8869
1899	8459
1899	9439
1899	9056
1899	8762
1899	8673
1899	8344
1899	9331
1899	9998
1899	9958
1899	9748
1899	9168
1899	9046
1899	8855
1899	8327
1899	7538
1899	7993
1899	8793
1899	8654
1899	8540
1899	7628
1899	8367
1899	7987
1899	9054
1899	7919
1899	8154
1899	9108
1899	8951
1899	9572
1899	8796
1899	8976
1899	7928
1899	9138
1899	8562
1899	8788
1899	9163
1899	8963
1899	9357
1899	8593
1899	9162
1899	8504
1899	8364
1899	8493
1899	8673
1899	8109
1899	9482
1899	8964
1899	8412
1899	7852
1899	9106
1899	8443
1899	9872
1899	10102
1899	9246
1899	8589
1899	10622
1899	8188
1899	10859
1899	10491
1899	8451
1899	8980
1899	9177
1899	9765
1899	7677
1899	8359
1899	9462
1899	8336
1899	9356
1899	8962
1899	8968
1899	9323
1899	8009
1899	8294
1899	8669
1899	8743
1899	9386
1899	8524
1899	8053
1899	6960
1899	9307
1899	8331
1899	7455
1899	8113
1899	7973
1899	7831
1899	8219
1899	8688
1899	7907
1899	7107
1899	9141
1899	8744
1899	7934
1899	9343
1899	8501
1899	9354
1899	10142
1899	8438
1899	8952
1899	10619
1899	9325
1899	10618
1899	10007
1899	9760
1899	8697
1899	9363
1899	8144
1899	7902
1899	11198
1899	9665
1899	9716
1899	7896
1899	9282
1899	8621
1899	8296
1899	8430
1899	8293
1899	8792
1899	7609
1899	7732
1899	7910
1899	8156
1899	8690
1899	9529
1899	8366
1899	9420
1899	8036
1899	8443
1899	7960
1899	8975
1899	9284
1899	8648
1899	8475
1899	8713
1899	9362
1899	9140
1899	9316
1899	9229
1899	10757
1899	8676
1899	8328
1899	8772
1899	9438
1899	7901
1899	8487
1899	9005
1899	8199
1892	7494
1892	8901
1892	9451
1892	8639
1892	8706
1892	9403
1892	8519
1892	8138
1892	9569
1892	8696
1892	8211
1892	7801
1892	7976
1892	8336
1892	10225
1892	10111
1892	8249
1892	9216
1892	8805
1892	9143
1892	9734
1892	9702
1892	8694
1892	9184
1892	9370
1892	9076
1892	8340
1892	8748
1892	9638
1892	9455
1892	9072
1892	7973
1892	7608
1892	7975
1892	7659
1892	8421
1892	9348
1892	9071
1892	8817
1892	8431
1892	9207
1892	8828
1892	9394
1892	8289
1892	6968
1892	7976
1892	7080
1892	7655
1892	8248
1892	9098
1892	8322
1892	8856
1892	9577
1892	8284
1892	8739
1892	9769
1892	8750
1892	8090
1892	9819
1892	7423
1892	7938
1892	8297
1892	9845
1892	10487
1892	9185
1892	9865
1892	7958
1892	8348
1892	8477
1892	8525
1892	8965
1892	8588
1892	9541
1892	9238
1892	9633
1892	9381
1892	8296
1892	8379
1892	9789
1892	9607
1892	8453
1892	9068
1892	8204
1892	9412
1892	9779
1892	9047
1892	8291
1892	9313
1892	9744
1892	9478
1892	8420
1892	9596
1892	9418
1892	10675
1892	9615
1892	9550
1892	9681
1892	7543
1892	7801
1892	8562
1892	9310
1892	8172
1892	8604
1892	9362
1892	8661
1891	8584
1891	9664
1891	9430
1891	9091
1891	8719
1891	9630
1891	9078
1891	10846
1891	9795
1891	9748
1891	10100
1891	9178
1891	9178
1891	10603
1891	10838
1891	10053
1891	11307
1891	10165
1891	9645
1891	10210
1891	9462
1891	10305
1891	8999
1891	11904
1891	11758
1891	11062
1891	10014
1891	9690
1891	11221
1891	10639
1891	9686
1891	10296
1891	10403
1891	9280
1891	10184
1891	10081
1891	10025
1891	10243
1891	9942
1891	10145
1891	9614
1891	10185
1891	8863
1891	10563
1891	10662
1891	10882
1891	10800
1891	10146
1891	9701
1891	10838
1891	10732
1891	10094
1891	10933
1891	11597
1891	9981
1891	9020
1891	9075
1891	9138
1891	9202
1891	8574
1891	9452
1891	9648
1891	10740
1891	10670
1891	11642
1891	10261
1891	10114
1891	10644
1891	9804
1891	10503
1891	9805
1891	9306
1891	10827
1891	9439
1891	9434
1891	9247
1891	9116
1891	8250
1891	10307
1891	9366
1891	9292
1891	8833
1891	9540
1891	10388
1891	9844
1891	9535
1891	9259
1891	8607
1891	8997
1891	9362
1891	11572
1891	9703
1891	9454
1891	8629
1891	9146
1891	9191
1891	8395
1891	9482
1891	9916
1891	9799
1891	10259
1891	8710
1891	10630
1891	9758
1891	9441
1891	9788
1891	9456
1891	11280
1891	9294
1891	9460
1891	9423
1891	9393
1891	10000
1891	8525
1891	9131
1891	8402
1891	10811
1891	10495
1891	10472
1891	11480
1891	9934
1891	9304
1891	10428
1891	10563
1891	9845
1891	10731
1891	11671
1891	9980
1891	10769
1891	9848
1891	11148
1891	9122
1891	9162
1891	8805
1891	9453
1891	8875
1891	9683
1891	9117
1891	8154
1891	9149
1891	9806
1891	10579
1891	11510
1891	9560
1891	9964
1891	9621
1891	9217
1891	9290
1891	10101
1891	9948
1891	9077
1891	10372
1891	9621
1891	10148
1891	10115
1891	12070
1891	9982
1891	9067
1891	9562
1891	9342
1891	8566
1891	8925
1891	8092
1891	9187
1891	9045
1891	10445
1891	10194
1891	10351
1891	10258
1891	10185
1891	9357
1891	10268
1891	9902
1891	10607
1891	9238
1891	8231
1891	10178
1891	9924
1891	9638
1891	9101
1891	9993
1891	8178
1891	9605
1891	9592
1891	9500
1891	9348
1891	9180
1891	9185
1891	9221
1891	8801
1891	9564
1891	9800
1891	9057
1891	9511
1891	8008
1891	9093
1891	9727
1891	9746
1891	10665
1891	9598
1891	7972
1891	8787
1891	9588
1891	9882
1891	9258
1891	9776
1891	7679
1891	9298
1891	10507
1891	10553
1891	8077
1891	9069
1891	8577
1891	9583
1891	9618
1891	7820
1891	9983
1891	10411
1891	10090
1891	10202
1891	10007
1891	9926
1891	9389
1891	10081
1891	10838
1891	10528
1891	10638
1891	10939
1891	11483
1891	9251
1891	8602
1891	9355
1891	10757
1891	9760
1891	9611
1891	10014
1891	10978
1891	9883
1891	9592
1891	10337
1891	8794
1891	8639
1891	9771
1891	8723
1891	8554
1891	8148
1891	9516
1891	8719
1891	9616
1891	10625
1891	10499
1891	10594
1891	8641
1891	9188
1891	8453
1891	9710
1891	8740
1891	10242
1891	9667
1891	9732
1891	8190
1891	9667
1891	10388
1891	9394
1891	9812
1891	9836
1891	10719
1891	9092
1891	9502
1891	9319
1891	9684
1891	9496
1891	8758
1891	8922
1891	7973
1891	9444
1891	8953
1891	9901
1891	8766
1891	9195
1891	9669
1891	10052
1891	10297
1891	9789
1891	9114
1891	9664
1891	8554
1891	9604
1891	10409
1891	8843
1891	8606
1891	9197
1891	9251
1891	9625
1891	9348
1891	10389
1891	10501
1891	7909
1891	10445
1891	10927
1891	9366
1891	9541
1891	8629
1891	9775
1891	10759
1891	9895
1891	9071
1891	9529
1891	9327
1891	10619
1891	9321
1891	9514
1891	10657
1891	10629
1891	10647
1891	9308
1891	10119
1891	9076
1891	8679
1891	10395
1891	10263
1891	9982
1891	11949
1891	9518
1891	8551
1891	9914
1891	10211
1891	9238
1891	10487
1891	9122
1891	9886
1891	8833
1891	10196
1891	9430
1891	9862
1891	9856
1891	9292
1891	10030
1891	11239
1891	9548
1891	9054
1891	9928
1891	9435
1891	9667
1891	10690
1891	9222
1891	10188
1891	11383
1891	9123
1891	9475
1891	9320
1891	10038
1891	9602
1891	8561
1891	9532
1891	9889
1891	11382
1891	10593
1891	9656
1891	10492
1891	9677
1891	11497
1891	9790
1891	9110
1891	10049
1891	8762
1891	8439
1891	9436
1891	9752
1891	9397
1891	10266
1891	11126
1891	9996
1891	9814
1891	8970
1891	10801
1891	10240
1891	10025
1891	11266
1891	10789
1891	10614
1891	11869
1891	11544
1891	9609
1891	9622
1891	10424
1891	8974
1891	8135
1891	9290
1891	8914
1891	9977
1891	8942
1891	8230
1891	8783
1891	10282
1891	9282
1891	10384
1891	9092
1891	11161
1891	9979
1891	10901
1891	11430
1891	9802
1891	9539
1891	9180
1891	9727
1891	9257
1891	10397
1891	9433
1891	10009
1891	9886
1891	9403
1891	10256
1891	11109
1891	9575
1891	10189
1891	10008
1891	10115
1891	9850
1891	9818
1891	8988
1891	9351
1891	9710
1891	10233
1891	10179
1891	10575
1891	10818
1891	9698
1891	11211
1891	9101
1891	10169
1891	9077
1891	10286
1891	9153
1891	9301
1891	8713
1891	11242
1891	8616
1891	8988
1891	10185
1891	11092
1891	9194
1891	10376
1891	10536
1891	9345
1891	10083
1891	9817
1891	9206
1891	8910
1891	8678
1891	9621
1891	10830
1891	10613
1891	9416
1891	8910
1891	9358
1891	9101
1891	8740
1891	9596
1891	9432
1891	10463
1891	10266
1891	10425
1891	9309
1891	10138
1891	9797
1891	10749
1891	9438
1891	8097
1891	9980
1891	9385
1891	9328
1891	9763
1891	9067
1891	10429
1891	9509
1891	10299
1891	8811


melhor e media

2384	10906
2179	11039
2171	9951
2168	7654
2167	7398
2166	8201
2163	7287
2163	8378
2163	8759
2163	10055
2163	9008
2163	9518
2163	8789
2119	8015
2119	9397
2119	10020
2119	9942
2081	10011
2081	9172
2025	10165
2025	10719
2024	11081
2024	12308
2024	11748
2023	11220
2017	11870
2017	11247
2017	12748
1987	12149
1987	14010
1987	12808
1987	12287
1987	12439
1987	13855
1987	11843
1987	11189
1987	11392
1987	10466
1987	12246
1987	11791
1987	12806
1987	13157
1987	11146
1987	13192
1987	13528
1987	13572
1932	11194
1932	10875
1932	10305
1932	9841
1932	10030
1932	10194
1932	10161
1932	10737
1932	10509
1932	9732
1932	9784
1932	11469
1932	11233
1932	11751
1932	11049
1932	12827
1932	10700
1932	11211
1932	9962
1932	10319
1932	10977
1932	11047
1932	10541
1932	11198
1932	10590
1932	9437
1932	10032
1932	10925
1932	10499
1932	11818
1932	12527
1925	10745
1925	12481
1925	13779
1925	10083
1925	11673
1925	12011
1925	12402
1925	10275
1925	11892
1925	11765
1925	10078
1925	11691
1925	11771
1925	11314
1925	11447
1925	11497
1925	10294
1925	9903
1925	10868
1925	11879
1925	11811
1925	10421
1925	11857
1925	11593
1925	11360
1925	11728
1925	12101
1925	10400
1925	11312
1925	11283
1925	10910
1925	11204
1925	12579
1925	10784
1925	11151
1925	12288
1925	12056
1925	12766
1925	13455
1925	11688
1925	11149
1925	10743
1925	11050
1925	11715
1925	10774
1925	10856
1925	12415
1925	12677
1925	10138
1925	11687
1925	9828
1925	10317
1925	11911
1925	11639
1925	11244
1925	9181
1925	9643
1925	10665
1925	11312
1925	9333
1925	10562
1925	10119
1925	10362
1925	12465
1925	13132
1925	11991
1925	10824
1925	11052
1925	11901
1925	11268
1925	12146
1925	10830
1925	12854
1925	11442
1925	11719
1925	11070
1925	11720
1925	11744
1925	12531
1925	10643
1925	11326
1925	11400
1925	12315
1925	11570
1925	10488
1925	12760
1925	11252
1925	13015
1925	11713
1925	10934
1925	10949
1925	9778
1925	10347
1925	10821
1925	11966
1925	12200
1925	11863
1925	10800
1925	10632
1925	10579
1925	10963
1925	11657
1925	9804
1925	10503
1925	10075
1925	10697
1925	10662
1925	11308
1925	11533
1925	11807
1925	12387
1925	11903
1925	12216
1925	11655
1925	11060
1925	10814
1925	11901
1925	12464
1925	11634
1925	11782
1925	13179
1925	11178
1925	10995
1925	9937
1925	10718
1925	10842
1925	10849
1925	12063
1925	11757
1925	10890
1925	11086
1925	10296
1925	10715
1925	11524
1925	11664
1925	10797
1925	10889
1925	11763
1925	10057
1925	10655
1925	12763
1925	12131
1925	11755
1925	12370
1925	11645
1925	11121
1925	11099
1925	11566
1925	12086
1925	10758
1925	10422
1925	10740
1925	9683
1925	10551
1925	10539
1925	10547
1925	11227
1925	11655
1925	10238
1925	11025
1925	10462
1925	8896
1925	9541
1925	12526
1925	10993
1925	9927
1925	10566
1925	10221
1925	11545
1925	10110
1925	11011
1925	12234
1925	12179
1925	11444
1925	11347
1925	10365
1925	10506
1925	11364
1925	11038
1925	10998
1925	10409
1925	10385
1925	9983
1925	12086
1925	10711
1925	10698
1925	10263
1925	11774
1925	10689
1925	10645
1925	10678
1925	10365
1925	9274
1925	10539
1925	12602
1925	13492
1925	11781
1925	10461
1925	11147
1925	10695
1925	11652
1925	11606
1925	10857
1925	11956
1925	10825
1925	9878
1925	10362
1925	12964
1925	11009
1925	10634
1925	10342
1925	10368
1925	10290
1925	11347
1925	10593
1925	10415
1925	11763
1925	11618
1925	10639
1925	11555
1925	12096
1925	13137
1925	10741
1925	12509
1925	9987
1925	10664
1925	11874
1925	13248
1925	11468
1925	11857
1925	11233
1925	11391
1925	12116
1925	11212
1925	10131
1925	11865
1925	11653
1925	10421
1925	9755
1925	11390
1925	12777
1925	10593
1925	9780
1925	11752
1925	13611
1925	11341
1925	10873
1925	10075
1925	9658
1925	9732
1925	10879
1925	10411
1925	11082
1925	11505
1925	11435
1925	12454
1925	11825
1925	11088
1925	11809
1925	10176
1925	10001
1925	11849
1925	10770
1925	11026
1925	11289
1925	9273
1925	10924
1925	11036
1925	11296
1925	11582
1925	10570
1925	9723
1925	11263
1925	12474
1925	10698
1925	10841
1925	10448
1925	11398
1925	10654
1925	11785
1925	11033
1925	10525
1925	10114
1925	10475
1925	11991
1925	10276
1925	10882
1925	11325
1925	11118
1925	10794
1925	11748
1925	10716
1925	12115
1925	13047
1925	12936
1925	12987
1925	13413
1925	12443
1925	11973
1925	10834
1925	10720
1925	11778
1925	11571
1925	10974
1925	10263
1925	11040
1925	12263
1925	12283
1925	10644
1925	10761
1925	12983
1925	11480
1925	10011
1925	13078
1925	11421
1925	10224
1925	9970
1925	9589
1925	11344
1925	11296
1925	12385
1925	10871
1925	10639
1925	10468
1925	10641
1925	11756
1925	12842
1925	11217
1925	12653
1925	10272
1925	10411
1925	9927
1925	12203
1925	11864
1925	11458
1925	9977
1925	11861
1925	11360
1925	11116
1925	11177
1925	10628
1925	11323
1925	10055
1925	11226
1925	10767
1925	11722
1925	12001
1925	12002
1925	10764
1925	11752
1925	11459
1925	11849
1925	10131
1925	12042
1925	12709
1925	12467
1925	11166
1925	11837
1925	13688
1925	12217
1925	10873
1925	11461
1925	11626
1925	11168
1925	10494
1925	10861
1925	12443
1925	11296
1925	10011
1925	10312
1925	10897
1925	12176
1925	9987
1925	9932
1925	11285
1925	9591
1925	10583
1925	10476
1925	10997
1925	11717
1925	10879
1925	9877
1925	12306
1925	11260
1925	11298
1925	11447
1925	10315
1925	11751
1925	11521
1925	10660
1925	10059
1925	10014
1925	9933
1925	10926
1925	11152
1925	10064
1925	10107
1925	13436
1925	12272
1925	12010
1925	11924
1925	10779
1925	10617
1925	10699
1925	10144
1925	9378
1925	10798
1925	10664
1925	12511
1925	12977
1925	12619
1925	11922
1925	10933
1925	11216
1925	12348
1925	10748
1925	9448
1925	9683
1925	9387
1925	10440
1925	10034
1925	11174
1925	11512
1925	9407
1925	10648
1925	10576
1925	10792
1925	10430
1925	11291
1925	11158
1925	11217
1925	11275
1925	11665
1925	12312
1925	10690
1925	11141
1925	11698
1925	11335
1925	10577
1925	11955
1925	10210
1925	10153
1925	10790
1925	9563
1925	10550
1925	10526
1925	9468
1925	9367
1925	9655
1925	10590
1925	11620
1925	10577
1925	10153
1925	12346
1925	11774
1925	12668
1925	9318
1925	10797
1925	12383
1925	12212
1925	10827
1925	11521
1925	13605
1925	12024
1925	11601
1925	11755
1925	10722
1925	10603
1925	10687
1925	10990
1925	11733
1925	13077
1925	10523
1925	10961
1925	9990
1925	10260
1925	10759
1925	9790
1925	10789
1925	11193
1925	10957
1925	10862
1925	10226
1925	11388
1925	10774
1925	11454
1925	10590
1925	11488
1925	10418
1925	10416
1925	11360
1925	10990
1925	10354
1925	11367
1925	11638
1925	11256
1925	11980
1925	11375
1925	11187
1925	11416
1925	10696
1925	11338
1925	11037
1925	10344
1925	11734
1925	11698
1925	11185
1925	10443
1925	11914
1925	10680
1925	10923
1925	11101
1925	10521
1925	10468
1925	10502
1925	11171
1925	9989
1925	10465
1925	13195
1925	11731
1925	11150
1925	12906
1925	11040
1925	11289
1925	10697
1925	10530
1925	9363
1925	11914
1925	10272
1925	11009
1925	10388
1925	10748
1925	11876
1925	12360
1925	10874
1925	10250
1925	10088
1925	11806
1925	11582
1925	11228
1925	11331
1925	11659
1925	10217
1925	11699
1925	12698
1925	11168
1925	11839
1925	10277
1925	11582
1925	11419
1925	11733
1925	10851
1925	11029
1925	12636
1925	12473
1925	11811
1925	10929
1925	11832
1925	12443
1925	9858
1925	10371
1925	11155
1925	12302
1925	10816
1925	10505
1925	9818
1925	10916
1925	12323
1925	10870
1925	10870
1925	10696
1925	11207
1925	11381
1925	12372
1925	13004
1925	12541
1925	11894
1925	12003
1925	10321
1925	9556
1925	10892
1925	11634
1925	13058
1925	11414
1925	12376
1925	11872
1925	12549
1925	10888
1925	11869
1925	12265
1925	12935
1925	10815
1925	11432
1925	10794
1925	11753
1925	11727
1925	10149
1925	10062
1925	10366
1925	11225
1925	10566
1925	10553
1925	10068
1925	12152
1925	9606
1925	10427
1925	10622
1925	11797
1925	10340
1925	10251
1925	11485
1925	10998
1925	11310
1925	11657
1925	11744
1925	11221
1925	13052
1925	10423
1925	9662
1925	9359
1925	9645
1925	10466
1925	10647
1925	11227
1925	11806
1925	11727
1925	12770
1925	11196
1925	13619
1925	10961
1925	10865
1925	11981
1925	11882
1925	12696
1925	11758
1925	10747
1925	11507
1925	10362
1925	10647
1925	10976
1925	10606
1925	10886
1925	11157
1925	10983
1925	11009
1925	10215
1925	9738
1925	11999
1925	11269
1925	10541
1925	9784
1925	9645
1925	13029
1925	12496
1925	12519
1925	11243
1925	11965
1925	11335
1925	11094
1925	10830
1925	11383
1925	10620
1925	10988
1925	11964
1925	12084
1925	10453
1925	10071
1925	10500
1925	10613
1925	9632
1925	11403
1925	11418
1925	11470
1925	11216
1925	10579
1925	10153
1925	9942
1925	11172
1925	10812
1925	12376
1925	10657
1925	10933
1925	11176
1925	11830
1925	11890
1925	10119
1925	10378
1925	11079
1925	11301
1925	12099
1925	12023
1925	11373
1925	10471
1925	9689
1925	10748
1925	13399
1925	11881
1925	9572
1925	10573
1925	10927
1925	12186
1925	11666
1925	11431
1925	10579
1925	11869
1925	11546
1925	11013
1925	10952
1925	10617
1925	10869
1925	11640
1925	9748
1925	11199
1925	8757
1925	10473
1925	10994
1925	11618
1925	11420
1925	12741
1925	11403
1925	11761
1925	10914
1925	12141
1925	9952
1925	10356
1925	11414
1925	10450
1925	11665
1925	10857
1925	10850
1925	10691
1925	10777
1925	12154
1925	10397
1925	13137
1925	12313
1925	12669
1925	11263
1925	9501
1925	9361
1925	11090
1925	11880
1925	11488
1925	10829
1925	9767
1925	9842
1925	12802
1925	10268
1925	9630
1925	10799
1925	11559
1925	10048
1925	10847
1925	11257
1925	11523
1925	10213
1925	10085
1925	10527
1925	11935
1925	11806
1925	12925
1925	12328
1925	12734
1925	11670
1925	11404
1925	12040
1925	12431
1925	9495
1925	12945
1925	11101
1925	10972
1925	10393
1925	10768
1925	10211
1925	11134
1925	10752
1925	12172
1925	11166
1925	11518
1925	10506
1925	11199
1925	11260
1925	11647
1925	9789
1925	9752
1925	11463
1925	12265
1925	11698
1925	10788
1925	10533
1925	9864
1925	10571
1925	10641
1925	10893
1925	12093
1925	11784
1925	10580
1925	11388
1925	10103
1925	10477
1925	10564
1925	10643
1925	11100
1925	11748
1925	11956
1925	11525
1925	10065
1925	10718
1925	11102
1925	10136
1925	11008
1925	11751
1925	9568
1925	9804
1925	9604
1925	10027
1925	11537
1925	10547
1925	11808
1925	12162
1925	11241
1925	11561
1925	12068
1925	10946
1925	9557
1925	9962
1925	11291
1925	11206
1925	11447
1925	11711
1925	12000
1925	10667
1925	11055
1925	11510
1925	10362
1925	10797
1925	12684
1925	11818
1925	11454
1925	11027
1925	10900
1925	9760
1925	10408
1925	11293
1925	11430
1925	11110
1925	13146
1925	10953
1925	9647
1925	11514
1925	10929
1925	11822
1925	9879
1925	10064
1925	10918
1925	10015
1925	10938
1925	10301
1925	11840
1925	10786
1925	12113
1925	11679
1925	12054
1925	11153
1925	11890
1925	11312
1925	12090
1925	10643
1925	11311
1925	12007
1925	11411
1925	10719
1925	10981
1925	11803
1925	11841
1925	10884
1925	10579
1925	12439
1925	11175
1925	10836
1925	11436
1925	10387
1925	11219
1925	10213
1925	10306
1925	11689
1925	10220
1925	12533
1925	12885
1925	11335
1925	10699
1925	11330
1925	10393
1925	11421
1925	12043
1925	10881
1925	11595
1925	11350
1925	11843
1925	11063
1925	12076
1925	11688
1925	10863
1925	10477
1925	10855
1925	10109
1925	9715
1925	9483
1925	11233
1925	11347
1925	10876
1925	11652
1925	9155
1925	11384
1925	11193
1925	9608
1925	11390
1925	11150
1925	11326
1925	10538
1925	9385
1925	10347
1925	10901


melhor e media

2124	10098
2124	8611
2124	9232
2085	7821
2074	7791
2000	7422
1998	8625
1998	9322
1958	10688
1958	9352
1958	9200
1958	8896
1958	11441
1958	11394
1958	11415
1932	11079
1932	10502
1932	10335
1932	10822
1932	11845
1932	12080
1932	12697
1932	11834
1932	12339
1932	11943
1932	12372
1932	11667
1932	8916
1932	11387
1932	10461
1932	11297
1932	11207
1932	9576
1932	11286
1932	11476
1932	12442
1932	12286
1932	11091
1932	12358
1932	9922
1932	11049
1932	11692
1932	10303
1932	10593
1932	10274
1932	11693
1932	11413
1932	10800
1932	9828
1932	9966
1932	11339
1932	10663
1932	11035
1932	12270
1932	11735
1932	10671
1932	11621
1932	11165
1932	10504
1932	11087
1932	10590
1932	11900
1932	11388
1932	9948
1932	11008
1932	11390
1932	12121
1932	9936
1932	10254
1932	11842
1932	10933
1932	9777
1932	10090
1932	11521
1932	10901
1932	9847
1932	10615
1932	10213
1932	10388
1932	11380
1932	11270
1932	11507
1932	10221
1932	11763
1932	11132
1932	10238
1932	10410
1932	10837
1932	12389
1932	11188
1932	10828
1932	11025
1932	10951
1932	10468
1932	11380
1932	11046
1932	9628
1932	9508
1932	10915
1932	11085
1932	11462
1932	11678
1932	10343
1932	10246
1932	11914
1932	11615
1932	10339
1932	9891
1932	10858
1932	10849
1932	10728
1932	11490
1932	10793
1932	11228
1932	13284
1932	11801
1932	11717
1932	10504
1932	10010
1932	11794
1932	10987
1932	11207
1932	10613
1932	11502
1932	12244
1932	11750
1932	10065
1932	10909
1932	11024
1932	10211
1932	10432
1932	9788
1932	10555
1932	10349
1932	12708
1932	10963
1932	10940
1932	12024
1932	12195
1932	11849
1932	11628
1932	11229
1932	10980
1932	9581
1932	9698
1932	10735
1932	10373
1932	10134
1932	10157
1932	10434
1932	9322
1932	9546
1932	10382
1932	11449
1932	10797
1932	12094
1932	11446
1932	11514
1932	10316
1932	10343
1932	10813
1932	12825
1932	10812
1932	9863
1932	10040
1932	10918
1932	11919
1932	12911
1932	10212
1932	11159
1932	11571
1932	10933
1932	11514
1932	10570
1932	12676
1932	11040
1932	11572
1932	11198
1932	10591
1932	9876
1932	12236
1932	11738
1932	12273
1932	11513
1932	10824
1932	10699
1932	11564
1932	11270
1932	11001
1932	9757
1932	10481
1932	10490
1932	10997
1932	11156
1932	11335
1932	11484
1932	9713
1932	11943
1932	11873
1932	10916
1932	10020
1932	11308
1932	11391
1932	12230
1932	11343
1932	11946
1932	10777
1932	11745
1932	11798
1932	11625
1932	11363
1932	12406
1932	11433
1932	11681
1932	10436
1932	9959
1932	10813
1932	11034
1932	11063
1932	12103
1932	11274
1932	12142
1932	11650
1932	11230
1932	9999
1932	11175
1932	10624
1932	12463
1932	10969
1932	9122
1932	10191
1932	11128
1932	9950
1932	9766
1932	10304
1932	11570
1932	10587
1932	8920
1932	9653
1932	12119
1932	10503
1932	9989
1932	11026
1932	9698
1932	10313
1932	11355
1932	11516
1932	11126
1932	10292
1932	10961
1932	12167
1932	11815
1932	11056
1932	12599
1932	11444
1932	11064
1932	9979
1932	11150
1932	11246
1932	11556
1932	11124
1932	11742
1932	12977
1932	11198
1932	9955
1932	11826
1932	11809
1932	10612
1932	10006
1932	11337
1932	11058
1932	10921
1932	11532
1932	10869
1932	11073
1932	10421
1932	11218
1932	11184
1932	12175
1932	11939
1932	11606
1932	11370
1932	9359
1932	12113
1932	10134
1932	10907
1932	11864
1932	10425
1932	10552
1932	9912
1932	10610
1932	12564
1932	12926
1932	12454
1932	12947
1932	11080
1932	10403
1932	10489
1932	10591
1932	10283
1932	10355
1932	11596
1932	10628
1932	12666
1932	10496
1932	10482
1932	11330
1932	11247
1932	10576
1932	10527
1932	11540
1932	10628
1932	10367
1932	11484
1932	11298
1932	10639
1932	11047
1932	12276
1932	12700
1932	10943
1932	11510
1932	12593
1932	10602
1932	10435
1932	11517
1932	11008
1932	12859
1932	12008
1932	12400
1932	10667
1932	11469
1932	12520
1932	11187
1932	11688
1932	10835
1932	10270
1932	11532
1932	11220
1932	10921
1932	10577
1932	10152
1932	10402
1932	10942
1932	11241
1932	10761
1932	9230
1932	12415
1932	12376
1932	11825
1932	9576
1932	10382
1932	11007
1932	10277
1932	12004
1932	11615
1932	10849
1932	9622
1932	11735
1932	11372
1932	11825
1932	12196
1932	11343
1932	10891
1932	10665
1932	12452
1932	11820
1932	10943
1932	11848
1932	11735
1932	11044
1932	9969
1932	11805
1932	12101
1932	11174
1932	10894
1932	10965
1932	12182
1932	10243
1932	11432
1932	12019
1932	11483
1932	9868
1932	10809
1932	10321
1932	9551
1932	9220
1932	11853
1932	11613
1932	12057
1932	9917
1932	10068
1932	11086
1932	10993
1932	10019
1932	11315
1932	10847
1932	9594
1932	10508
1932	11147
1932	11331
1932	10872
1932	10841
1932	12621
1932	13052
1932	12401
1932	11729
1932	12027
1932	11313
1932	11694
1932	10223
1932	11331
1932	12031
1932	11667
1932	12118
1932	10631
1932	10864
1932	11434
1932	10672
1932	11031
1932	11519
1932	11832
1932	11781
1932	12055
1932	11589
1932	10640
1932	10220
1932	9254
1932	10962
1932	9833
1932	11427
1932	12282
1932	10447
1932	11853
1932	13255
1932	10749
1932	10704
1932	11562
1932	10483
1932	11064
1932	11377
1932	12083
1932	11227
1932	11814
1932	10217
1932	11230
1932	12613
1932	13080
1932	11443
1932	10178
1932	10433
1932	11452
1932	8872
1932	9917
1932	10640
1932	9838
1925	10191
1925	10481
1925	11881
1925	11221
1925	11817
1925	11788
1925	11279
1925	10311
1925	10825
1925	11717
1925	10998
1925	10616
1925	11656
1925	9269
1925	9923
1925	11239
1925	10883
1925	10623
1925	11390
1925	10339
1925	10503
1925	10888
1925	10562
1925	12962
1925	11698
1925	11271
1925	12411
1925	11931
1925	12376
1925	10944
1925	12445
1925	12096
1925	11020
1925	11926
1925	11627
1925	11220
1925	11582
1925	12735
1925	11112
1925	11759
1925	10551
1925	9700
1925	10774
1925	10658
1925	11906
1925	12048
1925	10194
1925	10118
1925	11800
1925	11257
1925	11753
1925	11689
1925	10728
1925	10539
1925	11795
1925	11380
1925	11349
1925	12068
1925	11441
1925	11143
1925	11904
1925	12812
1925	11199
1925	11252
1925	11294
1925	11908
1925	11951
1925	10449
1925	11389
1925	10826
1925	11036
1925	9980
1925	10616
1925	11887
1925	11290
1925	12931
1925	12144
1925	11231
1925	12398
1925	12012
1925	11326
1925	11822
1925	11889
1925	10142
1925	11040
1925	10441
1925	10840
1925	10347
1925	11022
1925	11733
1925	12170
1925	11681
1925	12600
1925	11910
1925	10731
1925	12400
1925	11292
1925	12508
1925	11433
1925	11082
1925	11693
1925	11024
1925	12496
1925	10180
1925	11611
1925	11973
1925	11404
1925	11258
1925	10519
1925	12276
1925	11578
1925	11429
1925	12468
1925	11814
1925	11595
1925	10666
1925	11031
1925	12691
1925	12192
1925	12818
1925	10212
1925	9638
1925	9328
1925	10102
1925	10895
1925	10569
1925	10963
1925	12783
1925	11329
1925	10711
1925	10103
1925	9999
1925	10884
1925	12283
1925	11969
1925	12201
1925	11249
1925	12298
1925	10788
1925	10371
1925	10731
1925	11729
1925	12587
1925	12956
1925	10662
1925	11933
1925	11340
1925	11712
1925	12318
1925	11906
1925	11388
1925	12030
1925	12886
1925	11422
1925	12545
1925	12227
1925	10892
1925	12598
1925	12520
1925	12344
1925	10611
1925	10491
1925	11463
1925	10063
1925	10064
1925	9877
1925	9559
1925	10553
1925	9489
1925	10610
1925	10584
1925	11257
1925	12218
1925	11029
1925	11378
1925	12504
1925	12060
1925	8883
1925	11088
1925	11460
1925	11439
1925	10753
1925	12053
1925	11047
1925	10738
1925	10725
1925	10540
1925	10988
1925	11155
1925	10442
1915	12906
1915	12350
1915	13026
1915	13365
1915	14758
1915	14331
1915	13113
1915	12733
1915	13295
1915	13084
1915	15028
1915	14155
1915	12302
1915	12585
1915	14580
1915	14697
1915	14393
1915	15100
1915	13757
1915	13545
1915	12894
1915	12321
1915	12437
1915	12629
1915	13519
1915	14656
1915	14431
1915	14280
1915	15246
1915	13641
1915	13292
1915	14551
1915	14244
1915	13891
1915	14377
1915	15261
1915	14152
1915	14881
1915	14217
1915	13856
1915	14416
1915	13247
1915	13603
1915	14071
1915	15358
1915	13735
1915	14782
1915	13837
1915	11482
1915	12992
1915	12273
1915	12226
1915	13708
1915	13422
1915	14447
1915	13343
1915	13410
1915	14792
1915	13679
1915	13409
1915	14892
1915	14795
1915	13995
1915	12858
1915	13601
1915	13627
1915	13387
1915	13189
1915	14012
1915	15701
1915	12884
1915	13356
1915	13406
1915	14487
1915	14244
1915	14016
1915	13522
1915	12217
1915	13909
1915	13267
1915	14218
1915	12640
1915	13056
1915	13552
1915	13858
1915	14046
1915	14070
1915	13259
1915	15055
1915	13128
1915	13924
1915	14743
1915	13198
1915	15411
1915	14246
1915	14358
1915	15002
1915	13414
1915	14568
1915	14423
1915	12593
1915	12507
1915	14705
1915	14367
1915	12524
1915	13812
1915	13357
1915	13664
1915	13285
1915	13172
1915	13496
1915	14382
1915	12443
1915	14565
1915	14171
1915	14412
1915	12813
1915	14405
1915	15103
1915	12809
1915	13278
1915	13078
1915	13518
1915	13296
1915	13865
1915	13365
1915	12624
1915	14580
1915	12431
1915	14499
1915	13732
1915	14536
1915	14735
1915	14410
1915	12813
1915	12399
1915	13917
1915	14305
1915	14055
1915	13439
1915	12529
1915	14575
1915	12629
1915	13727
1915	13221
1915	12091
1915	13966
1915	13824
1915	13251
1915	15796
1915	12963
1915	14376
1915	14611
1915	13778
1915	13613
1915	14182
1915	15069
1915	15315
1915	14234
1915	13748
1915	11853
1915	13938
1915	12498
1915	13852
1915	14554
1915	13255
1915	15833
1915	11317
1915	13170
1915	11543
1915	14241
1915	13587
1915	13308
1915	13994
1915	13902
1915	11596
1915	12213
1915	12710
1915	13022
1915	13439
1915	13651
1915	12173
1915	12029
1915	13281
1915	13251
1915	11723
1915	12510
1915	12075
1915	12831
1915	12304
1915	12285
1915	13845
1915	13837
1915	13420
1915	14500
1915	14616
1915	13789
1915	14192
1915	14074
1915	13418
1915	14377
1915	15078
1915	14188
1915	13907
1915	13548
1915	13605
1915	12853
1915	12468
1915	11915
1915	14985
1915	14418
1915	14013
1915	13441
1915	14770
1915	13582
1915	13384
1915	14438
1915	14877
1915	14440
1915	16249
1915	13410
1915	14577
1915	13895
1915	13206
1915	12866
1915	13059
1915	12918
1915	11733
1915	11958
1915	12852
1915	13530
1915	13294
1915	15265
1915	14243
1915	13839
1915	14724
1915	13036
1915	13852
1915	13166
1915	14495
1915	12769
1915	14944
1915	13899
1915	13175
1915	14071
1915	13653
1915	13228
1915	11641
1915	14803
1915	12401
1915	12478
1915	12480
1915	13927
1915	14298
1915	13449
1915	13343
1915	13191
1915	13993
1915	12602
1915	12586
1915	13839
1915	13302
1915	12679
1915	12414
1915	11998
1915	12553
1915	12621
1915	14294
1915	14777
1915	14771
1915	12842
1915	12312
1915	12797
1915	14744
1915	13225
1915	14910
1915	13309
1915	13476
1915	14461
1915	13612
1915	14189
1915	13755
1915	12833
1915	13096
1915	14334
1915	13906
1915	15050
1915	13056
1915	13935
1915	14117
1915	13749
1915	14738
1915	13785
1915	14282
1915	16433
1915	13605
1915	13743
1915	14930
1915	12989
1915	13855
1915	13841
1915	13831
1915	15406
1915	14169
1915	13252
1915	12363
1915	12005
1915	12262
1915	14379
1915	12196
1915	13570
1915	12893
1915	12657
1915	12475
1915	13554
1915	14376
1915	13337
1915	13386
1915	13298
1915	13357
1915	14380
1915	15328
1915	15287
1915	14005
1915	12356
1915	12319
1915	14251
1915	14079
1915	14139
1915	12713
1915	12990
1915	13198
1915	13672
1915	12808
1915	13093
1915	13727
1915	14757
1915	13390
1915	12957
1915	13598
1915	15057
1915	13283
1915	13505
1915	12997
1915	14035
1915	14025
1915	13113
1915	12478
1915	14141
1915	14564
1915	13648
1915	13280
1915	12505
1915	11676
1915	14148


melhor e media

2211	9595
2183	9410
2183	9345
2183	8465
2183	7755
2167	8346
2167	8142
2091	8021
2091	7470
2091	7010
2091	7808
2091	8082
2091	6257
2091	7072
2091	7514
2053	7281
2053	7731
2016	8216
2016	8832
2016	7601
2016	7432
2016	7594
2016	6910
2016	8479
2016	7534
2016	8521
2016	8066
2016	6883
2016	8738
2016	8348
2016	7085
2016	7364
2016	6434
2016	7319
2016	7572
2016	6976
2016	7806
2016	8562
2016	8722
2016	8765
2016	7154
2016	7841
2016	8466
2016	8397
2016	7728
2016	8387
2016	7848
2016	8334
2016	8126
2016	7326
2016	7462
1958	7683
1958	9933
1958	10963
1958	9382
1932	10152
1932	10252
1932	11830
1932	10783
1932	11858
1932	9589
1932	10569
1932	11145
1932	10138
1932	10476
1932	9889
1932	10290
1932	10781
1932	11914
1932	10947
1932	10940
1932	11389
1932	12333
1932	11887
1932	11579
1932	11294
1932	12085
1932	11837
1932	10131
1932	11250
1932	11531
1932	10579
1932	11632
1932	10304
1932	10321
1932	11768
1932	10458
1932	10708
1932	10584
1932	11257
1932	10470
1932	11357
1932	10590
1932	10986
1932	10769
1932	11087
1932	10666
1932	10760
1932	9407
1932	11717
1932	11089
1932	11631
1932	10941
1932	10531
1932	11438
1932	9811
1932	10015
1932	10619
1932	11323
1932	10754
1932	10579
1932	10218
1932	11014
1932	13082
1932	11544
1932	9922
1932	10197
1932	8844
1932	10964
1932	13455
1932	11210
1932	11877
1932	10500
1932	10382
1932	10664
1932	13649
1932	12833
1932	12658
1932	11935
1932	11113
1932	11845
1932	10074
1932	11070
1932	11161
1932	11033
1932	11066
1932	11734
1932	10822
1932	11922
1932	10705
1932	12648
1932	11234
1932	10601
1932	11039
1932	11863
1932	12021
1932	9718
1932	11404
1932	11009
1932	11880
1932	9784
1932	11385
1932	10456
1932	9731
1932	11105
1932	11055
1932	11474
1932	11317
1932	9972
1932	12471
1932	12061
1932	11897
1932	11041
1932	11431
1932	11870
1932	11708
1932	10474
1932	9235
1932	10142
1932	11194
1932	10159
1932	10977
1932	10384
1932	10807
1932	11900
1932	12424
1932	12230
1932	12971
1932	11081
1932	12099
1932	13377
1932	10636
1932	10519
1932	10514
1932	11480
1932	13124
1932	11859
1932	12298
1932	11234
1932	11476
1932	11904
1932	10991
1932	11359
1932	12066
1932	11157
1932	10736
1932	11523
1932	12797
1932	11418
1932	11238
1932	10887
1932	10739
1932	11150
1932	9393
1932	11110
1932	11659
1932	11932
1932	10454
1932	11947
1932	11626
1932	11514
1932	11585
1932	12337
1932	11742
1932	10922
1932	11391
1932	10677
1932	11643
1932	10075
1932	10119
1932	12711
1932	11991
1932	12049
1932	12635
1932	11702
1932	13115
1932	12036
1932	11273
1932	10693
1932	12381
1932	13360
1932	11851
1932	11246
1932	11162
1932	10065
1932	9204
1932	9867
1932	10472
1932	11337
1932	10339
1932	10279
1932	10696
1932	10802
1932	12600
1932	11452
1932	10507
1932	12451
1932	11095
1932	9504
1932	10538
1932	9767
1932	11112
1932	10359
1932	11801
1932	11010
1932	13225
1932	13197
1932	12072
1932	11195
1932	12033
1932	12385
1932	13503
1932	12360
1932	11575
1932	10615
1932	10434
1932	12025
1932	13087
1932	11345
1932	10332
1932	10460
1932	10974
1932	12264
1932	11115
1932	9163
1932	11924
1932	10753
1932	9847
1932	10688
1932	11626
1932	11096
1932	11388
1932	9544
1932	10619
1932	10974
1932	9716
1932	9420
1932	8418
1932	9906
1932	9748
1932	10583
1932	10789
1932	10092
1932	10426
1932	11713
1932	12018
1932	11753
1932	11495
1932	11554
1932	9436
1932	9210
1932	10133
1932	10133
1932	12181
1932	10127
1932	11699
1932	11985
1932	13025
1932	10198
1932	11062
1932	11095
1932	9863
1932	9861
1932	10721
1932	10689
1932	10213
1932	9723
1932	10386
1932	10736
1932	11968
1932	10991
1932	9299
1932	8821
1932	11683
1932	10727
1932	9794
1932	10447
1932	9506
1932	12947
1932	11750
1932	11262
1932	11933
1932	9930
1932	11441
1932	11761
1932	11888
1932	9776
1932	9670
1932	9882
1932	10226
1932	9224
1932	10883
1932	12359
1932	11611
1932	9757
1932	10782
1932	11521
1932	11502
1932	12232
1932	11129
1932	11686
1932	10888
1932	9849
1932	9401
1932	10633
1932	9080
1932	11791
1932	10721
1932	10160
1932	10755
1932	9589
1932	11141
1932	12467
1932	9680
1932	11156
1932	10318
1932	10910
1932	10133
1932	9914
1932	10518
1932	10805
1932	10561
1932	9945
1932	10228
1932	9670
1932	10321
1932	10387
1932	10658
1932	10375
1932	11639
1932	9917
1932	10952
1932	9392
1932	10073
1932	10407
1932	9264
1932	10025
1932	10710
1932	10936
1932	10207
1932	10071
1932	10430
1932	10152
1932	9238
1932	10890
1932	11035
1932	10999
1932	10684
1932	10511
1932	9649
1932	11082
1932	9837
1932	10147
1932	10334
1932	11572
1932	10708
1932	10733
1932	11197
1932	10071
1932	10119
1932	9740
1932	12054
1932	10833
1932	10116
1932	10468
1932	11092
1932	10965
1932	11719
1932	9860
1932	10905
1932	12118
1932	10758
1932	9554
1932	10536
1932	9820
1932	9617
1932	11478
1932	9791
1932	8437
1932	9946
1932	10409
1932	10087
1932	10582
1932	11722
1932	12266
1932	10282
1932	9521
1932	10327
1932	11359
1932	10771
1932	11270
1932	11407
1932	11475
1932	10949
1932	11245
1932	10290
1932	9911
1932	9899
1932	10485
1932	12504
1932	11073
1932	10884
1932	10176
1932	10542
1932	9691
1932	10984
1932	10554
1932	11732
1932	9714
1932	11369
1932	9460
1932	10921
1932	11212
1932	10567
1932	11276
1932	12007
1932	11385
1932	8925
1932	10230
1932	9679
1932	11169
1932	11756
1932	11685
1932	11608
1932	11430
1932	10635
1932	10650
1932	11380
1932	10109
1932	9538
1932	11864
1932	10722
1932	10464
1932	10956
1932	10056
1932	9755
1932	9535
1932	9943
1932	11605
1932	11019
1932	10788
1932	11609
1932	10403
1932	10428
1932	12053
1925	13026
1925	11093
1925	11361
1925	9966
1925	9627
1925	11256
1925	10348
1925	10437
1925	11817
1925	12413
1925	13719
1925	14022
1925	13449
1925	12174
1925	11904
1925	11715
1925	11711
1925	11403
1925	10474
1925	12076
1925	10513
1925	11474
1925	10809
1925	10792
1925	11310
1925	11699
1925	12019
1925	11527
1925	12425
1925	12675
1925	12031
1925	11843
1925	11481
1925	12238
1925	12627
1925	11945
1925	11187
1925	12961
1925	12415
1925	10665
1925	11763
1925	11400
1925	12110
1925	11178
1925	10579
1925	10259
1925	11783
1925	11336
1925	10790
1925	12042
1925	12605
1925	9586
1925	9604
1925	11117
1925	11753
1925	12722
1925	11765
1925	11720
1925	10962
1925	12246
1925	12041
1925	11946
1925	12196
1925	10484
1925	11441
1925	9829
1925	11112
1925	10708
1925	12019
1925	12055
1925	11947
1925	11758
1925	12457
1925	10204
1925	11300
1925	12208
1925	10732
1925	11062
1925	11463
1925	10920
1925	10930
1925	12654
1925	12093
1925	10542
1925	11256
1925	11334
1925	11438
1925	11279
1925	11481
1925	10832
1925	10041
1925	11640
1925	11449
1925	11933
1925	11744
1925	11664
1925	11297
1925	10220
1925	10605
1925	9936
1925	10975
1925	11270
1925	12810
1925	10906
1925	10005
1925	10442
1925	11406
1925	11233
1925	11097
1925	11345
1925	11832
1925	10553
1925	10935
1925	9723
1925	12378
1925	10830
1925	9819
1925	10426
1925	12699
1925	11722
1925	12364
1925	11516
1925	10088
1925	11619
1925	12002
1925	10538
1925	10412
1925	11898
1925	11982
1925	10851
1925	12016
1925	12088
1925	11838
1925	9734
1925	10832
1925	9589
1925	10950
1925	11131
1925	10517
1925	9405
1925	9975
1925	10985
1925	10613
1925	11907
1925	12673
1925	11118
1925	10066
1925	11888
1925	11541
1925	10777
1925	10300
1925	9567
1925	11474
1925	11349
1925	12307
1925	11884
1925	11367
1925	13190
1925	11139
1925	11860
1925	11463
1925	10849
1925	12544
1925	10409
1925	9851
1925	10179
1925	11049
1925	11464
1925	9709
1925	11286
1925	11736
1925	9931
1925	12090
1925	11699
1925	10705
1925	10122
1925	10457
1925	10097
1925	9520
1925	13398
1925	12914
1925	8895
1925	10856
1925	11382
1925	10773
1925	9988
1925	10846
1925	10330
1925	10244
1925	12217
1925	9979
1925	10619
1925	12549
1925	11082
1925	11118
1925	12080
1925	11856
1925	11141
1925	10133
1925	9832
1925	11896
1925	11438
1925	11056
1925	11381
1925	9938
1925	9731
1925	9156
1925	11656
1925	11202
1925	10924
1925	10113
1925	10548
1925	11116
1925	11343
1925	12785
1925	11984
1925	9866
1925	10560
1925	11981
1925	10204
1925	11752
1925	11649
1925	12140
1925	12009
1925	12236
1925	10789
1925	12727
1925	11794
1925	11847
1925	10561
1925	10542
1925	11402
1925	10894
1925	9472
1925	8950
1925	9694
1925	9364
1925	11299
1925	10141
1925	10264
1925	10336
1925	10348
1925	10077
1925	11664
1925	12169
1925	11193
1925	11650
1925	9558
1925	10834
1925	12079
1925	11412
1925	10310
1925	9694
1925	10617
1925	10707
1925	10049
1925	10107
1925	10502
1925	10716
1925	11239
1925	11603
1925	12132
1925	11945
1925	11459
1925	10916
1925	10640
1925	11281
1925	10993
1925	12122
1925	11292
1925	11097
1925	10963
1925	10099
1925	9979
1925	10896
1925	11304
1925	10000
1925	10365
1925	11502
1925	9775
1925	11711
1925	11867
1925	11279
1925	11158
1925	10403
1925	10705
1925	10234
1925	10463
1925	10063
1925	10283
1925	11044
1925	11943
1925	13351
1925	10926
1925	11649
1925	10870
1925	10354
1925	10797
1925	12171
1925	10746
1925	9550
1925	12030
1925	10145
1925	10534
1925	9076
1925	10450
1925	11393
1925	10601
1925	9979
1925	10550
1925	10482
1925	8220
1925	10537
1925	10714
1925	12849
1925	11403
1925	11755
1925	11328
1925	10710
1925	10855
1925	10567
1925	10306
1925	9778
1925	10902
1925	10138
1925	9943
1925	10434
1925	11453
1925	11400
1925	11426
1925	10255
1925	10162
1925	10421
1925	10930
1925	13095
1925	11454
1925	11444
1925	11739
1925	11988
1925	9809
1925	11061
1925	11266
1925	12447
1925	11967
1925	11609
1925	10538
1925	9744
1925	10061
1925	10742
1925	10348
1925	9401
1925	11468
1925	10661
1925	12389
1925	11125
1925	11332
1925	10602
1925	10410
1925	12015
1925	11479
1925	11066
1925	11325
1925	10519
1925	10836
1925	10763
1925	11908
1925	11187
1925	11447
1925	13759
1925	12042
1925	11614
1925	11594
1925	9662
1925	10283
1925	12754
1925	11236
1925	12316
1925	10941
1925	10846
1925	11404
1925	9890
1925	10772
1925	12496
1925	11574
1925	9229
1925	11128
1925	9423
1925	9715
1925	9827
1925	10962
1925	11682
1925	10754
1925	9383
1925	10451
1925	12672
1925	9732
1925	11917
1925	11846
1925	10846
1925	11388
1925	11634
1925	11355
1925	10768
1925	9179
1925	9918
1925	9634
1925	10527
1925	10998
1925	8578
1925	9293
1925	9163
1925	10452
1925	10325
1925	9980
1925	11321
1925	11158
1925	10538
1925	9104
1925	10136
1925	10847
1925	11085
1925	12252
1925	11244
1925	11508
1925	12760
1925	12280
1925	10841
1925	11198
1925	10586
1925	9500
1925	10084
1925	11031
1925	12400
1925	12013
1925	10851
1925	10615
1925	10558
1925	10821
1925	10247
1925	9494
1925	10514
1925	10813
1925	9639
1925	10144
1925	10218
1925	10666
1925	10976
1925	10029
1925	11502
1925	11086
1925	10661
1925	10701
1925	12178
1925	12107
1925	10600
1925	11207
1925	9195
1925	9922
1925	10223
1925	11520
1925	10286
1925	8927
1925	10450
1925	13113
1925	13992
1925	10458
1925	11203
1925	9318
1925	10889
1925	10109
1925	10138
1925	11497
1925	10376
1925	11225
1925	10719
1925	10043
1925	10020
1925	11042
1925	11827
1925	11438
1925	12023
1925	11090
1925	11927
1925	11514
1925	10879
1925	11175
1925	10576
1925	10384
1925	10341
1925	10126
1925	11084
1925	11745
1925	11145
1925	11043
1925	11642
1925	11694
1925	11575
1925	11009
1925	10709
1925	10942
1925	11605
1925	11554
1925	11177
1925	11141
1925	10713


melhor e media

2673	11676
2673	8784
2673	10475
2626	9651
2239	7450
2171	10296
2171	11458
2167	6842
2163	8468
2163	8404
2163	8696
2163	9563
2163	9915
2163	10429
2163	8997
2162	9273
2037	10955
2037	10604
2037	9229
2037	10594
2037	11599
2037	12042
2037	11804
2037	11754
2037	12119
2037	11245
1956	9915
1956	11116
1956	10830
1925	10025
1925	12465
1925	11150
1925	10914
1925	10910
1925	9725
1925	11767
1925	10440
1925	11833
1925	10893
1925	11760
1925	10803
1925	12547
1925	11846
1925	9781
1925	9896
1925	11007
1925	10034
1925	10546
1925	9673
1925	10191
1925	10372
1925	10660
1925	9505
1925	11228
1925	12453
1925	10565
1925	9753
1925	10027
1925	11064
1925	9789
1925	11055
1925	11720
1925	12802
1925	10591
1925	11312
1925	10361
1925	12042
1925	10888
1925	10366
1925	11863
1925	10182
1925	11867
1925	10873
1925	10905
1925	10015
1925	9007
1925	10819
1925	11910
1925	13479
1925	13980
1925	11499
1925	12077
1925	10647
1925	12172
1925	11176
1925	11198
1925	9711
1925	11082
1925	11987
1925	11679
1925	10692
1925	11490
1925	11760
1925	12066
1925	10661
1925	10074
1925	11072
1925	10849
1925	12525
1925	11994
1925	11731
1925	10972
1925	12351
1925	11308
1925	11956
1925	11092
1925	9659
1925	11298
1925	10519
1925	10236
1925	11385
1925	12027
1925	12019
1925	10808
1925	10761
1925	11591
1925	12470
1925	11911
1925	11643
1925	11905
1925	11628
1925	11102
1925	11696
1925	11233
1925	12556
1925	11293
1925	10880
1925	10960
1925	9984
1925	11321
1925	10761
1925	11974
1925	11107
1925	13156
1925	10459
1925	12083
1925	12469
1925	11401
1925	11823
1925	9684
1925	9425
1925	10469
1925	11446
1925	10668
1925	11510
1925	11426
1925	12386
1925	13081
1925	11791
1925	12572
1925	11687
1925	11689
1925	11529
1925	11025
1925	10716
1925	11104
1925	11653
1925	11113
1925	11360
1925	10855
1925	11935
1925	12283
1925	12119
1925	11378
1925	11473
1925	12754
1925	10583
1925	10051
1925	10326
1925	10208
1925	11272
1925	10988
1925	11551
1925	10084
1925	12257
1925	11190
1925	11710
1925	11837
1925	12243
1925	12413
1925	10967
1925	10174
1925	11652
1925	10296
1925	11579
1925	11387
1925	10852
1925	11837
1925	11239
1925	11762
1925	11430
1925	11643
1925	11748
1925	10788
1925	11269
1925	10596
1925	11862
1925	10548
1925	10223
1925	9813
1925	10824
1925	9779
1925	11677
1925	12221
1925	10903
1925	10681
1925	11533
1925	11349
1925	10604
1925	12897
1925	11158
1925	11439
1925	10651
1925	12402
1925	12107
1925	11763
1925	12313
1925	11259
1925	10075
1925	11234
1925	10716
1925	10495
1925	11440
1925	12451
1925	12531
1925	11925
1925	11433
1925	10862
1925	9875
1925	11938
1925	11201
1925	10724
1925	11392
1925	11322
1925	10141
1925	9631
1925	11666
1925	10868
1925	11953
1925	12170
1925	11619
1925	11830
1925	13179
1925	11823
1925	11603
1925	11142
1925	11648
1925	11617
1925	12610
1925	11819
1925	10658
1925	12607
1925	11128
1925	12578
1925	10889
1925	10652
1925	11766
1925	10857
1925	10153
1925	12501
1925	12497
1925	14258
1925	11173
1925	13187
1925	12748
1925	12150
1925	11102
1925	12103
1925	11692
1925	10147
1925	11442
1925	11445
1925	11961
1925	10796
1925	12419
1925	12336
1925	11431
1925	11683
1925	10940
1925	10648
1925	10234
1925	11523
1925	10796
1925	11968
1925	12507
1925	12743
1925	11963
1925	11095
1925	10341
1925	13142
1925	10517
1925	11819
1925	11608
1925	11073
1925	11015
1925	11210
1925	11199
1925	10444
1925	10601
1925	10444
1925	11728
1925	10800
1925	11884
1925	11114
1925	11309
1925	9345
1925	10802
1925	10952
1925	10460
1925	11723
1925	11053
1925	12170
1925	12248
1925	12138
1925	10918
1925	11129
1925	12957
1925	11864
1925	11998
1925	11713
1925	11786
1925	12192
1925	12267
1925	11778
1925	10091
1925	11650
1925	11043
1925	11167
1925	11935
1925	11639
1925	13481
1925	11725
1925	10761
1925	12292
1925	11163
1925	12604
1925	10004
1925	10452
1925	11500
1925	10848
1925	10821
1925	10887
1925	13704
1925	11186
1925	10635
1925	12455
1925	10667
1925	10803
1925	11384
1925	11726
1925	10988
1925	11601
1925	12534
1925	11395
1925	12207
1925	12382
1925	12717
1925	11286
1925	11304
1925	12991
1925	11296
1925	11723
1925	11517
1925	11748
1925	10962
1925	11474
1925	11010
1925	10875
1925	11068
1925	11594
1925	11101
1925	11880
1925	11353
1925	11928
1925	12515
1925	12506
1925	12611
1925	11101
1925	11162
1925	10075
1925	9922
1925	10954
1925	11969
1925	12289
1925	11921
1925	11671
1925	10997
1925	11349
1925	10149
1925	11527
1925	11666
1925	11014
1925	9886
1925	10859
1925	10730
1925	10531
1925	11511
1925	11953
1925	10904
1925	11158
1925	10514
1925	10486
1925	10489
1925	10879
1925	10732
1925	11196
1925	11243
1925	10895
1925	11661
1925	11091
1925	12215
1925	11752
1925	11111
1925	11552
1925	13482
1925	12655
1925	11691
1925	12531
1925	12023
1925	11890
1925	11391
1925	12798
1925	12803
1925	11116
1925	11480
1925	9643
1925	12183
1925	13882
1925	11619
1925	8916
1925	11000
1925	11868
1925	11069
1925	11494
1925	10786
1925	10314
1925	11809
1925	11863
1925	10682
1925	11400
1925	10873
1925	11265
1925	11884
1925	10961
1925	12454
1925	11612
1925	11323
1925	10384
1925	10593
1925	13113
1925	11526
1925	11115
1925	12212
1925	12895
1925	12787
1925	11061
1925	11606
1925	10578
1925	12022
1925	11648
1925	11563
1925	11431
1925	12002
1925	9882
1925	10844
1925	11577
1925	10566
1925	10496
1925	11043
1925	11920
1925	11330
1925	10906
1925	12522
1925	11215
1925	11483
1925	9972
1925	10585
1925	10737
1925	9904
1925	11321
1925	11865
1925	12504
1925	11195
1925	12235
1925	12020
1925	12104
1925	13929
1925	12264
1925	12454
1925	12256
1925	10962
1925	10387
1925	10616
1925	11522
1925	11290
1925	10289
1925	12194
1925	9264
1925	11710
1925	11589
1925	12423
1925	11584
1925	11855
1925	12675
1925	13036
1925	13385
1925	12330
1925	11378
1925	12714
1925	12286
1925	11631
1925	11701
1925	9521
1925	10434
1925	11344
1925	10776
1925	11781
1925	11657
1925	12705
1925	11315
1925	12561
1925	11114
1925	10876
1925	10559
1925	9522
1925	11013
1925	11357
1925	12898
1925	12086
1925	10731
1925	11333
1925	11361
1925	12362
1925	12332
1925	11449
1925	10868
1925	11207
1925	11052
1925	10873
1925	11769
1925	11838
1925	10236
1925	10932
1925	11734
1925	11948
1925	10092
1925	8813
1925	11331
1925	11015
1925	11421
1925	12315
1925	12808
1925	13018
1925	12176
1925	12331
1925	11589
1925	11985
1925	13041
1925	12366
1925	13072
1925	12453
1925	11688
1925	10859
1925	12257
1925	10863
1925	11019
1925	11371
1925	9700
1925	9778
1925	9604
1925	11717
1925	10095
1925	9730
1925	9878
1925	11913
1925	10489
1925	9827
1925	10712
1925	10773
1925	10247
1925	10812
1925	11472
1925	13216
1925	12065
1925	10480
1925	10321
1925	11625
1925	11726
1925	12515
1925	10804
1925	11766
1925	11119
1925	11502
1925	9821
1925	9939
1925	9228
1925	11570
1925	10923
1925	10198
1925	11045
1925	11305
1925	11143
1925	10080
1925	10703
1925	11190
1925	10666
1925	11923
1925	12446
1925	11399
1925	10848
1925	11054
1925	12756
1925	10600
1925	9906
1925	11354
1925	11209
1925	11883
1925	12163
1925	9774
1925	12245
1925	10300
1925	10673
1925	10295
1925	12091
1925	11539
1925	11174
1925	11449
1925	11959
1925	9404
1925	11348
1925	11550
1925	10814
1925	10808
1925	11708
1925	12161
1925	10350
1925	12018
1925	10930
1925	11436
1925	10150
1925	10872
1925	11039
1925	10998
1925	12012
1925	10415
1925	11403
1925	9709
1925	10444
1925	10895
1925	11332
1925	10886
1925	10637
1925	11929
1925	10250
1925	12021
1925	11409
1925	11320
1925	10616
1925	11668
1925	10029
1925	11551
1925	11085
1925	10506
1925	10141
1925	10155
1925	10850
1925	10939
1925	10911
1925	11590
1925	11474
1925	10740
1925	11974
1925	12423
1925	10139
1925	10092
1925	11177
1925	10877
1925	10950
1925	9699
1925	11742
1925	11067
1925	10676
1925	11905
1925	11687
1925	12141
1925	10228
1925	11678
1925	12213
1925	11207
1925	10584
1925	11599
1925	10973
1925	10137
1925	11307
1925	10917
1925	12439
1925	11404
1925	11280
1925	11468
1925	12187
1925	13179
1925	11669
1925	11629
1925	10225
1925	11075
1925	10954
1925	9466
1925	10860
1925	10284
1925	9856
1925	11984
1925	10869
1925	10494
1925	10608
1925	11276
1925	10238
1925	12153
1925	9834
1925	11577
1925	10308
1925	10261
1925	11453
1925	11519
1925	9956
1925	11590
1925	10986
1925	11481
1925	9464
1925	9704
1925	9466
1925	10154
1925	10852
1925	11507
1925	9945
1925	10717
1925	11578
1925	11071
1925	12622
1925	11428
1925	12872
1925	12492
1925	10853
1925	11913
1925	11318
1925	10320
1925	10835
1925	10359
1925	10972
1925	10983
1925	11586
1925	11384
1925	11447
1925	11709
1925	11979
1925	11163
1925	11699
1925	10428
1925	11419
1925	10458
1925	10017
1925	10885
1925	12209
1925	12621
1925	12812
1925	10683
1925	12816
1925	11025
1925	13406
1925	10573
1925	12070
1925	10720
1925	10312
1925	11137
1925	11210
1925	11473
1925	12736
1925	10811
1925	11195
1925	11039
1925	10266
1925	11830
1925	12672
1925	11608
1925	11994
1925	10705
1925	11365
1925	12007
1925	11306
1925	11431
1925	10418
1925	11962
1925	11244
1925	9562
1925	10879
1925	12553
1925	10479
1925	10569
1925	11335
1925	11696
1925	10849
1925	10492
1925	10358
1925	11149
1925	11265
1925	10562
1925	11113
1925	10444
1925	10608
1925	10638
1925	11307
1925	9274
1925	9678
1925	11313
1925	10630
1925	12295
1925	10629
1925	11529
1925	11169
1925	13149
1925	11117
1925	12481
1925	12122
1925	12709
1925	11388
1925	11161
1925	12102
1925	11389
1925	11543
1925	10803
1925	12138
1925	11036
1925	10025
1925	10143
1925	11818
1925	11433
1925	11301
1925	11554
1925	11661
1925	10590
1925	10222
1925	10656
1925	11109
1925	11400
1925	11982
1925	10892
1925	13008
1925	11540
1925	11084
1925	11302
1925	11868
1925	11377
1925	11043
1925	11998
1925	11754
1925	10879
1925	10200
1925	10465
1925	12651
1925	11013
1925	10130
1925	8991
1925	10823
1925	11032
1925	11147
1925	11451
1925	10115
1925	11171
1925	11734
1925	12250
1925	11097
1925	11027
1925	11899
1925	10072
1925	10742
1925	10154
1925	11285
1925	11334
1925	11555
1925	11667
1925	11837
1925	9527
1925	10650
1925	11423
1925	11291
1925	11644
1925	13331
1925	11872
1925	9276
1925	10406
1925	12030
1925	11030
1925	10753
1925	10796
1925	11479
1925	12630
1925	11962
1925	13236
1925	11462
1925	10102
1925	9893
1925	9403
1925	12602
1925	11356
1925	11503
1925	9093
1925	12006
1925	10824
1925	9724
1925	11243
1925	12128
1925	12530
1925	10624
1925	10923
1925	11489
1925	13315
1925	11937
1925	11755
1925	11865
1925	12069
1925	11622
1925	11263
1925	10553
1925	10557
1925	11383
1925	11483
1925	11324
1925	11854
1925	11416
1925	11535
1925	12111
1925	10727
1925	11019
1925	11551
1925	11819
1925	12375
1925	13257
1925	10878
1925	12044
1925	11605
1925	12135
1925	11873
1925	11437
1925	9885
1925	10135
1925	11536
1925	12013
1925	10911
1925	10744
1925	10079
1925	11556
1925	11527
1925	11710
1925	11389
1925	10655
1925	11249
1925	9649
1925	10642
1925	9791
1925	10258
1925	11973
1925	12749
1925	10408
1925	10940
1925	10170
1925	12782
1925	10275
1925	11588
1925	11519
1925	11396
1925	10598
1925	11062
1925	11831
1925	11216
1925	10824
1925	10503
1925	10400
1925	11303
1925	10602
1925	10861
1925	10409
1925	10368
1925	10970
1925	8865
1925	9668
1925	10782
1925	10190
1925	11496
1925	11009
1925	10378
1925	10249
1925	9295
1925	10552
1925	9899
1925	10745
1925	12006
1925	12088
1925	12068
1925	10379
1925	11255
1925	10725


