melhor e media

1750	2696
1699	2027
1699	1950
1699	1886
1699	1850
1699	1883
1699	1904
1699	1879
1684	1764
1684	1823
1684	1794
1646	1664
1646	1726
1646	1699
1646	1770
1646	1670
1646	1897
1646	1954
1646	1889
1646	1850
1646	1792
1644	1664
1644	1902
1644	1813
1644	1868
1644	1804
1636	1652
1636	1820
1636	1693
1636	1832
1636	1656
1636	1827
1636	1779
1636	1777
1636	1658
1636	1654
1636	1641
1628	1628
1628	1637
1628	1644
1628	1628
1628	1638
1628	1633
1627	1627
1626	1626
1626	1626
1626	1626
1626	1626
1626	1626
1626	1626


melhor e media

1820	2513
1689	2081
1689	2004
1689	1986
1689	1990
1689	1968
1689	1935
1689	1885
1689	1910
1689	1823
1689	1890
1689	1844
1689	1796
1627	1656
1627	1710
1624	1640
1624	1766
1624	1725
1618	1621
1618	1621
1617	1618
1617	1627
1617	1627
1617	1627
1617	1627
1617	1620
1617	1619
1615	1615
1615	1615
1615	1615
1615	1615
1615	1615
1615	1615
1615	1615
1615	1615
1615	1615
1615	1615
1615	1615
1615	1615
1615	1615
1615	1615
1615	1615
1615	1615
1615	1615
1615	1615
1615	1615
1615	1615
1615	1615
1615	1615
1615	1615


melhor e media

1793	2566
1704	2033
1704	2060
1704	1872
1704	2001
1704	1897
1704	1885
1704	1817
1704	1882
1704	1835
1704	1812
1643	1668
1643	1666
1640	1655
1640	1814
1640	1719
1640	1703
1640	1747
1626	1647
1626	1874
1626	1850
1626	1933
1626	1836
1626	1725
1626	1714
1626	1689
1626	1773
1626	1662
1626	1757
1626	1757
1626	1754
1626	1637
1626	1750
1626	1756
1626	1634
1618	1622
1618	1625
1618	1750
1618	1748
1618	1622
1618	1622
1618	1778
1618	1661
1618	1746
1618	1619
1618	1619
1618	1665
1618	1660
1618	1619
1618	1619


melhor e media

1749	2543
1743	2088
1743	2013
1730	1942
1719	1923
1719	1896
1691	1836
1691	1877
1676	1811
1676	2011
1676	1884
1676	1843
1676	1861
1676	1846
1663	1697
1663	1717
1652	1674
1652	1747
1652	1720
1652	1729
1636	1646
1636	1673
1636	1818
1636	1839
1636	1791
1636	1849
1636	1808
1636	1801
1636	1841
1636	1803
1636	1775
1636	1647
1636	1770
1636	1664
1636	1657
1636	1686
1636	1676
1636	1648
1628	1629
1628	1643
1628	1630
1628	1630
1628	1643
1628	1744
1628	1647
1628	1646
1628	1717
1628	1675
1628	1656
1628	1656


melhor e media

1734	2309
1724	2001
1724	1913
1713	1881
1704	1921
1704	1888
1704	1984
1704	1898
1704	1884
1704	1881
1676	1728
1649	1679
1649	1772
1633	1647
1633	1745
1633	1808
1633	1873
1633	1799
1633	1814
1633	1813
1633	1673
1633	1695
1633	1655
1633	1681
1633	1645
1633	1666
1633	1648
1633	1760
1633	1763
1632	1634
1632	1634
1632	1634
1632	1636
1630	1630
1630	1642
1630	1647
1630	1635
1630	1630
1630	1630
1628	1628
1628	1628
1628	1628
1628	1628
1628	1628
1628	1628
1628	1628
1628	1628
1628	1628
1628	1628
1628	1628


melhor e media

1724	2474
1724	2057
1719	1918
1719	1862
1719	1886
1719	2080
1719	1984
1719	1857
1719	1799
1664	1717
1664	1817
1664	1797
1664	1730
1664	1725
1661	1707
1644	1669
1644	1693
1644	1779
1630	1633
1630	1637
1628	1628
1628	1654
1626	1626
1626	1626
1626	1654
1626	1673
1626	1645
1626	1753
1626	1626
1626	1626
1626	1626
1626	1626
1626	1626
1626	1626
1626	1626
1626	1626
1626	1626
1626	1626
1626	1626
1626	1626
1626	1626
1626	1626
1626	1626
1626	1626
1626	1626
1626	1626
1626	1626
1626	1626
1626	1626
1626	1626


melhor e media

1753	2512
1726	2082
1724	1930
1704	1876
1704	1849
1704	1911
1704	1883
1669	1761
1669	1804
1669	1771
1669	1823
1645	1690
1645	1829
1645	1903
1645	1821
1645	1785
1645	1786
1645	1745
1645	1772
1641	1670
1641	1763
1641	1769
1641	1773
1641	1705
1641	1830
1641	1772
1626	1634
1624	1629
1624	1630
1624	1692
1624	1660
1615	1615
1615	1615
1615	1637
1615	1618
1615	1615
1615	1626
1615	1746
1615	1620
1615	1615
1615	1620
1615	1615
1615	1615
1615	1615
1615	1615
1615	1615
1615	1615
1615	1615
1615	1615
1615	1615


melhor e media

1753	2580
1741	2169
1741	2068
1734	1925
1724	1916
1719	2008
1719	1862
1713	1874
1704	1915
1704	2036
1704	1936
1704	1867
1704	1839
1704	1809
1704	1786
1704	1807
1678	1721
1663	1692
1663	1715
1643	1663
1643	1661
1643	1761
1643	1670
1643	1682
1643	1661
1634	1644
1634	1862
1634	1730
1634	1792
1634	1724
1634	1799
1634	1780
1634	1656
1634	1696
1634	1655
1630	1634
1630	1819
1630	1718
1630	1747
1630	1765
1630	1702
1630	1732
1630	1702
1630	1668
1630	1765
1630	1765
1630	1756
1630	1635
1630	1643
1630	1739


melhor e media

1751	2592
1751	2175
1751	2015
1751	1975
1751	1929
1751	1901
1751	1922
1751	1853
1751	1835
1676	1706
1672	1692
1672	1795
1669	1681
1669	1688
1669	1714
1669	1785
1669	1718
1669	1680
1669	1791
1669	1675
1669	1676
1669	1675
1669	1786
1669	1676
1664	1665
1663	1664
1663	1664
1663	1664
1663	1746
1663	1663
1663	1663
1663	1663
1663	1663
1663	1665
1663	1665
1663	1665
1663	1667
1661	1661
1661	1661
1661	1661
1661	1661
1661	1661
1661	1661
1661	1661
1661	1661
1661	1661
1661	1661
1661	1661
1661	1661
1661	1661


melhor e media

1750	2484
1731	2070
1725	2016
1724	1996
1724	1902
1724	1900
1724	1866
1724	1818
1724	1827
1724	1791
1664	1705
1664	1838
1664	1890
1647	1693
1647	1882
1647	1945
1647	1866
1647	1859
1647	1798
1647	1706
1647	1793
1629	1667
1629	1845
1629	1891
1629	1909
1629	1855
1629	1818
1629	1808
1629	1833
1629	1703
1629	1796
1629	1692
1629	1697
1629	1737
1629	1649
1626	1632
1626	1752
1626	1633
1620	1623
1620	1648
1620	1636
1620	1628
1620	1632
1617	1618
1615	1615
1615	1615
1615	1615
1615	1615
1615	1615
1615	1615


