melhor e media

1556	3075
1541	2173
1481	1879
1481	1830
1481	1755
1481	2004
1445	1765
1443	1921
1441	1966
1363	1519
1363	1896
1363	1888
1363	1743
1363	1621
1363	1643
1363	1754
1363	1829
1363	1817
1363	1494
1363	1730
1363	1481
1363	1713
1363	1743
1363	1705
1363	1625
1363	1421
1347	1392
1345	1370
1341	1361
1341	1515
1341	1456
1341	1596
1341	1526
1341	1487
1341	1401
1341	1544
1341	1582
1341	1635
1341	1586
1341	1450
1341	1601
1341	1688
1341	1507
1341	1390
1341	1436
1341	1564
1341	1532
1341	1442
1341	1386
1341	1371


melhor e media

1718	2810
1515	2395
1489	1857
1486	1942
1473	1857
1466	1767
1379	1505
1379	1533
1379	1564
1379	1956
1379	1686
1379	1757
1379	1728
1379	1531
1379	1772
1379	1579
1379	1637
1379	1735
1379	1721
1379	1624
1379	1454
1369	1406
1365	1387
1359	1375
1359	1965
1359	1529
1359	1483
1359	1635
1359	1532
1359	1476
1359	1472
1359	1483
1359	1485
1359	1585
1359	1576
1359	1547
1359	1521
1359	1423
1359	1399
1359	1412
1359	1415
1359	1476
1359	1475
1359	1441
1359	1562
1359	1370
1359	1400
1359	1557
1359	1369
1359	1381


melhor e media

1647	3185
1558	2125
1400	1732
1400	1734
1400	2045
1400	1859
1400	1696
1359	1481
1359	1703
1359	1744
1359	1685
1359	1711
1359	1789
1359	1706
1359	1530
1359	1590
1359	1571
1359	1492
1359	1521
1359	1619
1359	1661
1359	1650
1359	1493
1359	1461
1359	1497
1359	1638
1359	1645
1359	1580
1359	1618
1359	1461
1352	1406
1352	1647
1352	1467
1352	1710
1352	1703
1352	1742
1352	1646
1352	1721
1352	1520
1351	1405
1351	1557
1341	1373
1341	1581
1341	1431
1341	1440
1341	1576
1341	1407
1341	1412
1341	1413
1341	1367


melhor e media

1797	3386
1550	1954
1490	2183
1468	1742
1403	1549
1403	1570
1403	1678
1403	1731
1403	1555
1397	1520
1397	1810
1397	1726
1397	1686
1397	1777
1397	1531
1397	1663
1397	1676
1377	1448
1377	1720
1377	1708
1377	1513
1377	1491
1377	1633
1377	1588
1377	1482
1377	1559
1377	1750
1377	1777
1377	1814
1377	1563
1377	1476
1377	1584
1377	1582
1377	1627
1377	1576
1377	1438
1360	1436
1360	1626
1360	1693
1360	1664
1360	1473
1360	1562
1360	1674
1360	1533
1360	1446
1360	1848
1360	1477
1348	1380
1348	1453
1348	1621


melhor e media

1814	3047
1543	2320
1482	1963
1482	1777
1478	1681
1454	1672
1454	1816
1454	1721
1454	1770
1452	1614
1444	1735
1444	1691
1441	1895
1438	1889
1431	1834
1431	1845
1425	1941
1424	1734
1421	1849
1421	1795
1421	1750
1354	1449
1354	1701
1354	1639
1354	1738
1354	1800
1354	1630
1354	1669
1354	1748
1354	1878
1354	1714
1354	1729
1354	1631
1354	1619
1354	1551
1354	1637
1354	1542
1348	1425
1348	1520
1348	1746
1348	1603
1348	1414
1334	1368
1334	1629
1334	1553
1334	1471
1334	1383
1334	1400
1327	1340
1327	1344


melhor e media

1749	3123
1506	2621
1506	2155
1474	1860
1474	1957
1423	1653
1423	1675
1400	1555
1400	1742
1400	1809
1400	1618
1400	1824
1400	1685
1379	1502
1369	1444
1369	1562
1369	1713
1369	1724
1369	1706
1369	1483
1367	1410
1367	1648
1367	1628
1367	1650
1367	1631
1367	1613
1367	1684
1367	1505
1367	1431
1367	1528
1367	1545
1367	1439
1367	1674
1367	1564
1367	1625
1367	1510
1367	1426
1367	1425
1367	1509
1367	1415
1367	1549
1367	1553
1367	1623
1367	1434
1367	1477
1367	1443
1367	1551
1367	1468
1367	1422
1367	1409


melhor e media

1554	3029
1540	1965
1483	1795
1449	1741
1444	1790
1438	1767
1436	1793
1436	1634
1383	1567
1383	1790
1383	1730
1383	1592
1383	1709
1383	1643
1383	1720
1383	1687
1383	1588
1383	1636
1352	1441
1352	1617
1352	1586
1352	1502
1352	1455
1352	1529
1352	1496
1352	1583
1352	1440
1341	1381
1341	1559
1341	1425
1341	1561
1341	1531
1341	1414
1341	1386
1341	1370
1341	1370
1341	1380
1338	1346
1338	1346
1338	1345
1333	1333
1333	1334
1333	1333
1333	1333
1333	1333
1333	1333
1333	1333
1333	1333
1333	1333
1333	1333


melhor e media

1736	3016
1535	2208
1516	2062
1478	1764
1462	1783
1462	1829
1378	1498
1378	1630
1378	1508
1378	1703
1378	1569
1378	1839
1378	1833
1378	1729
1378	1651
1372	1453
1372	1651
1372	1712
1372	1842
1372	1706
1372	1516
1372	1580
1368	1418
1368	1556
1368	1559
1368	1676
1368	1579
1368	1499
1368	1567
1368	1455
1368	1431
1368	1591
1368	1575
1368	1426
1368	1445
1368	1576
1368	1389
1368	1574
1368	1434
1368	1390
1361	1371
1360	1370
1359	1368
1359	1624
1359	1392
1359	1378
1359	1550
1359	1370
1356	1357
1356	1368


melhor e media

1615	2937
1561	2032
1515	2061
1468	2015
1468	1869
1464	1871
1435	1938
1435	2038
1435	1853
1434	1862
1426	1776
1426	1871
1409	1737
1409	1685
1369	1579
1369	1666
1369	1714
1369	1819
1369	1714
1369	1715
1369	1665
1369	1666
1369	1515
1369	1613
1369	1585
1369	1619
1369	1671
1369	1627
1369	1468
1348	1389
1343	1384
1343	1399
1343	1568
1343	1561
1343	1617
1343	1459
1343	1425
1343	1376
1337	1341
1337	1353
1337	1353
1337	1355
1337	1402
1337	1378
1337	1585
1337	1483
1337	1369
1337	1355
1337	1363
1337	1353


melhor e media

1866	3296
1543	2313
1508	2005
1472	1802
1472	1943
1448	1688
1429	1760
1429	1636
1362	1540
1362	1614
1362	1610
1344	1434
1344	1595
1344	1671
1327	1371
1327	1409
1327	1574
1327	1396
1327	1554
1327	1402
1327	1367
1327	1572
1327	1372
1327	1687
1327	1393
1327	1392
1327	1538
1327	1346
1327	1547
1327	1449
1327	1420
1327	1360
1327	1351
1327	1542
1327	1388
1327	1482
1327	1564
1327	1417
1327	1370
1327	1368
1327	1347
1327	1349
1327	1342
1327	1339
1323	1328
1323	1341
1323	1383
1323	1520
1323	1366
1323	1546


