melhor e media
1296	2875
1296	2258
1296	2193
1296	1980
1296	1971
1296	1783
1296	2017
1296	1983
1296	1887
1296	1938
1296	1855
1266	1976
1190	1608
1190	1512
1190	2145
1190	1583
1190	1429
1190	1528
1190	1624
1190	1521
1190	1800
1190	1686
1190	1520
1178	1406
1178	1372
1178	1525
1178	1543
1178	1599
1178	1585
1178	1455
1178	1609
1178	1725
1178	1692
1178	1671
1178	1640
1178	1578
1178	1611
1178	1746
1178	1530
1178	1612
1178	1747
1178	1777
1178	1652
1178	1803
1178	1788
1178	1807
1178	1734
1178	1640
1178	1574

melhor e media
1452	2704
1452	2129
1317	1781
1237	1461
1237	1636
1237	1666
1216	1518
1209	1535
1209	1707
1209	1571
1209	1691
1209	1574
1204	1538
1204	1719
1204	1582
1204	1678
1204	1740
1204	1646
1204	1648
1182	1571
1182	1525
1182	1591
1182	1658
1182	1452
1182	1366
1182	1389
1182	1632
1182	1562
1182	1642
1182	1490
1182	1656
1182	1430
1182	1561
1182	1578
1182	1613
1180	1465
1180	1537
1180	1429
1168	1430
1168	1430
1156	1411
1156	1466
1156	1720
1156	1675
1156	1606
1156	1560
1156	1630
1156	1447
1156	1576

melhor e media
1301	2684
1283	2133
1258	1613
1135	1344
1135	1397
1135	1437
1135	1485
1135	1333
1135	1517
1135	1379
1135	1450
1135	1462
1135	1451
1135	1321
1135	1498
1135	1569
1135	1457
1135	1502
1135	1574
1135	1507
1135	1504
1135	1699
1135	1371
1135	1346
1135	1497
1135	1477
1135	1583
1135	1465
1135	1577
1135	1352
1135	1375
1135	1630
1135	1520
1135	1473
1135	1536
1135	1590
1135	1509
1135	1528
1135	1600
1135	1410
1135	1503
1135	1401
1135	1525
1135	1756
1135	1414
1135	1552
1135	1449
1135	1686
1135	1562

melhor e media
1674	3007
1382	2630
1382	2139
1370	1717
1370	1710
1345	1675
1298	1537
1238	1397
1238	1616
1238	1583
1238	1622
1238	1697
1238	1725
1238	1547
1238	1637
1238	1672
1238	1622
1238	1612
1238	1676
1238	1623
1238	1648
1238	1570
1238	1714
1212	1549
1197	1421
1186	1364
1186	1450
1182	1453
1174	1385
1174	1466
1174	1632
1174	1599
1174	1511
1174	1490
1174	1590
1174	1577
1174	1667
1174	1458
1174	1411
1174	1600
1174	1458
1174	1609
1174	1580
1174	1622
1174	1661
1174	1589
1174	1555
1174	1411
1174	1566

melhor e media
1344	2491
1270	1790
1270	1561
1270	1903
1270	1672
1270	1637
1251	1695
1209	1590
1209	1574
1199	1469
1195	1444
1195	1609
1195	1686
1195	1743
1195	1656
1195	1700
1195	1714
1195	1722
1195	1630
1195	1651
1195	1493
1195	1425
1195	1503
1195	1461
1195	1472
1195	1464
1195	1611
1195	1576
1195	1425
1195	1566
1195	1530
1195	1479
1195	1558
1195	1659
1195	1489
1195	1423
1195	1497
1195	1427
1195	1526
1195	1562
1195	1546
1195	1408
1195	1597
1195	1621
1195	1540
1195	1668
1195	1652
1195	1497
1195	1516

melhor e media
1365	2381
1263	1964
1243	1725
1243	1615
1243	1570
1243	1558
1207	1404
1207	1490
1195	1377
1195	1406
1195	1382
1195	1413
1190	1469
1190	1458
1190	1588
1190	1497
1190	1438
1190	1629
1190	1595
1190	1649
1190	1520
1190	1709
1190	1630
1190	1702
1149	1437
1149	1450
1149	1581
1149	1591
1149	1670
1149	1616
1149	1558
1149	1645
1149	1677
1149	1740
1149	1480
1149	1595
1149	1612
1149	1732
1149	1438
1149	1546
1149	1552
1149	1548
1149	1550
1149	1539
1149	1466
1149	1592
1149	1747
1149	1457
1149	1494

melhor e media
1213	2779
1213	1889
1213	1716
1213	1893
1211	1745
1161	1606
1161	1561
1161	1484
1159	1400
1159	1394
1151	1319
1151	1451
1151	1537
1151	1494
1151	1526
1151	1486
1151	1527
1149	1375
1149	1455
1149	1598
1149	1407
1143	1320
1143	1539
1143	1501
1143	1536
1143	1626
1143	1663
1143	1605
1143	1376
1143	1453
1143	1636
1143	1935
1143	1840
1143	1622
1143	1394
1143	1371
1141	1328
1141	1456
1141	1320
1141	1633
1141	1357
1141	1496
1141	1520
1141	1582
1141	1517
1141	1603
1141	1523
1141	1353
1141	1394

melhor e media
1403	2477
1370	2043
1281	1591
1221	1452
1221	1514
1221	1677
1212	1418
1212	1460
1212	1434
1204	1392
1204	1579
1204	1454
1204	1648
1204	1571
1204	1572
1204	1487
1204	1602
1204	1426
1204	1584
1200	1379
1200	1559
1200	1573
1200	1565
1200	1455
1200	1469
1200	1559
1200	1495
1200	1658
1200	1492
1200	1773
1200	1581
1200	1500
1200	1513
1200	1569
1200	1494
1200	1480
1200	1731
1200	1633
1200	1541
1200	1562
1200	1695
1200	1515
1200	1548
1200	1526
1200	1706
1200	1688
1200	1814
1200	1588
1200	1842

melhor e media
1381	2645
1381	2279
1325	2064
1325	1732
1285	1708
1285	1700
1281	1874
1281	1797
1281	1722
1281	1811
1280	1947
1280	1703
1278	1811
1278	1774
1278	1778
1278	1792
1278	2080
1278	1986
1278	2100
1278	2125
1278	2075
1278	2069
1278	2135
1278	2334
1278	2266
1278	2099
1278	2234
1278	2454
1278	2259
1278	2124
1278	2272
1278	2272
1278	2344
1278	2157
1278	2341
1278	2222
1278	2227
1278	2322
1278	2407
1278	2557
1278	2286
1278	2376
1278	2335
1278	2263
1278	2210
1278	2375
1278	2297
1278	2291
1278	2244

