melhor e media

1630	2971
1550	2433
1550	2010
1550	2052
1533	1917
1533	2041
1533	2072
1533	2149
1533	2194
1533	2079
1533	2229
1533	2164
1533	2147
1533	2207
1533	2024
1533	2089
1533	2103
1533	2067
1493	1807
1493	1910
1493	2080
1493	2127
1493	1830
1493	1921
1493	1899
1493	1905
1493	1788
1493	2027
1493	2225
1493	1989
1493	2028
1493	2088
1493	2015
1493	2017
1493	2020
1493	1880
1493	1859
1493	2162
1493	1864
1493	1870
1493	1992
1493	1854
1475	2033
1475	2007
1475	2076
1475	1992
1475	2035
1475	1964
1475	2148


melhor e media

1782	3033
1598	2452
1561	1996
1561	2090
1546	1983
1546	2320
1546	2095
1546	1966
1546	2141
1546	2076
1546	2174
1546	2247
1546	2122
1546	2432
1546	2334
1546	2294
1546	2085
1546	2478
1546	2233
1546	2248
1546	2172
1546	2376
1546	2170
1546	2518
1546	2127
1546	2236
1546	2049
1546	2253
1546	2436
1546	2320
1546	2348
1546	2161
1546	2460
1545	2111
1545	2032
1545	2172
1545	2135
1545	2383
1545	2321
1545	2296
1545	2258
1545	2219
1545	2076
1545	2119
1545	2171
1545	2196
1545	2233
1545	2024
1545	2116


melhor e media

1570	3033
1570	2327
1516	2050
1516	2071
1516	1886
1516	1845
1516	1848
1516	2017
1516	2082
1516	1928
1506	2040
1506	2244
1506	2058
1506	2049
1506	1998
1506	1941
1506	2061
1506	1910
1506	2039
1506	2043
1506	2266
1506	2180
1505	2048
1505	2194
1442	1740
1442	1870
1442	1817
1442	1893
1442	1930
1442	1911
1442	2066
1442	1991
1442	1996
1442	2117
1442	1892
1442	2036
1442	2139
1442	2046
1442	2109
1442	2006
1442	2223
1442	1987
1442	2031
1442	2015
1442	2111
1442	2138
1442	2095
1442	1809
1442	2103


melhor e media

1709	3149
1650	2056
1604	2160
1604	2009
1595	2189
1595	2505
1595	2311
1559	2528
1559	1978
1559	2014
1536	1919
1520	2071
1520	2089
1520	1888
1520	1937
1481	1835
1481	1969
1481	1847
1481	1992
1481	2084
1481	2000
1481	1971
1481	1817
1481	2064
1481	2223
1481	2099
1481	1849
1481	1929
1481	1871
1481	2050
1481	2006
1481	1897
1481	2012
1481	2046
1481	2121
1481	1982
1481	1787
1481	1842
1481	1926
1481	1902
1481	1915
1481	1702
1481	1749
1481	1872
1481	1842
1481	2036
1481	1838
1481	1737
1480	1938


melhor e media

1697	3172
1595	2512
1595	2332
1538	2174
1538	2020
1538	2228
1538	1974
1538	2081
1535	2158
1535	1917
1535	2180
1535	1955
1522	1844
1522	2104
1522	1920
1481	2072
1424	1790
1424	1975
1424	2094
1424	2016
1424	2148
1424	1958
1424	1989
1424	1982
1424	1873
1424	1962
1424	1839
1424	1952
1424	1854
1424	1980
1424	1904
1424	1772
1424	1949
1424	1859
1424	1727
1424	1873
1424	2097
1424	2133
1424	1886
1424	2033
1424	2084
1424	1737
1424	2014
1424	1870
1424	1806
1424	1996
1424	2069
1424	1997
1424	2043


melhor e media

1730	3182
1539	2076
1539	2082
1539	1927
1539	1854
1539	1887
1539	1835
1539	2074
1539	1940
1539	1884
1539	1858
1539	1999
1535	1990
1535	1986
1531	1951
1531	2041
1531	1924
1531	1967
1531	1862
1491	1774
1491	2011
1491	1963
1491	2010
1491	1956
1491	2245
1491	2030
1491	1951
1491	2019
1491	1830
1491	2011
1491	1932
1491	2252
1491	1976
1491	2032
1491	2026
1491	1855
1491	1908
1491	1853
1491	1866
1491	1952
1491	2016
1491	1901
1491	1863
1491	1797
1491	1869
1491	1808
1491	1886
1491	1932
1491	1985


melhor e media

1634	3366
1634	2326
1576	2190
1487	1808
1487	2309
1487	2160
1487	2023
1487	2104
1487	1977
1487	1889
1487	1960
1487	1993
1487	1978
1487	2093
1487	1864
1487	2062
1487	2129
1487	2127
1487	2228
1487	2138
1487	2149
1487	2075
1487	2008
1487	1923
1487	1978
1487	2096
1487	2062
1487	1938
1487	2058
1487	1920
1487	2064
1487	2059
1487	1998
1487	2058
1487	2315
1487	2096
1487	2028
1487	1994
1487	2140
1487	2084
1487	1998
1487	2069
1487	2004
1487	2018
1487	2023
1487	1914
1487	1993
1487	2277
1487	2169


melhor e media

1804	2992
1632	2444
1600	2149
1591	2016
1591	2128
1591	2210
1591	1958
1546	2092
1546	2382
1546	2207
1546	2193
1546	2111
1546	1942
1546	2263
1546	2305
1546	2169
1546	2385
1546	2238
1546	2227
1546	2011
1546	2495
1546	2463
1546	2165
1546	2275
1546	2230
1546	2305
1546	2069
1543	1994
1543	1999
1543	2349
1543	2217
1543	2247
1543	2030
1543	2066
1543	2092
1543	2150
1543	2175
1543	2282
1543	2240
1543	2092
1543	2080
1543	2070
1543	2079
1543	2162
1543	2055
1543	2195
1543	2260
1543	2269
1543	2235


melhor e media

1718	3152
1599	2060
1568	1998
1568	2110
1565	1869
1525	2027
1508	1922
1508	2002
1508	1893
1508	2048
1508	2127
1508	2144
1508	1920
1508	2165
1508	2129
1508	1859
1508	2015
1508	1995
1508	1865
1508	2038
1508	1833
1508	2024
1508	1940
1508	1945
1508	2034
1508	1844
1508	1926
1508	2039
1508	1978
1508	2061
1508	2034
1508	2165
1508	2205
1508	2205
1508	2118
1508	2036
1508	1943
1508	1884
1508	2022
1508	1999
1508	2125
1508	1943
1508	1938
1508	1979
1508	2044
1508	2060
1508	1987
1508	2152
1508	2120


melhor e media

1905	3215
1613	2347
1566	2160
1545	1928
1545	1888
1545	2153
1545	1961
1545	2038
1545	2001
1534	1903
1534	1973
1534	2068
1492	1883
1492	2078
1492	1858
1492	2032
1492	2039
1492	1982
1492	1893
1492	1998
1492	1871
1492	1924
1492	2064
1492	1934
1492	1860
1492	1967
1492	2100
1492	2113
1492	2020
1492	1839
1492	1945
1492	2235
1492	1833
1492	1962
1492	2159
1492	1983
1492	1978
1492	1987
1492	1906
1466	1779
1466	1967
1466	2121
1466	1982
1466	2135
1466	2075
1466	1927
1466	2110
1466	1832
1466	1915


