1 14 45 84 48 37 4251
9 5 41 89 73 87 4361
3 13 4 53 51 56 4281
10 11 45 71 58 81 3122
8 12 11 50 82 42 10581
12 1 42 38 50 70 3056
4 12 4 31 62 76 5981
12 5 5 52 76 85 3075
8 11 51 41 76 30 3810
7 14 31 61 81 79 10541
1 2 40 71 30 71 3592
4 8 38 67 77 75 4251
5 14 19 57 39 39 4601
10 13 8 82 31 54 4801
5 13 20 31 79 47 6151
9 14 53 80 44 36 4841
8 6 12 39 56 67 3061
14 6 46 72 41 84 3558
2 14 51 54 42 89 4091
1 14 41 49 81 40 10521
13 4 34 64 62 38 2982
9 5 28 83 64 36 4581
13 6 44 55 82 64 10521
9 7 44 59 32 88 4971
4 15 41 42 87 43 10481
4 15 11 80 39 88 4104
14 4 21 49 70 57 4344
2 10 59 84 64 41 4008
1 5 59 38 71 38 2976
15 14 30 84 86 42 10551
4 3 53 83 51 83 8671
13 3 9 77 88 48 10591
5 12 3 38 44 48 3800
6 10 22 84 32 37 4731
6 6 1 46 73 48 3423
1 4 52 37 47 62 3631
10 1 9 65 87 87 10591
11 6 21 30 81 52 10561
6 15 60 39 30 58 4183
15 3 5 65 90 51 10711
13 4 23 32 77 87 8391
5 2 3 41 46 38 4991
10 3 22 31 75 61 3216
7 7 37 79 50 74 3266
3 8 44 32 68 52 9571
8 12 9 40 81 46 10591
7 7 33 44 36 65 4063
8 4 4 80 80 76 5391
7 4 34 67 79 82 9811
3 5 54 55 36 55 3926
12 13 8 69 67 45 3271
6 1 39 67 31 87 4441
4 11 60 45 88 36 10491
4 14 3 75 62 75 4341
5 2 32 66 70 34 8471
5 14 23 38 36 87 3725
7 15 41 68 89 84 10521
4 14 37 65 40 49 4291
8 8 18 65 51 46 4801
15 9 46 53 53 72 3140

1 4 34 42.6 59.5 34 3045
7 5 22 48.2 72.0 62.5 4541
1 11 30 41.0 61.0 47 3006
5 5 50 41.3 74 55.2 5741
5 8 57 80 74.3 43 3831
2 3 44 38.0 58.4 47.6 3071
14 5 57 36.6 68.3 45.6 3143
7 5 14 47.8 73.0 38.0 4521
0 4 21 39.5 49 39.6 10301
2 5 54 47.2 76.0 42.1 2291
1 5 35 33 66.9 54.5 2865
3 6 57 38.0 75.8 41.7 9741
3 8 46 43.7 55.0 31 4521
7 11 67 33.6 55.0 50.8 3343
8 9 68 83 69.4 48 3089
4 3 59 67.4 71.0 37.6 8001
0 4 51 37.8 65.0 32.2 3601
7 4 51 48.2 71.0 38.0 8831
1 5 51 47.6 62.3 48.2 2974
1 9 51 42.4 79.0 39.4 2851
5 4 57 53.6 68.3 38.0 4411
3 5 18 38.0 38 37.2 8171
10 15 49 39.7 69.9 48.4 3026
4 6 68 42.2 55.4 28.0 8451
1 13 60 41.2 67.8 37.5 3611
0 9 21 78 64.6 73.0 3971
1 4 20 41.3 71.0 51.3 2943
1 8 55 70.2 70.3 40.4 2976
1 5 59 38 71 38 2976
0 8 51 38.0 72.5 40.0 3621
1 4 57 38.0 63.0 56.0 2955
3 8 51 61.4 84.6 38.0 10501
3 4 57 38.0 54.8 42.0 8811
5 1 28 61 78.8 38.1 2710
1 5 39 40 72.4 45.0 2982
1 4 51 38.1 54.2 33.2 3156
2 2 46 43.4 69.4 62.5 2947
2 5 8 33.2 70.0 87 2771
5 12 51 38.0 71.0 50.0 3139
8 5 15 51.5 72.9 39.3 4651
15 4 40 39.2 71.0 38.0 4721
0 4 22 37.7 58.5 38.0 3601
1 4 62 35.2 73.0 90 3621
3 5 48 54.4 60.5 56.0 3981
4 5 39 37.4 51 49.2 5261
5 8 57 39.6 78.0 36.4 4421
5 6 49 40.4 43.0 35.3 4971
0 4 33 71.6 72.8 41.8 3621
1 4 43 55.4 40 29.2 3931
0 5 5 38.0 46.5 39.7 3601
3 7 69 50.4 68.6 40.8 7371
3 2 53 52.5 59.0 62.5 2386
1 9 61 72 81.2 37.0 10481
2 5 34 60.2 64.7 34.3 2913
0 2 46 60.4 70.5 34.8 3611
3 4 40 38.0 60.5 42.9 3981
4 6 13 38.0 69.2 56.4 8131
1 10 17 54.2 52.4 40.2 7321
5 4 42 38.0 59.0 44.4 7861
12 7 52 48.5 62.0 58.4 3058

