8 1 57 1739
15 8 38 1469
2 1 32 2648
3 10 19 2560
15 7 26 3601
11 3 31 1506
11 15 17 1252
10 13 48 1220
5 2 18 3601
12 12 26 1203
9 9 4 1427
11 3 45 1506
9 4 47 1405
8 14 6 1710
10 1 58 1612
12 15 37 1226
15 13 11 1337
9 8 20 1595
3 15 32 2497
1 8 50 3493
10 9 24 1302
5 5 57 2356
11 8 21 1343
1 12 40 3493
13 8 9 1452
2 14 37 3493
6 4 1 3601
14 3 21 1557
13 8 46 1306
10 4 13 1598

9 14 19 1380
14 8 21 1331
10 12 23 1232
7 12 16 1997
12 11 21 1246
11 5 22 1471
11 14 22 1243
10 12 18 1357
8 11 17 1629
12 12 26 1203
7 10 8 1948
11 12 23 1179
10 12 17 1261
8 12 24 1590
12 9 36 1469
12 13 21 1274
13 12 2 1435
11 10 22 1324
13 6 13 1492
9 8 33 1630
10 9 16 1330
7 12 15 1933
11 11 19 1411
4 12 31 2473
12 9 14 1461
5 13 33 2329
12 12 5 1311
12 7 20 1464
12 9 14 1461
10 12 5 1415

10 11 7 1334
13 12 9 1374
10 12 8 1302
8 12 7 1604
11 12 9 1402
11 8 12 1491
11 11 2 1420
11 12 29 1197
1 11 8 3504
13 12 18 1350
6 11 9 2148
11 12 23 1179
10 12 9 1525
9 12 8 1314
10 12 5 1415
11 12 8 1321
10 12 9 1525
11 11 8 1405
10 9 52 1282
11 12 8 1321
10 9 11 1313
9 12 8 1314
11 11 9 1257
9 12 4 1400
11 4 18 1427
10 12 12 1460
11 12 7 1356
10 12 13 1439
11 10 0 1507
10 12 1 1441

10 1 -4 3601
10 12 -3 1441
10 12 2 3601
8 12 -3 1541
2 12 3 3537
11 11 -1 3601
9 11 -2 1461
11 12 -2 3601
7 11 3 3601
12 12 28 1336
7 12 24 2027
11 12 23 1179
10 12 -4 1441
9 12 -1 1461
10 12 7 1334
11 15 1 3601
10 12 4 1454
11 12 5 1321
10 12 0 1441
13 12 -3 1651
2 12 2 3534
11 12 -3 3601
11 12 3 1445
11 4 1 1607
10 7 12 1419
11 12 -2 3601
11 12 1 3601
11 12 0 3601
11 11 -3 3601
10 12 -3 1441

10 15 -1 1441
10 12 0 1441
10 12 -1 1441
11 12 0 3601
1 12 0 3601
11 11 -1 3601
10 12 -1 1441
11 12 -1 3601
9 12 -1 1461
11 12 2 3601
9 12 15 1425
11 12 23 1179
11 12 -1 3601
9 12 -1 1461
10 12 0 1441
11 12 25 1220
10 12 -1 1441
11 12 -1 3601
10 13 -1 1441
12 12 -2 1472
7 12 0 2075
11 12 -2 3601
11 12 0 3601
11 12 -1 3601
11 12 -1 3601
11 12 13 1384
11 12 -1 3601
11 12 -1 3601
11 11 -2 3601
10 12 0 1441

11 12 12 1281
10 12 8 1302
13 12 7 1344
11 12 19 1223
12 12 10 1239
11 12 8 1321
10 12 5 1415
11 12 5 1321
3 12 19 2548
11 12 26 1221
10 12 24 1206
11 12 23 1179
11 12 17 1281
9 12 3 1466
10 12 3 1455
11 12 18 1361
10 12 26 1256
11 12 15 1335
10 12 5 1415
11 12 10 1244
8 12 10 1658
11 12 40 1158
11 12 2 3601
11 12 19 1223
11 12 3 1445
11 12 10 1244
11 12 15 1335
11 12 8 1321
11 11 17 1294
10 12 17 1261

11 12 13 1384
11 12 10 1244
12 12 24 1211
11 12 31 1340
10 12 26 1256
11 12 24 1254
10 12 9 1525
11 12 28 1255
12 12 24 1211
11 12 28 1255
10 12 28 1240
11 12 19 1223
11 1 27 1449
6 12 37 2198
11 12 17 1281
11 12 33 1343
11 12 25 1220
11 12 29 1197
10 12 27 1268
11 12 15 1335
11 12 28 1255
11 12 40 1158
11 12 37 1176
11 12 34 1244
11 12 6 1350
11 12 36 1218
11 12 25 1220
11 12 46 1158
11 12 26 1221
10 12 19 1457

11 12 10 1244
7 12 20 1978
11 12 26 1221
11 12 32 1214
10 12 39 1299
11 12 1 3601
10 12 23 1232
11 12 30 1226
10 12 33 1326
11 12 27 1195
11 12 23 1179
11 12 13 1384
11 4 58 1525
12 12 29 1280
11 10 21 1275
13 12 30 1230
11 12 33 1343
11 12 33 1343
10 11 29 1257
11 12 33 1343
11 12 31 1340
11 12 31 1340
11 12 27 1195
11 12 35 1217
11 12 13 1384
11 12 19 1223
11 12 33 1343
11 12 46 1158
11 12 27 1195
10 12 31 1260

11 12 12 1281
11 12 14 1348
11 12 33 1343
11 12 38 1172
10 12 44 1302
11 12 28 1255
10 12 15 1350
11 12 8 1321
10 12 10 1274
11 12 39 1177
11 12 19 1223
11 12 30 1226
11 7 27 1437
11 13 39 1177
11 11 15 1319
12 12 24 1211
11 12 46 1158
11 12 41 1158
10 11 13 1439
11 12 38 1172
11 12 11 1235
11 12 38 1172
11 12 31 1340
11 12 8 1321
11 12 32 1214
4 12 28 3601
11 7 46 1379
11 12 46 1158
11 12 41 1158
10 12 48 1320

11 12 27 1195
11 12 31 1340
11 12 27 1195
11 12 35 1217
10 12 33 1326
11 12 34 1244
10 12 28 1240
11 12 30 1226
10 12 28 1240
11 12 33 1343
11 12 22 1243
11 12 17 1281
11 8 30 1400
11 11 34 1326
11 11 15 1319
11 12 37 1176
11 12 36 1218
11 12 26 1221
10 12 58 1320
5 12 35 2359
11 12 36 1218
11 12 27 1195
11 12 29 1197
11 12 6 1350
11 12 15 1335
7 12 41 3601
11 8 30 1400
11 12 35 1217
11 12 41 1158
11 12 6 1350

11 12 -2 3601
11 12 -4 3601
11 12 8 1321
11 12 12 1281
11 12 0 3601
11 12 -5 3601
10 12 18 1357
11 15 -1 3601
10 12 0 1441
11 12 5 1321
11 12 1 3601
11 12 -1 3601
15 11 39 1382
11 11 -3 3601
11 11 7 1301
11 2 20 1571
11 2 19 1509
9 12 17 1408
11 12 8 1321
9 12 25 1436
11 12 11 1235
11 12 -7 3601
11 8 22 1387
11 12 1 3601
11 1 5 1563
9 12 -3 1461
11 10 0 1507
11 12 14 1348
11 12 41 1158
11 3 0 1607

11 12 -2 3601
15 6 9 1497
11 12 -2 3601
11 12 -1 3601
11 12 -2 3601
11 4 -2 1607
10 12 -2 1441
11 13 -2 3601
10 12 -2 1441
11 12 -2 3601
5 12 -1 3601
11 12 -1 3601
14 2 0 3601
11 11 -2 3601
11 11 -2 3601
11 8 -2 1519
11 11 0 3601
10 12 -2 1441
11 12 -1 3601
7 12 8 1948
11 12 2 3601
11 12 -3 3601
11 11 -2 3601
11 12 -1 3601
11 5 -1 1601
11 12 -2 3601
11 11 0 3601
11 12 5 1321
11 12 41 1158
11 11 -1 3601

11 12 0 3601
13 10 4 1497
11 12 0 3601
11 12 3 1445
11 12 1 3601
11 12 4 1369
10 12 29 1257
11 7 14 1415
10 12 2 3601
11 12 0 3601
9 12 -1 1461
11 12 0 3601
11 9 0 1524
1 12 0 3601
11 11 4 1475
11 7 0 1575
11 11 0 3601
11 12 0 3601
11 14 1 3601
7 12 2 1961
11 12 -1 3601
11 12 0 3601
11 11 1 3601
11 8 1 1519
11 6 2 1482
11 12 1 3601
11 11 0 3601
11 12 3 1445
11 12 41 1158
11 12 3 1445

11 12 12 1281
11 11 0 3601
11 12 3 1445
11 12 4 1369
11 12 6 1350
11 12 10 1244
10 12 23 1232
11 10 2 1525
10 12 40 1330
11 12 8 1321
10 12 5 1415
11 12 4 1369
11 11 12 1335
13 12 11 1234
4 11 9 2371
11 13 2 3601
11 12 3 1445
11 12 1 3601
15 13 9 1290
10 12 11 1284
11 12 7 1356
13 12 55 1174
11 11 52 1251
11 11 8 1405
3 10 5 3601
11 12 6 1350
14 11 8 1404
13 12 11 1234
11 12 41 1158
11 12 17 1281

11 12 21 1335
11 11 23 1238
11 12 10 1244
11 12 14 1348
11 12 19 1223
11 12 22 1243
10 12 13 1439
11 12 25 1220
11 12 22 1243
13 12 6 1351
10 10 8 1464
11 12 21 1335
11 12 21 1335
11 12 21 1335
8 11 11 3601
11 12 4 1369
11 12 21 1335
11 12 3 1445
13 12 25 1315
10 12 18 1357
11 12 3 1445
12 12 9 1492
11 11 18 1272
11 3 14 1474
12 10 13 1368
10 12 19 1457
11 11 25 1349
12 12 14 1269
11 12 41 1158
11 11 10 1343

11 12 28 1255
11 11 20 1343
11 12 10 1244
11 12 36 1218
11 12 28 1255
11 12 21 1335
10 12 8 1302
11 12 22 1243
5 12 8 2415
12 12 30 1169
11 10 16 1341
11 12 20 1325
11 12 22 1243
11 12 22 1243
10 11 37 1306
11 12 15 1335
11 8 20 1520
11 12 30 1226
3 12 23 2570
10 1 41 1677
11 12 40 1158
3 12 24 2536
11 11 28 1241
11 8 39 1442
11 12 28 1255
13 12 42 1191
11 12 30 1226
11 12 14 1348
11 12 41 1158
11 12 19 1223

11 12 19 1223
11 11 19 1411
11 12 5 1321
11 12 8 1321
11 12 20 1325
11 12 16 1302
11 12 9 1402
11 7 6 1509
6 12 24 2143
11 10 20 1404
11 11 8 1405
11 12 21 1335
11 12 2 3601
6 12 20 2122
11 12 19 1223
11 12 3 1445
11 8 7 1432
11 12 57 1158
7 12 20 1978
10 10 15 1398
11 12 20 1325
7 12 16 1997
11 6 17 1429
11 9 20 1348
11 12 20 1325
12 12 18 1424
11 12 18 1361
11 12 20 1325
11 12 41 1158
11 12 26 1221

11 12 10 1244
11 11 7 1301
11 12 6 1350
11 12 6 1350
11 12 27 1195
11 12 5 1321
11 12 7 1356
11 12 6 1350
8 12 28 1709
11 12 7 1356
11 11 7 1301
11 12 8 1321
11 12 0 3601
9 12 4 1400
11 12 9 1402
11 12 2 3601
11 9 2 1497
11 12 13 1384
7 12 7 2050
11 10 7 1409
11 1 5 1563
11 12 8 1321
11 7 7 1457
11 3 6 1492
11 12 5 1321
11 12 2 3601
11 12 59 1158
11 12 6 1350
11 12 41 1158
11 12 14 1348

11 12 16 1302
7 12 10 2031
11 12 10 1244
11 2 24 1520
5 12 25 2378
11 12 27 1195
11 3 29 1742
11 12 31 1340
10 12 16 1299
11 12 24 1254
5 1 31 3601
11 12 8 1321
11 12 32 1214
11 12 19 1223
11 12 9 1402
11 12 15 1335
11 12 16 1302
11 12 18 1361
9 12 24 1348
11 10 32 1302
11 10 24 1289
11 12 16 1302
11 8 8 1453
11 5 17 1450
11 12 10 1244
11 12 6 1350
11 12 26 1221
11 14 10 1244
11 12 41 1158
11 12 17 1281

11 12 8 1321
11 12 29 1197
11 12 7 1356
11 10 9 1482
11 12 8 1321
8 12 5 1702
11 12 7 1356
11 12 19 1223
11 12 7 1356
11 12 9 1402
11 12 38 1172
11 12 9 1402
11 7 9 1432
11 12 8 1321
11 2 6 1512
11 7 8 1516
11 12 7 1356
11 12 8 1321
10 12 3 1455
11 11 8 1405
11 1 10 1400
11 12 8 1321
11 9 1 1524
11 6 7 1558
11 12 7 1356
11 12 5 1321
11 12 22 1243
11 12 7 1356
11 12 41 1158
11 12 8 1321

11 12 16 1302
15 12 28 1271
11 12 13 1384
11 12 24 1254
11 12 18 1361
10 12 30 1243
13 12 10 1356
11 12 28 1255
11 12 23 1179
11 12 17 1281
11 12 26 1221
11 12 21 1335
11 10 28 1327
12 12 20 1313
11 6 2 1482
11 11 32 1283
11 12 8 1321
11 12 23 1179
10 12 38 1288
11 11 25 1349
11 6 22 1455
11 13 20 1325
11 9 30 1367
11 10 17 1387
8 12 20 1611
11 11 30 1307
11 12 21 1335
11 12 8 1321
11 12 41 1158
11 12 28 1255

11 12 9 1402
13 12 13 1277
11 12 15 1335
11 12 22 1243
11 12 29 1197
10 12 20 1415
11 12 9 1402
11 12 10 1244
11 12 15 1335
11 12 11 1235
11 12 14 1348
11 12 17 1281
11 12 18 1361
11 12 17 1281
11 9 21 1361
11 11 19 1411
11 12 11 1235
11 12 20 1325
10 12 45 1291
11 11 13 1357
11 10 7 1409
11 12 17 1281
11 12 18 1361
11 10 16 1341
8 12 19 1523
11 15 18 1361
11 12 18 1361
11 12 19 1223
11 12 41 1158
11 12 21 1335

11 12 23 1179
12 12 15 1387
5 12 60 2265
11 12 1 3601
6 12 18 2148
11 12 15 1335
10 12 4 1454
11 15 10 1244
11 12 17 1281
11 12 19 1223
11 12 21 1335
11 12 19 1223
1 8 17 3483
11 12 17 1281
11 11 12 1335
2 11 19 3483
11 9 6 3601
11 12 18 1361
10 12 59 1320
11 7 18 1419
11 12 6 1350
11 12 16 1302
11 5 17 1450
11 12 8 1321
9 12 7 1401
11 13 16 1302
11 12 17 1281
11 2 13 1479
11 12 41 1158
8 14 17 1629

13 12 0 1651
11 12 24 1254
10 12 1 1441
11 12 0 3601
12 12 6 1343
11 12 3 1445
10 12 0 1441
11 14 3 1445
11 12 0 3601
11 3 9 1524
11 12 9 1402
11 12 1 3601
13 8 1 1753
11 12 1 3601
11 12 0 3601
3 11 2 2635
11 10 0 1507
11 12 2 3601
2 12 5 3442
11 10 0 1507
11 12 9 1402
11 12 0 3601
11 9 1 1524
11 12 0 3601
11 12 1 3601
11 12 2 3601
11 12 0 3601
11 7 3 1503
11 12 41 1158
10 11 -1 1441

11 12 16 1302
11 12 17 1281
10 12 13 1439
11 12 9 1402
11 12 17 1281
11 9 18 1273
10 12 16 1299
11 12 14 1348
11 12 7 1356
2 12 17 3483
11 12 22 1243
11 12 12 1281
12 2 23 1542
11 12 10 1244
11 8 18 1518
9 11 9 1470
11 11 14 1315
11 12 11 1235
9 12 21 1362
11 11 4 1475
11 12 16 1302
11 12 14 1348
11 11 18 1272
11 12 18 1361
11 12 18 1361
3 12 16 2647
11 12 16 1302
11 9 7 1420
11 12 41 1158
10 11 9 1525

11 9 11 1366
11 12 15 1335
11 12 11 1235
11 12 11 1235
11 12 14 1348
11 9 13 1348
10 12 9 1525
11 12 57 1158
11 12 16 1302
10 12 15 1350
11 12 14 1348
12 12 8 1258
10 3 13 1628
11 12 12 1281
11 9 15 1283
9 11 12 1423
11 11 14 1315
11 12 13 1384
11 12 19 1223
11 11 6 1428
11 12 53 1158
11 2 14 1472
11 12 16 1302
11 12 13 1384
11 12 14 1348
11 12 8 1321
11 1 45 1450
12 12 15 1387
11 12 41 1158
11 11 10 1343

11 11 4 1475
11 12 2 3601
11 12 5 1321
11 3 4 1641
11 12 -1 3601
11 9 3 1448
10 1 4 1632
11 12 5 1321
11 12 4 1369
10 12 4 1454
11 12 14 1348
11 12 4 1369
11 15 2 3601
11 9 2 1497
11 11 3 1408
10 11 4 1454
11 11 3 1408
11 12 0 3601
11 12 6 1350
11 12 4 1369
11 2 4 1641
11 7 0 1575
11 12 3 1445
11 12 1 3601
2 12 2 3534
11 12 4 1369
11 6 4 1498
4 12 0 3601
11 12 41 1158
11 11 4 1475

11 11 29 1249
11 12 3 1445
11 12 20 1325
11 8 6 1537
11 12 4 1369
11 12 26 1221
10 7 13 1460
11 12 20 1325
1 12 18 3483
15 12 21 1343
11 12 22 1243
11 12 16 1302
11 11 3 1408
11 9 21 1361
5 11 18 2366
13 12 21 1261
11 1 24 1453
11 12 24 1254
11 12 28 1255
11 12 28 1255
12 4 29 1456
11 13 6 1350
11 12 16 1302
11 12 26 1221
6 12 7 2218
12 12 24 1211
1 12 6 3601
10 12 21 1382
11 12 41 1158
11 11 9 1257

11 12 5 1321
11 12 1 3601
11 12 12 1281
11 11 0 3601
11 12 5 1321
11 12 13 1384
10 11 6 1414
11 12 3 1445
7 12 4 1983
12 12 11 1258
11 12 3 1445
10 12 4 1454
11 10 3 1498
15 12 0 3601
10 12 10 1274
12 12 5 1311
11 14 9 1402
10 12 7 1334
11 12 16 1302
1 5 5 3601
11 8 15 1452
15 12 4 1570
11 12 4 1369
11 12 2 3601
8 12 3 1658
11 12 14 1348
13 12 5 1523
10 12 2 3601
11 12 41 1158
11 11 6 1428

2 12 29 3483
11 12 25 1220
11 12 58 1158
11 14 16 1302
11 12 20 1325
11 12 26 1221
11 2 16 1586
11 12 30 1226
7 12 2 1961
11 12 18 1361
11 12 51 1158
10 14 4 1454
11 11 25 1349
14 12 7 1499
10 12 22 1329
10 12 25 1201
11 11 29 1249
11 12 29 1197
11 12 18 1361
3 7 12 2708
1 12 25 3483
10 12 20 1415
11 12 60 1158
13 12 3 1455
8 12 18 3601
11 12 14 1348
10 12 14 1351
10 12 22 1329
11 12 41 1158
11 11 11 1345

12 12 9 1492
11 12 8 1321
11 14 6 1350
5 3 7 2421
7 5 11 2211
11 12 5 1321
11 14 8 1321
11 12 7 1356
10 12 5 1415
11 12 7 1356
11 12 7 1356
11 11 8 1405
11 12 10 1244
12 12 7 1305
10 12 7 1334
10 12 11 1284
11 11 5 1408
11 12 11 1235
11 12 6 1350
11 13 6 1350
7 12 7 2050
11 12 6 1350
11 12 5 1321
12 12 6 1343
11 12 10 1244
11 12 7 1356
10 12 1 1441
10 12 7 1334
11 12 41 1158
11 11 2 1420

11 12 27 1195
11 12 34 1244
11 13 31 1340
11 12 23 1179
8 12 37 1674
11 12 24 1254
3 12 7 2570
8 15 34 1671
10 12 11 1284
11 12 17 1281
11 12 31 1340
11 11 34 1326
11 12 25 1220
11 12 24 1254
11 12 28 1255
10 12 40 1330
11 11 19 1411
9 12 28 1407
11 12 37 1176
11 12 31 1340
10 15 37 1306
11 12 16 1302
11 12 15 1335
11 12 34 1244
11 2 7 1547
11 12 27 1195
11 8 34 1399
10 12 11 1284
11 12 41 1158
4 11 24 3601

11 12 16 1302
11 12 13 1384
11 12 11 1235
11 12 14 1348
11 12 29 1197
11 15 13 1384
12 12 12 1338
11 14 10 1244
10 12 5 1415
11 12 11 1235
11 7 16 1503
11 11 14 1315
11 1 10 1400
11 12 13 1384
11 12 15 1335
11 12 9 1402
11 11 13 1357
10 12 9 1525
11 12 18 1361
11 12 19 1223
10 14 24 1206
11 12 14 1348
11 12 36 1218
11 12 13 1384
11 8 9 1563
11 12 22 1243
11 10 18 1426
10 12 11 1284
11 12 41 1158
8 12 14 1586

11 12 6 1350
11 12 4 1369
11 4 8 1660
11 12 6 1350
11 12 5 1321
11 15 7 1356
11 12 23 1179
11 13 6 1350
10 12 2 3601
11 12 8 1321
11 8 5 1460
11 11 5 1408
11 5 4 1546
11 12 6 1350
11 12 5 1321
11 12 0 3601
11 12 6 1350
11 12 6 1350
11 12 6 1350
11 12 7 1356
10 12 6 1414
11 12 5 1321
11 12 12 1281
11 12 4 1369
11 11 5 1408
11 12 17 1281
11 12 6 1350
10 10 1 1459
11 12 41 1158
11 3 7 1547

11 12 8 1321
11 7 30 1531
11 6 15 1403
11 12 12 1281
11 12 12 1281
11 12 26 1221
8 12 21 1674
11 12 21 1335
10 12 9 1525
11 12 13 1384
11 10 28 1327
11 11 10 1343
11 11 21 1240
15 12 17 1349
11 12 10 1244
11 12 6 1350
11 12 19 1223
11 12 15 1335
11 12 15 1335
15 12 28 1271
10 12 17 1261
11 12 17 1281
11 12 21 1335
11 12 15 1335
11 11 10 1343
11 12 12 1281
6 12 28 2166
10 2 28 1584
11 12 41 1158
11 11 23 1238

11 12 0 3601
11 13 -2 3601
11 11 22 1267
11 12 0 3601
11 12 0 3601
11 12 9 1402
3 12 -2 3601
11 12 34 1244
10 12 0 1441
11 12 0 3601
11 10 1 1507
11 11 3 1408
11 11 6 1428
11 12 -3 3601
11 12 0 3601
11 12 -2 3601
11 12 3 1445
11 11 0 3601
11 15 6 1350
11 12 10 1244
10 12 -1 1441
11 12 12 1281
11 12 48 1158
11 12 2 3601
11 11 3 1408
11 12 0 3601
10 12 -2 1441
11 11 -4 3601
11 12 41 1158
7 11 -4 2075

11 12 11 1235
11 11 22 1267
11 11 10 1343
11 12 2 3601
11 12 2 3601
11 12 15 1335
7 12 15 1933
1 12 20 3483
10 12 7 1334
11 12 15 1335
11 10 24 1289
11 11 20 1343
11 15 18 1361
8 13 13 1718
9 12 30 1446
11 12 17 1281
11 12 12 1281
11 11 15 1319
11 13 23 1179
11 12 15 1335
10 12 24 1206
11 12 6 1350
11 12 34 1244
11 12 11 1235
11 11 20 1343
11 12 17 1281
10 12 15 1350
11 11 24 1373
11 12 41 1158
11 12 15 1335

11 12 5 1321
11 12 2 3601
11 12 2 3601
11 12 2 3601
11 12 0 3601
11 12 5 1321
9 12 2 1482
12 12 30 1169
11 6 2 1482
11 12 2 3601
11 11 6 1428
11 11 7 1301
11 12 5 1321
9 12 6 1366
9 12 11 1351
11 12 41 1158
1 12 2 3534
11 11 3 1408
11 11 2 1420
11 12 10 1244
10 12 11 1284
11 12 2 3601
11 12 8 1321
11 12 4 1369
11 12 0 3601
11 12 0 3601
10 12 30 1243
11 12 0 3601
11 12 41 1158
11 12 0 3601

11 12 9 1402
11 12 7 1356
11 12 14 1348
1 12 16 3483
4 12 16 3601
11 12 24 1254
10 12 17 1261
11 12 21 1335
11 10 19 1418
11 12 18 1361
11 11 11 1345
11 11 13 1357
11 12 12 1281
10 12 50 1320
11 12 15 1335
11 12 60 1158
7 12 19 1929
11 11 7 1301
11 11 6 1428
11 12 24 1254
10 12 25 1201
11 5 25 1455
11 12 8 1321
11 12 24 1254
11 12 23 1179
11 12 9 1402
10 12 18 1357
11 12 25 1220
11 12 41 1158
10 12 18 1357

11 12 3 1445
11 12 3 1445
11 12 4 1369
7 12 2 1961
5 12 6 2537
11 10 3 1498
11 12 5 1321
11 15 9 1402
11 11 10 1343
11 12 8 1321
11 11 3 1408
11 11 3 1408
4 12 3 2580
10 12 2 3601
11 12 6 1350
11 12 1 3601
11 12 3 1445
11 12 5 1321
11 12 2 3601
11 12 6 1350
11 15 11 1235
11 13 4 1369
11 12 1 3601
2 12 2 3534
15 12 31 1214
11 12 3 1445
10 12 1 1441
11 12 7 1356
11 12 41 1158
10 12 4 1454

7 11 13 1887
11 12 6 1350
11 12 7 1356
11 12 5 1321
7 12 18 3601
11 12 13 1384
11 12 49 1158
11 13 17 1281
11 11 25 1349
11 12 11 1235
11 11 18 1272
11 11 20 1343
10 12 20 1415
10 12 18 1357
11 12 17 1281
11 12 20 1325
11 12 23 1179
11 12 49 1158
11 11 3 1408
11 12 13 1384
11 12 14 1348
11 12 23 1179
11 12 23 1179
11 12 20 1325
10 14 27 1268
11 12 16 1302
10 12 14 1351
11 12 11 1235
11 12 41 1158
10 12 13 1439

7 11 4 1983
11 12 4 1369
11 12 1 3601
11 12 4 1369
11 12 5 1321
11 5 5 1474
11 12 5 1321
15 12 5 1509
11 11 6 1428
11 12 4 1369
11 12 13 1384
11 7 9 1432
10 12 11 1284
11 12 5 1321
11 12 3 1445
11 12 8 1321
14 12 5 1403
11 12 5 1321
11 11 49 1251
11 12 5 1321
11 12 7 1356
11 12 5 1321
11 12 5 1321
11 12 50 1158
10 11 2 3601
11 12 4 1369
2 11 1 3601
11 12 5 1321
11 12 41 1158
10 12 6 1414

9 11 38 1459
11 5 27 1528
7 12 2 1961
11 12 8 1321
11 12 20 1325
11 7 20 1473
11 15 10 1244
11 12 27 1195
11 11 8 1405
11 12 16 1302
11 12 13 1384
11 10 12 1381
11 12 3 1445
11 12 18 1361
11 12 7 1356
14 12 25 1305
10 12 29 1257
11 6 8 1545
11 11 29 1249
11 12 27 1195
11 12 14 1348
11 12 16 1302
11 12 22 1243
11 12 18 1361
10 12 25 1201
11 12 22 1243
11 11 9 1257
11 14 29 1197
11 12 41 1158
11 12 30 1226

9 11 19 1380
11 12 27 1195
9 14 22 1414
11 12 19 1223
11 12 16 1302
11 11 15 1319
11 14 19 1223
11 12 11 1235
11 11 3 1408
11 12 15 1335
11 12 17 1281
11 11 16 1313
11 12 17 1281
11 12 16 1302
11 12 24 1254
11 12 18 1361
10 12 4 1454
11 9 15 1283
11 12 16 1302
11 12 38 1172
11 12 20 1325
11 12 3 1445
11 12 50 1158
10 12 9 1525
10 12 60 1320
10 12 19 1457
11 11 16 1313
11 12 19 1223
11 12 41 1158
11 10 19 1418

10 12 16 1299
11 12 18 1361
9 1 20 1637
11 12 18 1361
11 12 20 1325
13 12 4 1385
11 12 18 1361
11 12 20 1325
11 11 21 1240
14 12 50 1344
11 10 19 1418
11 11 9 1257
11 12 19 1223
11 12 15 1335
11 4 20 3601
11 10 16 1341
5 12 15 2354
11 11 12 1335
11 12 14 1348
11 12 28 1255
11 12 13 1384
11 14 13 1384
11 12 21 1335
11 12 22 1243
10 12 45 1291
6 12 36 2207
14 12 19 1333
11 12 18 1361
11 12 41 1158
11 11 13 1357

11 12 0 3601
11 12 2 3601
11 9 34 1329
11 12 6 1350
11 12 53 1158
11 12 2 3601
11 12 2 3601
11 12 -3 3601
11 11 0 3601
14 12 12 1330
11 10 45 1265
11 12 0 3601
15 12 1 3601
11 12 2 3601
11 2 7 1547
9 10 0 1461
11 12 0 3601
11 7 6 1509
11 12 6 1350
11 12 -2 3601
11 12 3 1445
11 13 4 1369
11 12 4 1369
11 12 1 3601
11 12 -1 3601
10 12 -1 1441
10 12 -1 1441
11 12 3 1445
11 12 41 1158
11 11 0 3601

11 5 15 1583
11 12 22 1243
11 10 20 1404
11 12 7 1356
11 12 9 1402
1 12 4 3601
11 12 9 1402
11 12 22 1243
11 12 9 1402
12 3 12 1544
11 12 14 1348
11 12 24 1254
6 12 20 2122
11 12 17 1281
11 11 8 1405
11 11 9 1257
7 12 24 2027
11 12 16 1302
11 12 8 1321
11 12 24 1254
11 12 6 1350
11 12 8 1321
11 12 18 1361
11 12 5 1321
11 12 22 1243
10 12 42 1298
10 12 13 1439
11 12 10 1244
11 12 41 1158
3 11 20 2592

11 13 8 1321
11 12 2 3601
1 12 7 3601
11 12 1 3601
11 12 3 1445
9 12 2 1482
11 12 1 3601
11 12 2 3601
7 12 2 1961
11 10 43 1265
11 12 3 1445
11 9 7 1420
10 12 13 1439
11 12 1 3601
11 11 3 1408
11 15 2 3601
10 12 54 1320
11 12 2 3601
11 12 1 3601
11 12 9 1402
11 12 2 3601
11 12 1 3601
7 9 5 2059
11 12 2 3601
11 12 2 3601
10 13 30 1243
10 12 0 1441
11 12 2 3601
11 12 41 1158
11 11 7 1301

11 12 19 1223
11 12 2 3601
12 12 19 1381
11 12 17 1281
8 12 8 1567
11 12 26 1221
11 12 10 1244
11 12 26 1221
11 12 15 1335
11 10 22 1324
7 3 26 2084
11 10 4 1392
11 12 10 1244
11 12 22 1243
11 11 22 1267
11 13 5 1321
10 12 21 1382
11 12 19 1223
11 12 5 1321
11 3 23 1661
6 12 24 2143
11 12 3 1445
8 3 15 1879
11 12 26 1221
11 12 17 1281
10 12 24 1206
10 12 8 1302
11 12 14 1348
11 12 41 1158
11 11 20 1343

9 12 12 1423
11 12 4 1369
11 12 4 1369
11 5 3 1702
10 12 3 1455
11 12 60 1158
11 12 4 1369
11 12 6 1350
11 12 9 1402
11 12 4 1369
9 12 2 1482
11 11 3 1408
4 4 4 2349
11 12 4 1369
2 11 3 3537
11 12 4 1369
10 12 5 1415
11 12 9 1402
11 12 4 1369
11 12 9 1402
12 12 4 1464
11 12 2 3601
11 10 1 1507
11 11 6 1428
11 12 3 1445
11 12 32 1214
10 12 4 1454
11 12 22 1243
11 12 41 1158
11 11 2 1420

